[name]
unknown

[dist]
# distance from previous block
# <min> <max>
0	135

[block]
# block no. 0 follows, 33 sequences, length 8
# corresponding to MSA columns:
# 138-145
name=unknown_A
#
# <colnr> <probs for GDERKNQSTAVLIFYWHMCP>
#	G	D	E	R	K	N	Q	S	T	A	V	L	I	F	Y	W	H	M	C	P
0	0.00967	0.00780	0.01052	0.13362	0.01663	0.00763	0.00877	0.01193	0.01368	0.01791	0.03565	0.31703	0.17208	0.01551	0.00772	0.00238	0.00499	0.11391	0.00535	0.08721
1	0.14843	0.01927	0.21537	0.01806	0.11905	0.01382	0.06999	0.02070	0.07519	0.02315	0.01286	0.01488	0.00994	0.00601	0.00574	0.00180	0.00718	0.00500	0.00373	0.20982
2	0.01483	0.30949	0.02410	0.30860	0.02788	0.04762	0.01346	0.01787	0.01349	0.01678	0.01205	0.05702	0.01074	0.00684	0.00555	0.00176	0.00751	0.00540	0.00319	0.09581
3	0.00956	0.00710	0.00824	0.00848	0.00999	0.00662	0.00608	0.06218	0.01463	0.01856	0.04533	0.32950	0.33190	0.01818	0.00975	0.08404	0.00406	0.01435	0.00582	0.00563
4	0.03978	0.01407	0.01501	0.16837	0.04903	0.14772	0.01111	0.02056	0.01541	0.16758	0.05078	0.07622	0.01708	0.06615	0.00840	0.00228	0.00713	0.00705	0.05173	0.06451
5	0.01604	0.08076	0.01452	0.01271	0.04395	0.10666	0.00958	0.01820	0.01522	0.15211	0.05473	0.22822	0.02682	0.01624	0.06998	0.00298	0.00717	0.11115	0.00554	0.00744
6	0.01286	0.01041	0.01526	0.02060	0.28920	0.01029	0.01132	0.04397	0.01483	0.02126	0.06559	0.13916	0.09313	0.07939	0.00914	0.00243	0.00554	0.00935	0.13863	0.00765
7	0.06186	0.06220	0.03332	0.05326	0.01768	0.15877	0.04157	0.12787	0.01776	0.06533	0.04946	0.09398	0.01700	0.00873	0.00607	0.00191	0.00691	0.00701	0.16138	0.00793

[dist]
# distance from previous block
# <min> <max>
9	20

[block]
# block no. 1 follows, 33 sequences, length 26
# corresponding to MSA columns:
# 166-191
name=unknown_B
#
# <colnr> <probs for GDERKNQSTAVLIFYWHMCP>
#	G	D	E	R	K	N	Q	S	T	A	V	L	I	F	Y	W	H	M	C	P
0	0.07854	0.03505	0.11911	0.01232	0.01635	0.19350	0.01102	0.12185	0.01737	0.02461	0.01521	0.01719	0.01177	0.00711	0.00542	0.00176	0.00709	0.00520	0.29163	0.00791
1	0.01112	0.00971	0.01168	0.01341	0.11645	0.00961	0.00862	0.01715	0.18126	0.02081	0.06450	0.08891	0.39462	0.01340	0.00738	0.00221	0.00446	0.01142	0.00586	0.00743
2	0.01636	0.01070	0.01575	0.29874	0.05976	0.01141	0.01263	0.05933	0.01600	0.19201	0.05609	0.12542	0.07782	0.01007	0.00699	0.00219	0.00648	0.00874	0.00532	0.00817
3	0.01601	0.01483	0.02453	0.05933	0.29803	0.01507	0.16242	0.10395	0.07604	0.02487	0.11869	0.02212	0.01875	0.00745	0.00699	0.00207	0.00758	0.00730	0.00454	0.00943
4	0.01456	0.01387	0.02359	0.36022	0.42131	0.01519	0.01934	0.01868	0.01417	0.01940	0.01208	0.01686	0.00969	0.00619	0.00655	0.00206	0.00825	0.00586	0.00311	0.00903
5	0.01579	0.01467	0.02409	0.25320	0.46817	0.01570	0.01904	0.07131	0.01565	0.02161	0.01244	0.01664	0.00999	0.00624	0.00654	0.00203	0.00806	0.00587	0.00341	0.00955
6	0.00885	0.00663	0.00821	0.00799	0.00959	0.00599	0.00592	0.01145	0.01727	0.02358	0.51270	0.11437	0.21360	0.01482	0.00782	0.00216	0.00322	0.01295	0.00689	0.00599
7	0.01320	0.03405	0.73453	0.01876	0.02849	0.01529	0.02432	0.02085	0.01390	0.02085	0.01181	0.01390	0.00834	0.00625	0.00625	0.00208	0.00973	0.00486	0.00278	0.00973
8	0.01789	0.01391	0.01464	0.01101	0.01645	0.08787	0.00878	0.03938	0.01557	0.14464	0.01413	0.01504	0.01079	0.00573	0.00534	0.00126	0.00582	0.00446	0.00466	0.56263
9	0.02954	0.01120	0.01528	0.01171	0.01681	0.00968	0.00968	0.03208	0.01884	0.73213	0.02597	0.02241	0.01630	0.00815	0.00662	0.00204	0.00560	0.00662	0.00815	0.01120
10	0.81514	0.01273	0.00968	0.00866	0.01273	0.01477	0.00713	0.01935	0.01120	0.02954	0.00917	0.01069	0.00713	0.00611	0.00407	0.00204	0.00509	0.00356	0.00407	0.00713
11	0.01055	0.00821	0.01149	0.26313	0.02028	0.00921	0.00890	0.01206	0.01081	0.01416	0.01764	0.03432	0.01873	0.50705	0.02426	0.00494	0.00720	0.00830	0.00362	0.00513
12	0.02081	0.01124	0.01424	0.01231	0.01606	0.01097	0.01032	0.16291	0.01998	0.29735	0.06757	0.03957	0.02494	0.01166	0.00746	0.00233	0.00593	0.23044	0.00699	0.02692
13	0.00957	0.00638	0.00718	0.00718	0.00718	0.00638	0.00399	0.00957	0.00957	0.01276	0.02074	0.04308	0.02393	0.76864	0.03351	0.00638	0.00638	0.00957	0.00399	0.00399
14	0.00912	0.00651	0.00877	0.00914	0.00974	0.00693	0.00634	0.01042	0.01075	0.01484	0.02317	0.21079	0.02545	0.27492	0.33502	0.00730	0.01064	0.01070	0.00430	0.00514
15	0.01251	0.11290	0.16673	0.01113	0.01531	0.01116	0.01087	0.01647	0.04626	0.07401	0.13406	0.14197	0.19689	0.01213	0.00694	0.00212	0.00547	0.01020	0.00532	0.00753
16	0.01618	0.01489	0.02381	0.20036	0.46670	0.01587	0.01851	0.08035	0.05748	0.02254	0.01338	0.01703	0.01069	0.00639	0.00655	0.00203	0.00784	0.00596	0.00368	0.00978
17	0.01048	0.00843	0.01255	0.07736	0.05683	0.00985	0.00964	0.01268	0.01088	0.01544	0.01660	0.02634	0.01598	0.15080	0.47057	0.00810	0.07074	0.00717	0.00348	0.00608
18	0.01320	0.03405	0.73453	0.01876	0.02849	0.01529	0.02432	0.02085	0.01390	0.02085	0.01181	0.01390	0.00834	0.00625	0.00625	0.00208	0.00973	0.00486	0.00278	0.00973
19	0.01001	0.00765	0.01040	0.08051	0.07247	0.00739	0.00794	0.01133	0.01389	0.01798	0.15313	0.07591	0.29609	0.01585	0.01159	0.18191	0.00474	0.01054	0.00504	0.00563
20	0.01668	0.01498	0.06062	0.10951	0.02262	0.04488	0.07231	0.05996	0.01534	0.10343	0.01344	0.01565	0.01026	0.00638	0.00705	0.00167	0.06392	0.00514	0.00421	0.35196
21	0.01285	0.00926	0.01123	0.05492	0.01455	0.00946	0.00853	0.11176	0.07502	0.06372	0.03613	0.31068	0.16136	0.01530	0.00774	0.00242	0.00494	0.07683	0.00615	0.00717
22	0.01441	0.05561	0.01679	0.05076	0.09180	0.01101	0.07056	0.06839	0.01526	0.09553	0.02388	0.32356	0.02471	0.03073	0.00780	0.00229	0.00591	0.01117	0.00523	0.07463
23	0.01564	0.01323	0.01825	0.02335	0.31459	0.05484	0.01328	0.07520	0.01681	0.06533	0.12222	0.15814	0.02436	0.01000	0.00695	0.00205	0.00632	0.00897	0.00498	0.04551
24	0.15694	0.07651	0.16781	0.01651	0.11033	0.07628	0.01367	0.06046	0.01504	0.05687	0.01399	0.07527	0.01205	0.00736	0.00575	0.00187	0.00716	0.00576	0.00403	0.11632
25	0.05366	0.06230	0.10465	0.02244	0.23609	0.06454	0.04696	0.01995	0.06703	0.02028	0.01384	0.01743	0.01153	0.01314	0.11552	0.00328	0.07186	0.00577	0.04105	0.00867

[dist]
# distance from previous block
# <min> <max>
11	43

[block]
# block no. 2 follows, 33 sequences, length 23
# corresponding to MSA columns:
# 237-259
name=unknown_C
#
# <colnr> <probs for GDERKNQSTAVLIFYWHMCP>
#	G	D	E	R	K	N	Q	S	T	A	V	L	I	F	Y	W	H	M	C	P
0	0.03973	0.08107	0.12547	0.01268	0.05526	0.01197	0.01090	0.06068	0.03246	0.02046	0.03422	0.11602	0.26748	0.01188	0.00761	0.00211	0.04685	0.00966	0.00483	0.04864
1	0.01589	0.31584	0.40376	0.01574	0.02334	0.08384	0.01831	0.02090	0.01412	0.01838	0.01065	0.01244	0.00839	0.00606	0.00545	0.00179	0.00889	0.00430	0.00285	0.00905
2	0.18908	0.14143	0.40302	0.01446	0.02159	0.01604	0.01693	0.01960	0.01365	0.02241	0.07396	0.01581	0.01286	0.00677	0.00560	0.00197	0.00771	0.00500	0.00346	0.00865
3	0.01222	0.06422	0.12748	0.01729	0.15437	0.01142	0.05124	0.01614	0.03818	0.01992	0.02819	0.17539	0.14586	0.01110	0.00679	0.00211	0.00602	0.00977	0.09457	0.00772
4	0.01106	0.01231	0.12283	0.01133	0.01297	0.01066	0.00965	0.01279	0.01046	0.01490	0.01665	0.03103	0.01769	0.42188	0.10672	0.00551	0.15450	0.00782	0.00353	0.00572
5	0.01291	0.00943	0.01146	0.01089	0.01282	0.00991	0.00816	0.19536	0.01781	0.02416	0.10107	0.37183	0.03261	0.02103	0.12427	0.00368	0.00685	0.01274	0.00595	0.00708
6	0.01509	0.01126	0.01279	0.01165	0.01344	0.08476	0.00890	0.01770	0.04979	0.12838	0.01826	0.02589	0.01639	0.17244	0.29322	0.00620	0.09542	0.00707	0.00443	0.00692
7	0.01711	0.05633	0.09351	0.10527	0.25517	0.05076	0.01556	0.08097	0.01717	0.09848	0.12570	0.02145	0.01865	0.00764	0.00656	0.00198	0.00726	0.00659	0.00460	0.00925
8	0.01337	0.37621	0.06340	0.08660	0.01781	0.01680	0.01087	0.01568	0.01311	0.01641	0.01935	0.28321	0.02113	0.01117	0.00609	0.00198	0.00621	0.00931	0.00401	0.00729
9	0.01582	0.01831	0.13626	0.03282	0.50746	0.01570	0.01934	0.02260	0.12342	0.02234	0.01453	0.01720	0.01160	0.00640	0.00650	0.00202	0.00772	0.00595	0.00372	0.01032
10	0.01226	0.01554	0.19670	0.01481	0.09192	0.01060	0.01273	0.01730	0.07643	0.05989	0.03393	0.07241	0.24768	0.01557	0.08978	0.00311	0.00738	0.00923	0.00483	0.00792
11	0.01657	0.25832	0.05158	0.13562	0.09852	0.08656	0.16932	0.02099	0.05162	0.01844	0.01192	0.01491	0.00967	0.00621	0.00634	0.00189	0.02420	0.00544	0.00325	0.00861
12	0.01028	0.00623	0.00923	0.00940	0.00989	0.00663	0.00672	0.00985	0.00979	0.01350	0.01659	0.10596	0.01696	0.03269	0.29625	0.41454	0.01003	0.00769	0.00348	0.00429
13	0.01669	0.00993	0.01483	0.15732	0.10478	0.00989	0.01159	0.01939	0.01518	0.23763	0.02607	0.22919	0.03904	0.01202	0.00732	0.00232	0.00598	0.06684	0.00578	0.00820
14	0.01970	0.06202	0.11857	0.04519	0.12089	0.17332	0.07567	0.08291	0.01745	0.13140	0.02907	0.06531	0.01363	0.00774	0.00651	0.00198	0.00850	0.00649	0.00451	0.00914
15	0.01570	0.05920	0.18138	0.02284	0.25397	0.07544	0.01631	0.09581	0.01655	0.02203	0.02018	0.08635	0.08874	0.00871	0.00660	0.00203	0.00765	0.00738	0.00407	0.00905
16	0.01082	0.00850	0.01122	0.16557	0.01782	0.00898	0.00892	0.08193	0.01462	0.01902	0.03192	0.34282	0.13469	0.09991	0.01056	0.00285	0.00543	0.01294	0.00525	0.00624
17	0.01566	0.01698	0.11905	0.06914	0.37454	0.01495	0.01739	0.09311	0.07828	0.02328	0.01660	0.10087	0.01471	0.00811	0.00672	0.00209	0.00739	0.00732	0.00415	0.00967
18	0.15508	0.10626	0.11562	0.01863	0.15180	0.15429	0.01403	0.11016	0.01699	0.02390	0.05141	0.01613	0.02509	0.00699	0.00579	0.00189	0.00787	0.00525	0.00402	0.00879
19	0.13025	0.03746	0.02256	0.02431	0.27562	0.09496	0.09181	0.08055	0.01688	0.14232	0.01427	0.01603	0.01070	0.00651	0.00622	0.00197	0.00782	0.00565	0.00448	0.00963
20	0.01822	0.01828	0.10114	0.01684	0.09565	0.12877	0.01311	0.11683	0.15125	0.08848	0.02100	0.02263	0.06036	0.01296	0.08937	0.00300	0.00868	0.01921	0.00505	0.00917
21	0.05195	0.04391	0.07093	0.01467	0.01954	0.13458	0.09445	0.10031	0.06896	0.13520	0.01633	0.01741	0.01211	0.00825	0.02923	0.00211	0.00787	0.00568	0.07583	0.09068
22	0.32017	0.03032	0.02721	0.05523	0.07652	0.09981	0.01030	0.02202	0.08880	0.09796	0.01985	0.02037	0.09079	0.00789	0.00565	0.00203	0.00633	0.00588	0.00474	0.00815

[dist]
# distance from previous block
# <min> <max>
0	56

[block]
# block no. 3 follows, 33 sequences, length 59
# corresponding to MSA columns:
# 316-374
name=unknown_D
#
# <colnr> <probs for GDERKNQSTAVLIFYWHMCP>
#	G	D	E	R	K	N	Q	S	T	A	V	L	I	F	Y	W	H	M	C	P
0	0.22174	0.09700	0.02144	0.05473	0.30380	0.09103	0.01437	0.08323	0.01561	0.02400	0.01128	0.01381	0.00918	0.00621	0.00560	0.00190	0.00744	0.00487	0.00372	0.00903
1	0.29224	0.01678	0.09004	0.09076	0.03841	0.09114	0.13858	0.01891	0.01354	0.02245	0.01437	0.11717	0.01318	0.00814	0.00608	0.00214	0.00764	0.00691	0.00388	0.00761
2	0.37309	0.01930	0.23492	0.01358	0.01944	0.01443	0.07256	0.02026	0.06411	0.02500	0.01651	0.01777	0.06963	0.00721	0.00557	0.00210	0.00689	0.00549	0.00398	0.00819
3	0.12789	0.01583	0.02292	0.03076	0.48127	0.01652	0.01680	0.16361	0.01781	0.02679	0.01266	0.01542	0.01014	0.00633	0.00620	0.00197	0.00733	0.00556	0.00407	0.01014
4	0.22349	0.01394	0.03121	0.01196	0.01679	0.01404	0.00999	0.16466	0.10319	0.29792	0.01913	0.01799	0.01308	0.00756	0.00593	0.00202	0.00584	0.00571	0.00641	0.02912
5	0.02498	0.01947	0.02050	0.01608	0.02105	0.17343	0.08531	0.32891	0.02383	0.19509	0.01670	0.01670	0.01167	0.00747	0.00658	0.00196	0.00827	0.00592	0.00591	0.01018
6	0.01734	0.09148	0.01583	0.01184	0.01486	0.09668	0.00923	0.25297	0.01945	0.02518	0.05588	0.11477	0.02005	0.14728	0.03968	0.00308	0.00716	0.00809	0.04133	0.00780
7	0.01328	0.01159	0.01878	0.16327	0.34958	0.01211	0.01452	0.01577	0.01291	0.01778	0.01551	0.07650	0.01519	0.15385	0.01341	0.07009	0.00726	0.00749	0.00351	0.00761
8	0.07667	0.01346	0.02101	0.02844	0.44335	0.01323	0.01546	0.02178	0.01563	0.17895	0.05315	0.05870	0.01591	0.00756	0.00653	0.00202	0.00668	0.00686	0.00475	0.00987
9	0.10555	0.01624	0.01558	0.01270	0.01676	0.08901	0.01023	0.39851	0.02400	0.03379	0.08756	0.01948	0.01647	0.00813	0.00610	0.00190	0.00648	0.00615	0.11617	0.00920
10	0.08682	0.01447	0.01567	0.01293	0.01700	0.01578	0.01035	0.37465	0.11898	0.08474	0.05797	0.12204	0.01961	0.00996	0.00671	0.00212	0.00597	0.00807	0.00648	0.00968
11	0.13110	0.02096	0.01662	0.06821	0.02023	0.30291	0.01167	0.10863	0.17772	0.05644	0.01534	0.01597	0.01165	0.00736	0.00601	0.00195	0.00835	0.00531	0.00481	0.00877
12	0.00995	0.00841	0.01188	0.11293	0.01606	0.00973	0.00947	0.01163	0.01227	0.01665	0.02856	0.47147	0.06374	0.01660	0.01089	0.00263	0.16210	0.01401	0.00500	0.00602
13	0.00870	0.00638	0.00817	0.00842	0.00964	0.00584	0.00605	0.01098	0.01616	0.02216	0.41573	0.29871	0.12608	0.01629	0.00799	0.00230	0.00338	0.01448	0.00673	0.00584
14	0.01576	0.01510	0.02576	0.13863	0.63351	0.01550	0.01994	0.01974	0.01474	0.02086	0.01229	0.01647	0.01020	0.00596	0.00653	0.00199	0.00795	0.00586	0.00321	0.01000
15	0.01528	0.11878	0.02563	0.25736	0.41798	0.01676	0.01838	0.01909	0.01420	0.01922	0.01173	0.01589	0.00964	0.00606	0.00622	0.00195	0.00801	0.00554	0.00309	0.00919
16	0.01032	0.00627	0.00704	0.00745	0.00845	0.00610	0.00521	0.01217	0.01276	0.01933	0.02886	0.17683	0.08417	0.19419	0.01285	0.00308	0.00425	0.05938	0.33587	0.00542
17	0.00989	0.00760	0.00869	0.00858	0.01044	0.00713	0.00632	0.08092	0.01658	0.02149	0.17307	0.26693	0.32527	0.01638	0.00784	0.00231	0.00384	0.01417	0.00637	0.00619
18	0.09569	0.12962	0.02155	0.01515	0.01982	0.24508	0.08180	0.11019	0.04915	0.14937	0.01451	0.01511	0.01075	0.00691	0.00594	0.00186	0.00848	0.00521	0.00476	0.00904
19	0.01837	0.02336	0.14645	0.02038	0.11925	0.28343	0.08832	0.02198	0.01573	0.05615	0.01311	0.01621	0.01055	0.01316	0.12139	0.00326	0.01142	0.00552	0.00353	0.00843
20	0.02330	0.15019	0.05898	0.01565	0.01990	0.51998	0.01282	0.02546	0.01756	0.08189	0.01154	0.01273	0.00918	0.00669	0.00574	0.00170	0.01040	0.00437	0.00370	0.00820
21	0.01214	0.01350	0.05610	0.05272	0.07464	0.01184	0.30214	0.01601	0.01509	0.01955	0.03517	0.03631	0.30538	0.01025	0.00756	0.00219	0.00748	0.00994	0.00443	0.00759
22	0.02029	0.17974	0.02065	0.01454	0.01851	0.34137	0.01162	0.02793	0.25929	0.01995	0.01573	0.01600	0.01250	0.00729	0.00584	0.00182	0.00856	0.00520	0.00442	0.00877
23	0.01150	0.00699	0.00907	0.00890	0.01060	0.00632	0.00653	0.01370	0.01620	0.11949	0.32225	0.29496	0.11696	0.01554	0.00783	0.00229	0.00372	0.01374	0.00686	0.00653
24	0.00940	0.00705	0.01058	0.01058	0.01176	0.00823	0.00823	0.01176	0.01058	0.01528	0.01763	0.02586	0.01646	0.04937	0.74255	0.01058	0.01763	0.00705	0.00353	0.00588
25	0.01617	0.09098	0.47409	0.01861	0.04280	0.03313	0.07749	0.09133	0.01613	0.06024	0.01285	0.01460	0.00925	0.00642	0.00626	0.00201	0.00915	0.00521	0.00353	0.00975
26	0.00864	0.00653	0.00801	0.00829	0.00976	0.00591	0.00614	0.01083	0.01584	0.02100	0.30973	0.22685	0.25664	0.01650	0.00802	0.00233	0.00356	0.06310	0.00654	0.00580
27	0.00813	0.00578	0.00761	0.00902	0.00938	0.00542	0.00596	0.00920	0.01238	0.01651	0.03515	0.71174	0.04211	0.07517	0.01023	0.00294	0.00401	0.01805	0.00596	0.00525
28	0.44816	0.09370	0.01374	0.01005	0.01400	0.07810	0.00832	0.10220	0.01485	0.02760	0.01189	0.01347	0.00933	0.00657	0.00463	0.00186	0.00584	0.00429	0.12376	0.00765
29	0.00932	0.00673	0.00880	0.00828	0.00984	0.00621	0.00621	0.01242	0.01863	0.02640	0.72410	0.04918	0.06212	0.01346	0.00776	0.00207	0.00311	0.01191	0.00725	0.00621
30	0.01536	0.08576	0.36980	0.01641	0.02278	0.08979	0.05404	0.05144	0.01485	0.02094	0.01274	0.01523	0.00979	0.00697	0.00733	0.00199	0.07723	0.00515	0.11369	0.00871
31	0.01418	0.19741	0.57969	0.01710	0.02593	0.01767	0.02143	0.02060	0.01378	0.01966	0.01123	0.01316	0.00836	0.00612	0.00581	0.00194	0.00913	0.00457	0.00279	0.00945
32	0.29742	0.01458	0.01455	0.01207	0.01653	0.01624	0.00981	0.22565	0.19171	0.11230	0.01737	0.01694	0.01256	0.00756	0.00575	0.00207	0.00581	0.00556	0.00592	0.00960
33	0.02053	0.50881	0.02780	0.01157	0.01689	0.02098	0.01078	0.02427	0.07914	0.19945	0.01506	0.01487	0.01152	0.00658	0.00506	0.00164	0.00651	0.00467	0.00453	0.00933
34	0.01928	0.43331	0.02695	0.01267	0.01785	0.02275	0.01143	0.19975	0.15175	0.02450	0.01423	0.01458	0.01138	0.00685	0.00531	0.00171	0.00674	0.00489	0.00453	0.00953
35	0.01024	0.00807	0.00951	0.00968	0.01143	0.00787	0.00689	0.01489	0.14681	0.01924	0.03444	0.43874	0.10650	0.05182	0.00884	0.00254	0.00426	0.01411	0.00590	0.08823
36	0.01674	0.19524	0.40481	0.01571	0.02330	0.01749	0.01808	0.05830	0.07571	0.09384	0.01416	0.01503	0.01034	0.00662	0.00589	0.00193	0.00819	0.00502	0.00387	0.00973
37	0.01582	0.02098	0.26563	0.01695	0.05773	0.01596	0.01611	0.02720	0.32431	0.06402	0.01896	0.01928	0.01413	0.00806	0.00805	0.00222	0.08357	0.00625	0.00486	0.00990
38	0.00778	0.00667	0.00667	0.00667	0.00889	0.00556	0.00500	0.00945	0.01501	0.01778	0.06669	0.06336	0.72490	0.01667	0.00778	0.00222	0.00333	0.01389	0.00611	0.00556
39	0.01590	0.01524	0.02601	0.11307	0.65799	0.01554	0.02001	0.01986	0.01480	0.02103	0.01231	0.01642	0.01026	0.00594	0.00652	0.00198	0.00792	0.00586	0.00322	0.01011
40	0.02152	0.01462	0.02109	0.02527	0.33630	0.01465	0.01489	0.18225	0.01963	0.21874	0.01800	0.05329	0.01377	0.00766	0.00665	0.00202	0.00690	0.00669	0.00549	0.01058
41	0.01967	0.01687	0.02256	0.05668	0.02360	0.11508	0.21433	0.12827	0.10594	0.11834	0.01740	0.01882	0.01273	0.00712	0.00665	0.00201	0.00818	0.00653	0.09004	0.00918
42	0.00940	0.00705	0.01058	0.01058	0.01176	0.00823	0.00823	0.01176	0.01058	0.01528	0.01763	0.02586	0.01646	0.04937	0.74255	0.01058	0.01763	0.00705	0.00353	0.00588
43	0.01411	0.01326	0.02236	0.28429	0.41773	0.01424	0.01810	0.01790	0.01411	0.01940	0.01458	0.09303	0.01323	0.00762	0.00673	0.00211	0.00774	0.00717	0.00343	0.00883
44	0.01556	0.01490	0.02540	0.17507	0.59862	0.01545	0.01984	0.01956	0.01464	0.02062	0.01225	0.01653	0.01012	0.00600	0.00653	0.00200	0.00800	0.00586	0.00320	0.00984
45	0.00926	0.00750	0.01039	0.01345	0.12157	0.00701	0.00805	0.01096	0.01355	0.01777	0.03984	0.47932	0.20181	0.01737	0.00796	0.00245	0.00433	0.01555	0.00567	0.00619
46	0.01074	0.00716	0.00858	0.00797	0.01016	0.00629	0.00606	0.01320	0.01716	0.09482	0.38117	0.05231	0.33139	0.01425	0.00765	0.00213	0.00345	0.01219	0.00687	0.00645
47	0.00828	0.00592	0.00794	0.00947	0.00997	0.00557	0.00657	0.00962	0.01286	0.01710	0.03614	0.69395	0.04296	0.02038	0.00847	0.00271	0.00405	0.08650	0.00611	0.00542
48	0.00975	0.01583	0.25944	0.01176	0.01592	0.00886	0.01210	0.01330	0.01376	0.01850	0.03679	0.29689	0.23273	0.01447	0.00747	0.00234	0.00573	0.01249	0.00496	0.00693
49	0.01010	0.00786	0.01030	0.01011	0.01039	0.00905	0.00715	0.01101	0.01055	0.01471	0.02168	0.20794	0.02455	0.33255	0.13600	0.00548	0.15049	0.01065	0.00421	0.00522
50	0.01440	0.01440	0.02016	0.01728	0.01728	0.02016	0.01440	0.01584	0.01008	0.01584	0.00864	0.01440	0.00864	0.01152	0.02160	0.00288	0.75659	0.00576	0.00288	0.00720
51	0.01365	0.01170	0.01365	0.00975	0.01560	0.00878	0.00780	0.01658	0.01365	0.02145	0.01170	0.01365	0.00975	0.00488	0.00488	0.00098	0.00488	0.00390	0.00390	0.80888
52	0.01760	0.77260	0.03450	0.01126	0.01690	0.02605	0.01126	0.01971	0.01338	0.01549	0.00915	0.01056	0.00845	0.00563	0.00422	0.00141	0.00704	0.00352	0.00282	0.00845
53	0.01629	0.01564	0.02672	0.04041	0.72757	0.01564	0.02020	0.02020	0.01499	0.02151	0.01238	0.01629	0.01043	0.00587	0.00652	0.00196	0.00782	0.00587	0.00326	0.01043
54	0.02680	0.02122	0.01729	0.01448	0.01880	0.34757	0.01136	0.09812	0.01999	0.33248	0.01767	0.01689	0.01218	0.00750	0.00630	0.00187	0.00865	0.00546	0.00580	0.00956
55	0.05909	0.01355	0.02154	0.08238	0.44133	0.01354	0.01612	0.02144	0.01572	0.15581	0.07996	0.02026	0.01598	0.00706	0.00653	0.00200	0.00690	0.00644	0.00456	0.00979
56	0.34764	0.01576	0.01402	0.08508	0.01819	0.12695	0.01028	0.07818	0.07885	0.02548	0.01259	0.01458	0.00987	0.00725	0.00661	0.00205	0.07137	0.00482	0.06262	0.00780
57	0.01598	0.01300	0.01545	0.15393	0.02195	0.01492	0.01160	0.07767	0.42955	0.05636	0.02405	0.09795	0.01951	0.00957	0.00684	0.00224	0.00591	0.00814	0.00598	0.00940
58	0.07832	0.01442	0.01779	0.15119	0.09474	0.05345	0.01288	0.15825	0.04404	0.17146	0.01566	0.01731	0.01143	0.00810	0.00798	0.03949	0.04691	0.00573	0.00506	0.04579

[dist]
# distance from previous block
# <min> <max>
12	96

[block]
# block no. 4 follows, 33 sequences, length 53
# corresponding to MSA columns:
# 504-530,533-557,560
name=unknown_E
#
# <colnr> <probs for GDERKNQSTAVLIFYWHMCP>
#	G	D	E	R	K	N	Q	S	T	A	V	L	I	F	Y	W	H	M	C	P
0	0.02269	0.05731	0.01970	0.13194	0.09427	0.30829	0.01355	0.06778	0.01799	0.18254	0.01456	0.01580	0.01068	0.00699	0.00621	0.00188	0.00902	0.00527	0.00457	0.00895
1	0.09997	0.00900	0.00932	0.00865	0.01146	0.00875	0.00666	0.05818	0.07614	0.07985	0.04756	0.11356	0.41874	0.01397	0.00717	0.00221	0.00417	0.01156	0.00614	0.00695
2	0.05236	0.06648	0.29724	0.09793	0.05855	0.07278	0.01681	0.08013	0.01597	0.08057	0.01390	0.01585	0.01021	0.00671	0.00596	0.00195	0.00812	0.00520	0.08426	0.00903
3	0.01683	0.06682	0.14364	0.02780	0.35943	0.11113	0.01804	0.02229	0.08524	0.02058	0.01302	0.01568	0.01056	0.00669	0.00720	0.00199	0.05445	0.00549	0.00349	0.00963
4	0.11208	0.00926	0.04476	0.01039	0.01251	0.00836	0.00822	0.01546	0.05638	0.09541	0.02989	0.44062	0.03240	0.01583	0.00753	0.00251	0.00476	0.08091	0.00594	0.00679
5	0.06578	0.05136	0.06003	0.01242	0.01657	0.01510	0.01046	0.15252	0.30013	0.02773	0.02122	0.08068	0.01732	0.00883	0.00620	0.00202	0.00562	0.00715	0.08066	0.05820
6	0.05530	0.06589	0.17373	0.05966	0.02241	0.08634	0.07527	0.02056	0.01466	0.08182	0.01267	0.01455	0.00964	0.00592	0.00572	0.00164	0.00763	0.00480	0.00380	0.27799
7	0.01510	0.15604	0.51479	0.01853	0.06860	0.01754	0.02090	0.07673	0.01528	0.02168	0.01173	0.01364	0.00872	0.00626	0.00596	0.00195	0.00896	0.00479	0.00313	0.00968
8	0.01696	0.07348	0.41367	0.01862	0.02656	0.01643	0.13058	0.11975	0.01700	0.08488	0.01368	0.01532	0.00971	0.00650	0.00645	0.00204	0.00907	0.00555	0.00388	0.00985
9	0.17277	0.01672	0.12279	0.09585	0.37826	0.01469	0.01716	0.01913	0.01377	0.02227	0.01307	0.06101	0.01136	0.00695	0.00612	0.00206	0.00740	0.00606	0.00350	0.00907
10	0.01648	0.01680	0.02368	0.03018	0.41465	0.09014	0.01748	0.01933	0.01369	0.01904	0.01089	0.01521	0.00962	0.00788	0.01160	0.00224	0.26325	0.00567	0.00314	0.00905
11	0.01930	0.01843	0.12295	0.01882	0.09255	0.08699	0.12083	0.10654	0.06487	0.16349	0.01956	0.09088	0.02736	0.00849	0.00686	0.00210	0.00786	0.00750	0.00514	0.00948
12	0.01255	0.00985	0.01566	0.07733	0.01859	0.00995	0.11733	0.01540	0.01448	0.07687	0.03175	0.11861	0.13832	0.05044	0.01016	0.00274	0.05341	0.21447	0.00525	0.00685
13	0.00957	0.00638	0.00718	0.00718	0.00718	0.00638	0.00399	0.00957	0.00957	0.01276	0.02074	0.04308	0.02393	0.76864	0.03351	0.00638	0.00638	0.00957	0.00399	0.00399
14	0.00809	0.00585	0.00765	0.00896	0.00953	0.00541	0.00605	0.00938	0.01312	0.01745	0.08019	0.67749	0.08662	0.01994	0.00833	0.00261	0.00375	0.01800	0.00618	0.00541
15	0.01450	0.01340	0.02135	0.03078	0.50086	0.01350	0.01610	0.01932	0.08498	0.02116	0.02086	0.13612	0.06020	0.00912	0.00691	0.00211	0.00666	0.00851	0.00422	0.00934
16	0.00807	0.00653	0.00716	0.00732	0.00915	0.00563	0.00537	0.00988	0.01522	0.01902	0.16785	0.16988	0.51239	0.01677	0.00787	0.00227	0.00337	0.01432	0.00630	0.00563
17	0.01554	0.01776	0.03885	0.02775	0.03441	0.01665	0.70366	0.02109	0.01554	0.02109	0.01332	0.01776	0.00999	0.00555	0.00777	0.00222	0.01110	0.00777	0.00333	0.00888
18	0.01610	0.52106	0.27292	0.01382	0.02085	0.02238	0.01571	0.02010	0.01355	0.01731	0.01006	0.01170	0.00841	0.00584	0.00492	0.00164	0.00796	0.00398	0.00280	0.00888
19	0.02772	0.01413	0.01709	0.01310	0.01826	0.01401	0.01082	0.30404	0.02373	0.45326	0.02187	0.01974	0.01424	0.00805	0.00661	0.00201	0.00626	0.00634	0.00752	0.01120
20	0.00943	0.00695	0.01005	0.01005	0.01105	0.00794	0.00757	0.01142	0.01042	0.01489	0.01812	0.02854	0.01762	0.16102	0.63249	0.00993	0.01589	0.00744	0.00360	0.00558
21	0.01952	0.01998	0.26011	0.01468	0.02089	0.01386	0.01492	0.02924	0.25310	0.25132	0.02143	0.02024	0.01487	0.00777	0.00652	0.00212	0.00687	0.00630	0.00583	0.01044
22	0.01556	0.00823	0.01011	0.00877	0.01181	0.00712	0.00688	0.01787	0.01718	0.26315	0.21050	0.04601	0.32459	0.01300	0.00738	0.00212	0.00405	0.01094	0.00708	0.00764
23	0.00842	0.00602	0.00810	0.00963	0.01018	0.00569	0.00681	0.00986	0.01300	0.01725	0.03606	0.65722	0.04266	0.02025	0.00851	0.00273	0.00417	0.12187	0.00610	0.00546
24	0.02332	0.01759	0.01879	0.01480	0.01976	0.01962	0.01210	0.57315	0.16620	0.03873	0.01798	0.01754	0.01295	0.00811	0.00661	0.00203	0.00684	0.00623	0.00661	0.01104
25	0.01760	0.77260	0.03450	0.01126	0.01690	0.02605	0.01126	0.01971	0.01338	0.01549	0.00915	0.01056	0.00845	0.00563	0.00422	0.00141	0.00704	0.00352	0.00282	0.00845
26	0.01570	0.01611	0.09167	0.02388	0.30461	0.01402	0.01511	0.07716	0.11063	0.02419	0.05899	0.01862	0.01468	0.00675	0.00624	0.00180	0.00668	0.00594	0.00434	0.18289
27	0.01558	0.01970	0.15980	0.01575	0.02084	0.11780	0.12001	0.08991	0.12786	0.02275	0.04084	0.02796	0.17391	0.00931	0.00692	0.00209	0.00771	0.00792	0.00480	0.00854
28	0.00855	0.00595	0.00748	0.00849	0.00874	0.00570	0.00539	0.00931	0.01157	0.01543	0.03099	0.51869	0.03686	0.27539	0.01695	0.00394	0.00469	0.01560	0.00539	0.00488
29	0.01243	0.01170	0.01975	0.75282	0.04534	0.01463	0.01828	0.01682	0.01316	0.01682	0.01170	0.01755	0.00878	0.00658	0.00658	0.00219	0.00878	0.00585	0.00293	0.00731
30	0.01420	0.01337	0.02170	0.24167	0.34561	0.01512	0.01711	0.01747	0.01315	0.01838	0.01244	0.01906	0.01102	0.08354	0.01159	0.00261	0.12418	0.00622	0.00318	0.00837
31	0.01494	0.02192	0.21669	0.02545	0.03289	0.01630	0.53000	0.02103	0.01512	0.02103	0.01293	0.01677	0.00957	0.00573	0.00738	0.00219	0.01075	0.00703	0.00319	0.00910
32	0.00940	0.00705	0.01058	0.01058	0.01176	0.00823	0.00823	0.01176	0.01058	0.01528	0.01763	0.02586	0.01646	0.04937	0.74255	0.01058	0.01763	0.00705	0.00353	0.00588
33	0.01716	0.69844	0.10479	0.01202	0.01806	0.02497	0.01258	0.01983	0.01343	0.01603	0.00942	0.01090	0.00844	0.00569	0.00443	0.00148	0.00731	0.00366	0.00281	0.00858
34	0.02177	0.01529	0.01627	0.01284	0.01716	0.01677	0.01049	0.52916	0.02657	0.03716	0.01726	0.01804	0.01265	0.00784	0.00608	0.00186	0.00618	0.00598	0.21074	0.00990
35	0.02447	0.01592	0.01795	0.01417	0.01902	0.01701	0.01176	0.50310	0.02697	0.17572	0.01973	0.02298	0.01488	0.00898	0.00684	0.00209	0.00680	0.07407	0.00684	0.01068
36	0.00825	0.00630	0.00764	0.00852	0.00973	0.00568	0.00617	0.00986	0.01398	0.01786	0.07637	0.41141	0.28991	0.01865	0.00822	0.00252	0.00384	0.08341	0.00616	0.00553
37	0.01365	0.01170	0.01365	0.00975	0.01560	0.00878	0.00780	0.01658	0.01365	0.02145	0.01170	0.01365	0.00975	0.00488	0.00488	0.00098	0.00488	0.00390	0.00390	0.80888
38	0.00957	0.00638	0.00718	0.00718	0.00718	0.00638	0.00399	0.00957	0.00957	0.01276	0.02074	0.04308	0.02393	0.76864	0.03351	0.00638	0.00638	0.00957	0.00399	0.00399
39	0.01760	0.77260	0.03450	0.01126	0.01690	0.02605	0.01126	0.01971	0.01338	0.01549	0.00915	0.01056	0.00845	0.00563	0.00422	0.00141	0.00704	0.00352	0.00282	0.00845
40	0.01407	0.17993	0.59626	0.01728	0.02620	0.01741	0.02174	0.02062	0.01380	0.01979	0.01129	0.01324	0.00836	0.00613	0.00585	0.00195	0.00920	0.00460	0.00279	0.00948
41	0.01921	0.01609	0.01659	0.02903	0.01830	0.08447	0.01130	0.30375	0.20481	0.02936	0.01830	0.01971	0.01421	0.01620	0.15037	0.00372	0.02315	0.00638	0.00558	0.00947
42	0.00782	0.00667	0.00673	0.00671	0.00892	0.00558	0.00503	0.00953	0.01510	0.01801	0.08423	0.06298	0.70722	0.01659	0.00778	0.00222	0.00333	0.01384	0.00614	0.00558
43	0.01365	0.01170	0.01365	0.00975	0.01560	0.00878	0.00780	0.01658	0.01365	0.02145	0.01170	0.01365	0.00975	0.00488	0.00488	0.00098	0.00488	0.00390	0.00390	0.80888
44	0.01897	0.07775	0.01740	0.01357	0.01772	0.06165	0.01087	0.12347	0.47952	0.07188	0.02280	0.02132	0.01699	0.00834	0.00643	0.00209	0.00607	0.00667	0.00625	0.01024
45	0.01685	0.01051	0.01579	0.01824	0.18875	0.00976	0.02575	0.01949	0.01542	0.21871	0.03783	0.23003	0.02481	0.01187	0.00727	0.00223	0.00573	0.07766	0.00580	0.05750
46	0.02122	0.01724	0.12807	0.01512	0.04887	0.01495	0.01311	0.17554	0.22083	0.22485	0.02214	0.02092	0.03034	0.00812	0.00660	0.00209	0.00653	0.00656	0.00631	0.01059
47	0.01830	0.02314	0.32334	0.01960	0.02710	0.01475	0.22037	0.06634	0.01656	0.18195	0.01569	0.01707	0.01079	0.00658	0.00680	0.00211	0.00905	0.00618	0.00439	0.00990
48	0.01298	0.00707	0.00896	0.00888	0.01067	0.00643	0.00650	0.01494	0.01492	0.15959	0.11213	0.36239	0.10487	0.01512	0.00738	0.00227	0.00393	0.01329	0.12096	0.00673
49	0.01564	0.09335	0.34983	0.06060	0.23967	0.08932	0.02044	0.02090	0.01462	0.01989	0.01158	0.01430	0.00902	0.00615	0.00614	0.00195	0.00908	0.00503	0.00300	0.00950
50	0.01597	0.15808	0.35312	0.01572	0.02243	0.09002	0.01713	0.06529	0.10992	0.02138	0.01496	0.06086	0.01230	0.00755	0.00608	0.00198	0.00834	0.00583	0.00382	0.00921
51	0.08839	0.01098	0.01361	0.01054	0.01542	0.00949	0.00860	0.02551	0.01674	0.45354	0.02569	0.02372	0.08532	0.00815	0.00616	0.00183	0.00518	0.00653	0.00672	0.17786
52	0.09750	0.06590	0.22638	0.01606	0.09113	0.01389	0.01457	0.06463	0.01544	0.12467	0.01369	0.01489	0.01009	0.00621	0.00568	0.00175	0.00699	0.00484	0.00424	0.20144

[dist]
# distance from previous block
# <min> <max>
0	1

[block]
# block no. 5 follows, 33 sequences, length 14
# corresponding to MSA columns:
# 562-575
name=unknown_F
#
# <colnr> <probs for GDERKNQSTAVLIFYWHMCP>
#	G	D	E	R	K	N	Q	S	T	A	V	L	I	F	Y	W	H	M	C	P
0	0.02098	0.20125	0.05976	0.05835	0.08548	0.39867	0.01395	0.05483	0.01712	0.01791	0.01057	0.01257	0.00878	0.00645	0.00567	0.00171	0.00988	0.00442	0.00334	0.00833
1	0.00954	0.00650	0.00776	0.00776	0.00796	0.00670	0.00471	0.00994	0.00974	0.01319	0.02022	0.04016	0.02267	0.64682	0.15359	0.00709	0.00829	0.00915	0.00391	0.00431
2	0.00944	0.00691	0.00984	0.00984	0.01076	0.00783	0.00731	0.01128	0.01036	0.01474	0.01831	0.02960	0.01808	0.20551	0.58864	0.00967	0.01519	0.00760	0.00363	0.00547
3	0.05595	0.05199	0.29863	0.01506	0.02152	0.06277	0.01575	0.02688	0.17878	0.18012	0.01811	0.01786	0.01280	0.00730	0.00624	0.00205	0.00758	0.00570	0.00499	0.00991
4	0.01165	0.00788	0.00918	0.00871	0.00985	0.00797	0.00584	0.04574	0.07700	0.05176	0.15450	0.10506	0.03155	0.42045	0.02150	0.00446	0.00544	0.01033	0.00535	0.00578
5	0.00912	0.00632	0.00795	0.00882	0.00923	0.00617	0.00597	0.01010	0.01175	0.01558	0.02942	0.34035	0.03423	0.33872	0.01921	0.00431	0.00529	0.12737	0.00520	0.00489
6	0.20137	0.01454	0.01673	0.28453	0.02732	0.05765	0.01305	0.16110	0.05306	0.08950	0.01392	0.01609	0.01013	0.00702	0.00598	0.00207	0.00733	0.00540	0.00463	0.00859
7	0.01642	0.01230	0.01610	0.01523	0.13636	0.01007	0.01017	0.01945	0.01464	0.12511	0.01390	0.01538	0.01082	0.00552	0.00541	0.00130	0.00548	0.00463	0.00441	0.55732
8	0.01219	0.00743	0.00991	0.00907	0.01112	0.00702	0.00698	0.01499	0.01708	0.12691	0.46201	0.04220	0.08866	0.01897	0.13204	0.00352	0.00594	0.01044	0.00668	0.00684
9	0.00957	0.00638	0.00718	0.00718	0.00718	0.00638	0.00399	0.00957	0.00957	0.01276	0.02074	0.04308	0.02393	0.76864	0.03351	0.00638	0.00638	0.00957	0.00399	0.00399
10	0.01549	0.14696	0.14979	0.06714	0.28591	0.01784	0.11714	0.01978	0.01406	0.01954	0.01150	0.01502	0.00942	0.00640	0.00764	0.00202	0.07645	0.00556	0.00306	0.00929
11	0.01353	0.01123	0.01619	0.39386	0.03008	0.01300	0.01361	0.14558	0.01638	0.02151	0.01971	0.23680	0.01946	0.01096	0.00712	0.00229	0.00703	0.00965	0.00456	0.00747
12	0.02459	0.03138	0.01866	0.01696	0.02035	0.74221	0.01272	0.02629	0.01866	0.01611	0.01018	0.01187	0.00848	0.00678	0.00594	0.00170	0.01187	0.00424	0.00339	0.00763
13	0.16259	0.01146	0.01433	0.01120	0.01612	0.01054	0.00924	0.02993	0.01755	0.61314	0.02313	0.02042	0.01474	0.00780	0.00619	0.00204	0.00552	0.00610	0.00746	0.01051

[dist]
# distance from previous block
# <min> <max>
0	12

[block]
# block no. 6 follows, 33 sequences, length 108
# corresponding to MSA columns:
# 588-649,658-671,683-714
name=unknown_G
#
# <colnr> <probs for GDERKNQSTAVLIFYWHMCP>
#	G	D	E	R	K	N	Q	S	T	A	V	L	I	F	Y	W	H	M	C	P
0	0.01456	0.01387	0.02359	0.36046	0.42108	0.01519	0.01934	0.01868	0.01417	0.01940	0.01208	0.01686	0.00969	0.00619	0.00655	0.00206	0.00825	0.00586	0.00311	0.00903
1	0.01144	0.00572	0.00858	0.00858	0.00858	0.00572	0.00572	0.00858	0.00858	0.01144	0.01144	0.02001	0.01144	0.02287	0.02573	0.80846	0.00572	0.00572	0.00286	0.00286
2	0.02503	0.01844	0.01976	0.01515	0.02042	0.02042	0.01251	0.70562	0.03095	0.04149	0.01581	0.01581	0.01120	0.00790	0.00659	0.00198	0.00724	0.00593	0.00659	0.01120
3	0.02162	0.01464	0.01678	0.06119	0.09405	0.08697	0.01162	0.15562	0.06753	0.25247	0.05005	0.05051	0.06940	0.00897	0.00673	0.00204	0.00663	0.00736	0.00616	0.00964
4	0.01412	0.01296	0.01900	0.24735	0.24125	0.01432	0.01516	0.02187	0.20331	0.02125	0.02254	0.02453	0.09783	0.00820	0.00674	0.00214	0.00687	0.00724	0.00442	0.00889
5	0.01511	0.01474	0.02602	0.24278	0.45882	0.01546	0.09228	0.01933	0.01453	0.02012	0.01229	0.01681	0.00991	0.00604	0.00667	0.00205	0.00844	0.00606	0.00317	0.00937
6	0.01365	0.01170	0.01365	0.00975	0.01560	0.00878	0.00780	0.01658	0.01365	0.02145	0.01170	0.01365	0.00975	0.00488	0.00488	0.00098	0.00488	0.00390	0.00390	0.80888
7	0.00932	0.00673	0.00880	0.00828	0.00984	0.00621	0.00621	0.01242	0.01863	0.02640	0.72410	0.04918	0.06212	0.01346	0.00776	0.00207	0.00311	0.01191	0.00725	0.00621
8	0.01365	0.01170	0.01365	0.00975	0.01560	0.00878	0.00780	0.01658	0.01365	0.02145	0.01170	0.01365	0.00975	0.00488	0.00488	0.00098	0.00488	0.00390	0.00390	0.80888
9	0.02106	0.27734	0.02484	0.01618	0.09388	0.09385	0.01249	0.25250	0.02032	0.06255	0.01287	0.01387	0.01007	0.00663	0.00560	0.00169	0.00748	0.00484	0.00454	0.05738
10	0.00805	0.00631	0.00706	0.00759	0.00894	0.00557	0.00528	0.00936	0.01359	0.01691	0.05124	0.30489	0.41354	0.09796	0.01073	0.00282	0.00383	0.01511	0.00589	0.00532
11	0.81514	0.01273	0.00968	0.00866	0.01273	0.01477	0.00713	0.01935	0.01120	0.02954	0.00917	0.01069	0.00713	0.00611	0.00407	0.00204	0.00509	0.00356	0.00407	0.00713
12	0.02082	0.51409	0.02849	0.01237	0.01751	0.15302	0.01127	0.02292	0.01522	0.13263	0.01208	0.01273	0.00974	0.00625	0.00493	0.00156	0.00768	0.00416	0.00379	0.00875
13	0.01746	0.19498	0.34043	0.01541	0.02283	0.01618	0.05243	0.02237	0.01478	0.15467	0.01396	0.01493	0.01008	0.00632	0.00582	0.00183	0.00799	0.00496	0.00393	0.07863
14	0.02035	0.28737	0.02585	0.01560	0.01974	0.30207	0.05969	0.07317	0.01650	0.01810	0.01027	0.01241	0.00879	0.00694	0.00736	0.00179	0.09787	0.00454	0.00336	0.00822
15	0.01825	0.01411	0.01523	0.01333	0.01729	0.01594	0.01047	0.07606	0.60263	0.09999	0.02603	0.02380	0.01916	0.00879	0.00668	0.00220	0.00538	0.00727	0.00684	0.01055
16	0.01884	0.16773	0.03456	0.01316	0.01808	0.16697	0.01103	0.13358	0.08870	0.02291	0.01301	0.01416	0.01046	0.00652	0.00588	0.00157	0.02612	0.00465	0.00426	0.23781
17	0.01237	0.21361	0.01558	0.00944	0.01260	0.01178	0.00824	0.01451	0.01483	0.06020	0.04155	0.04915	0.33403	0.01353	0.00705	0.00218	0.00509	0.16215	0.00533	0.00679
18	0.01726	0.21901	0.11942	0.07773	0.24702	0.04547	0.01649	0.09980	0.05804	0.02194	0.01257	0.01483	0.01010	0.00636	0.00588	0.00185	0.00786	0.00515	0.00365	0.00956
19	0.01689	0.08512	0.26423	0.09621	0.09667	0.15759	0.03244	0.03866	0.03180	0.05264	0.01392	0.05939	0.01148	0.00734	0.00629	0.00199	0.00895	0.00590	0.00361	0.00887
20	0.00908	0.00662	0.00855	0.00828	0.00975	0.00608	0.00613	0.01189	0.01777	0.02485	0.61045	0.12605	0.10103	0.01442	0.00783	0.00214	0.00320	0.01275	0.00706	0.00608
21	0.01650	0.22259	0.11368	0.07729	0.36236	0.06167	0.01772	0.02028	0.01452	0.01916	0.01126	0.01428	0.00941	0.00595	0.00584	0.00182	0.00815	0.00501	0.00307	0.00943
22	0.01526	0.01240	0.01386	0.06838	0.04933	0.11468	0.01010	0.06390	0.01424	0.09013	0.01698	0.02385	0.01499	0.11830	0.33688	0.00632	0.01239	0.00669	0.00419	0.00712
23	0.00957	0.00638	0.00718	0.00718	0.00718	0.00638	0.00399	0.00957	0.00957	0.01276	0.02074	0.04308	0.02393	0.76864	0.03351	0.00638	0.00638	0.00957	0.00399	0.00399
24	0.00940	0.00705	0.01058	0.01058	0.01176	0.00823	0.00823	0.01176	0.01058	0.01528	0.01763	0.02586	0.01646	0.04937	0.74255	0.01058	0.01763	0.00705	0.00353	0.00588
25	0.01656	0.69121	0.03154	0.01078	0.01605	0.02387	0.01060	0.01862	0.01355	0.01573	0.01527	0.01617	0.08458	0.00681	0.00460	0.00149	0.00665	0.00462	0.00317	0.00814
26	0.00957	0.00638	0.00718	0.00718	0.00718	0.00638	0.00399	0.00957	0.00957	0.01276	0.02074	0.04308	0.02393	0.76864	0.03351	0.00638	0.00638	0.00957	0.00399	0.00399
27	0.01144	0.00572	0.00858	0.00858	0.00858	0.00572	0.00572	0.00858	0.00858	0.01144	0.01144	0.02001	0.01144	0.02287	0.02573	0.80846	0.00572	0.00572	0.00286	0.00286
28	0.01027	0.00811	0.01208	0.20969	0.01950	0.00943	0.00973	0.01250	0.01099	0.01498	0.01692	0.02855	0.01652	0.24352	0.34140	0.00712	0.01203	0.00745	0.00350	0.00572
29	0.02099	0.16913	0.16644	0.01627	0.02136	0.46255	0.01480	0.02397	0.01672	0.01695	0.01032	0.01204	0.00845	0.00646	0.00568	0.00172	0.01054	0.00423	0.00316	0.00821
30	0.00957	0.00638	0.00718	0.00718	0.00718	0.00638	0.00399	0.00957	0.00957	0.01276	0.02074	0.04308	0.02393	0.76864	0.03351	0.00638	0.00638	0.00957	0.00399	0.00399
31	0.01472	0.09895	0.14006	0.01724	0.02249	0.08671	0.21027	0.02043	0.08661	0.02065	0.08349	0.02680	0.09715	0.00863	0.00691	0.00208	0.00812	0.03609	0.00431	0.00827
32	0.02346	0.02217	0.01858	0.01548	0.01986	0.26732	0.01224	0.36311	0.13855	0.03051	0.01567	0.01589	0.01172	0.00769	0.00638	0.00192	0.00850	0.00560	0.00551	0.00985
33	0.01276	0.00815	0.01153	0.01275	0.08638	0.00851	0.00802	0.01412	0.12473	0.01514	0.01404	0.02036	0.01274	0.01879	0.02058	0.59110	0.00586	0.00602	0.00353	0.00490
34	0.01243	0.01170	0.01975	0.75282	0.04534	0.01463	0.01828	0.01682	0.01316	0.01682	0.01170	0.01755	0.00878	0.00658	0.00658	0.00219	0.00878	0.00585	0.00293	0.00731
35	0.01652	0.56736	0.02856	0.01130	0.01618	0.02236	0.01059	0.02143	0.12862	0.01862	0.08801	0.01695	0.01605	0.00700	0.00500	0.00161	0.00632	0.00505	0.00392	0.00853
36	0.00957	0.00638	0.00718	0.00718	0.00718	0.00638	0.00399	0.00957	0.00957	0.01276	0.02074	0.04308	0.02393	0.76864	0.03351	0.00638	0.00638	0.00957	0.00399	0.00399
37	0.24961	0.01550	0.01543	0.01233	0.01686	0.01728	0.01013	0.43602	0.02348	0.03627	0.01451	0.01527	0.01064	0.00737	0.00566	0.00195	0.00619	0.00527	0.09073	0.00950
38	0.01224	0.00860	0.01201	0.01104	0.01259	0.00972	0.00874	0.01460	0.01346	0.09422	0.17986	0.03114	0.06775	0.02873	0.33650	0.00599	0.13288	0.00830	0.00491	0.00672
39	0.01733	0.01522	0.02684	0.02056	0.02406	0.01704	0.28944	0.02059	0.01370	0.13491	0.01334	0.01705	0.01043	0.00858	0.01362	0.00248	0.33565	0.00670	0.00392	0.00853
40	0.02180	0.23738	0.02141	0.01344	0.01739	0.33960	0.01088	0.02358	0.01621	0.13250	0.01359	0.01653	0.01139	0.08764	0.00849	0.00217	0.00888	0.00499	0.00407	0.00806
41	0.01527	0.02531	0.45455	0.01549	0.02363	0.01286	0.01813	0.02103	0.01442	0.10571	0.01347	0.01485	0.00967	0.00611	0.00593	0.00178	0.00793	0.00481	0.00372	0.22533
42	0.01113	0.00958	0.01388	0.01289	0.01366	0.01234	0.01035	0.01316	0.01041	0.01548	0.01454	0.02192	0.01377	0.03634	0.49432	0.00793	0.27207	0.00661	0.00330	0.00633
43	0.01644	0.47884	0.02602	0.01143	0.01597	0.10554	0.01023	0.01844	0.01390	0.01641	0.01397	0.13413	0.01432	0.00814	0.00518	0.00160	0.00686	0.00613	0.00354	0.09291
44	0.00861	0.00642	0.00884	0.00953	0.01046	0.00665	0.00693	0.01035	0.01196	0.01623	0.03123	0.36161	0.10391	0.03298	0.33465	0.00614	0.00991	0.01302	0.00496	0.00561
45	0.01718	0.15389	0.41551	0.01702	0.02427	0.22491	0.01887	0.02222	0.01517	0.01862	0.01091	0.01277	0.00840	0.00630	0.00583	0.00186	0.00990	0.00447	0.00296	0.00892
46	0.10023	0.27616	0.32390	0.01647	0.02379	0.01902	0.11554	0.02034	0.01367	0.02002	0.01086	0.01300	0.00848	0.00593	0.00556	0.00187	0.00853	0.00469	0.00301	0.00890
47	0.02814	0.01152	0.01524	0.01189	0.01684	0.01039	0.00975	0.03239	0.09289	0.65726	0.02606	0.02264	0.01670	0.00823	0.00663	0.00206	0.00556	0.00671	0.00799	0.01112
48	0.01341	0.06839	0.70198	0.01841	0.02795	0.01579	0.02372	0.02080	0.01387	0.02060	0.01169	0.01374	0.00834	0.00623	0.00616	0.00205	0.00960	0.00480	0.00278	0.00967
49	0.01642	0.01156	0.01050	0.00930	0.01186	0.08754	0.00723	0.17039	0.01814	0.02743	0.01901	0.02125	0.01472	0.00763	0.00519	0.00165	0.00493	0.00589	0.54195	0.00742
50	0.01243	0.01170	0.01975	0.75282	0.04534	0.01463	0.01828	0.01682	0.01316	0.01682	0.01170	0.01755	0.00878	0.00658	0.00658	0.00219	0.00878	0.00585	0.00293	0.00731
