[name]
unknown

[dist]
# distance from previous block
# <min> <max>
0	5

[block]
# block no. 0 follows, 43 sequences, length 53
# corresponding to MSA columns:
# 5-57
name=unknown_A
#
# <colnr> <probs for GDERKNQSTAVLIFYWHMCP>
#	G	D	E	R	K	N	Q	S	T	A	V	L	I	F	Y	W	H	M	C	P
0	0.01109	0.26682	0.14763	0.01074	0.01434	0.01239	0.01090	0.01401	0.01208	0.01554	0.02016	0.03620	0.04973	0.01014	0.00588	0.00195	0.00580	0.34459	0.00375	0.00626
1	0.01021	0.11138	0.04017	0.39379	0.02350	0.01116	0.01064	0.01247	0.01007	0.01294	0.01220	0.02133	0.01174	0.28192	0.01310	0.00298	0.00653	0.00573	0.00275	0.00538
2	0.01139	0.01078	0.01813	0.50644	0.28193	0.01228	0.01547	0.01485	0.01165	0.01550	0.01192	0.01598	0.03891	0.00568	0.00556	0.00178	0.00693	0.00520	0.00266	0.00697
3	0.00990	0.00807	0.01037	0.04641	0.11634	0.00805	0.00776	0.10722	0.03758	0.01795	0.03249	0.29014	0.26140	0.01233	0.00637	0.00194	0.00415	0.01076	0.00476	0.00600
4	0.01348	0.02533	0.64493	0.01476	0.02227	0.01205	0.01834	0.01917	0.01241	0.14812	0.01199	0.01293	0.00817	0.00554	0.00531	0.00175	0.00759	0.00435	0.00312	0.00840
5	0.01694	0.23165	0.20552	0.01144	0.01663	0.01396	0.01164	0.02223	0.13423	0.25940	0.01518	0.01467	0.01078	0.00599	0.00496	0.00161	0.00584	0.00461	0.00433	0.00838
6	0.01073	0.01021	0.01667	0.66612	0.03432	0.01306	0.01485	0.01402	0.01065	0.01402	0.00943	0.01434	0.00736	0.00621	0.00758	0.00194	0.13498	0.00491	0.00245	0.00614
7	0.01183	0.01124	0.01909	0.47193	0.34754	0.01267	0.01606	0.01535	0.01172	0.01582	0.01009	0.01432	0.00797	0.00528	0.00551	0.00176	0.00704	0.00493	0.00258	0.00726
8	0.01497	0.01356	0.02147	0.03033	0.64083	0.01385	0.01588	0.14383	0.01493	0.02099	0.01091	0.01364	0.00888	0.00523	0.00549	0.00165	0.00650	0.00494	0.00322	0.00888
9	0.01491	0.05941	0.48828	0.01418	0.02067	0.11898	0.01623	0.02007	0.03858	0.13960	0.01201	0.01280	0.00846	0.00564	0.00521	0.00168	0.00764	0.00428	0.00326	0.00811
10	0.00798	0.00568	0.00759	0.00759	0.00813	0.00621	0.00529	0.00905	0.00851	0.01189	0.01603	0.02839	0.01673	0.39142	0.43747	0.00728	0.01050	0.00690	0.00315	0.00422
11	0.01371	0.01316	0.02248	0.03399	0.77081	0.01316	0.01700	0.01700	0.01261	0.01809	0.01042	0.01371	0.00877	0.00493	0.00548	0.00164	0.00658	0.00493	0.00274	0.00877
12	0.01371	0.01316	0.02248	0.03399	0.77081	0.01316	0.01700	0.01700	0.01261	0.01809	0.01042	0.01371	0.00877	0.00493	0.00548	0.00164	0.00658	0.00493	0.00274	0.00877
13	0.01497	0.01712	0.01198	0.01102	0.01363	0.38978	0.00833	0.01928	0.16584	0.01593	0.02589	0.02536	0.24127	0.00861	0.00560	0.00165	0.00666	0.00659	0.00412	0.00636
14	0.00899	0.00551	0.00599	0.00591	0.00639	0.00554	0.00365	0.02434	0.00948	0.01419	0.01755	0.03111	0.01814	0.54982	0.02044	0.00407	0.00455	0.00713	0.25318	0.00402
15	0.01378	0.59297	0.23579	0.01122	0.01691	0.01941	0.01251	0.01685	0.01137	0.01428	0.00832	0.00966	0.00708	0.00488	0.00403	0.00134	0.00655	0.00327	0.00236	0.00741
16	0.01481	0.80869	0.02902	0.00948	0.01421	0.02191	0.00948	0.01658	0.01125	0.01303	0.00770	0.00888	0.00711	0.00474	0.00355	0.00118	0.00592	0.00296	0.00237	0.00711
17	0.01354	0.01129	0.01253	0.00981	0.01409	0.01079	0.00782	0.12126	0.25318	0.02202	0.01438	0.01467	0.01116	0.00555	0.00479	0.00128	0.00447	0.00447	0.00435	0.45855
18	0.01046	0.00984	0.01661	0.79205	0.03814	0.01230	0.01538	0.01415	0.01107	0.01415	0.00984	0.01477	0.00738	0.00554	0.00554	0.00185	0.00738	0.00492	0.00246	0.00615
19	0.01046	0.00984	0.01661	0.79205	0.03814	0.01230	0.01538	0.01415	0.01107	0.01415	0.00984	0.01477	0.00738	0.00554	0.00554	0.00185	0.00738	0.00492	0.00246	0.00615
20	0.01348	0.01293	0.02207	0.08712	0.71947	0.01310	0.01688	0.01680	0.01250	0.01782	0.01038	0.01378	0.00868	0.00498	0.00549	0.00166	0.00664	0.00493	0.00272	0.00859
21	0.01046	0.00984	0.01661	0.79205	0.03814	0.01230	0.01538	0.01415	0.01107	0.01415	0.00984	0.01477	0.00738	0.00554	0.00554	0.00185	0.00738	0.00492	0.00246	0.00615
22	0.01111	0.02865	0.77667	0.01579	0.02397	0.01286	0.02046	0.01754	0.01169	0.01754	0.00994	0.01169	0.00702	0.00526	0.00526	0.00175	0.00818	0.00409	0.00234	0.00818
23	0.01421	0.68236	0.15011	0.01050	0.01579	0.02045	0.01126	0.01674	0.01132	0.01376	0.00806	0.00934	0.00709	0.00482	0.00383	0.00128	0.00629	0.00314	0.00236	0.00728
24	0.00773	0.00662	0.01051	0.00981	0.01131	0.00607	0.12570	0.00938	0.01142	0.01489	0.03269	0.51933	0.18362	0.01461	0.00687	0.00211	0.00412	0.01341	0.00476	0.00502
25	0.01140	0.01197	0.02459	0.01810	0.02233	0.01120	0.51225	0.01541	0.01391	0.01917	0.25324	0.02339	0.02243	0.00680	0.00653	0.00183	0.00719	0.00765	0.00386	0.00675
26	0.01567	0.00842	0.01061	0.00903	0.01170	0.00805	0.00708	0.13625	0.01655	0.28259	0.26059	0.16018	0.02930	0.01006	0.00613	0.00181	0.00401	0.00865	0.00610	0.00723
27	0.01307	0.01494	0.03268	0.02334	0.02894	0.01401	0.75070	0.01774	0.01307	0.01774	0.01120	0.01494	0.00840	0.00467	0.00654	0.00187	0.00934	0.00654	0.00280	0.00747
28	0.00655	0.00561	0.00561	0.00561	0.00748	0.00468	0.00421	0.00795	0.01262	0.01496	0.05610	0.05330	0.76857	0.01403	0.00655	0.00187	0.00281	0.01169	0.00514	0.00468
29	0.01046	0.00984	0.01661	0.79205	0.03814	0.01230	0.01538	0.01415	0.01107	0.01415	0.00984	0.01477	0.00738	0.00554	0.00554	0.00185	0.00738	0.00492	0.00246	0.00615
30	0.01371	0.01316	0.02248	0.03399	0.77081	0.01316	0.01700	0.01700	0.01261	0.01809	0.01042	0.01371	0.00877	0.00493	0.00548	0.00164	0.00658	0.00493	0.00274	0.00877
31	0.01319	0.01441	0.02920	0.02126	0.02644	0.01397	0.62274	0.01976	0.14204	0.01868	0.01316	0.01593	0.00987	0.00516	0.00638	0.00187	0.00848	0.00649	0.00329	0.00769
32	0.01202	0.01231	0.02164	0.01660	0.02011	0.01294	0.35545	0.01773	0.15726	0.01789	0.05191	0.02141	0.10432	0.00752	0.00837	0.00196	0.14283	0.00697	0.00372	0.00704
33	0.01046	0.00984	0.01661	0.79205	0.03814	0.01230	0.01538	0.01415	0.01107	0.01415	0.00984	0.01477	0.00738	0.00554	0.00554	0.00185	0.00738	0.00492	0.00246	0.00615
34	0.01299	0.42465	0.39712	0.01258	0.01902	0.01746	0.01489	0.01705	0.01147	0.01525	0.00880	0.01027	0.00706	0.00500	0.00439	0.00146	0.00704	0.00352	0.00235	0.00764
35	0.01137	0.01287	0.14038	0.12328	0.08857	0.01039	0.20192	0.01529	0.01205	0.01808	0.01434	0.01731	0.03376	0.00577	0.00524	0.00164	0.00626	0.00549	0.26929	0.00669
36	0.01541	0.01835	0.02540	0.01937	0.02365	0.27435	0.44356	0.01875	0.01363	0.01597	0.01032	0.01344	0.00816	0.00670	0.03813	0.00202	0.03758	0.00545	0.00281	0.00696
37	0.00693	0.00490	0.00637	0.00748	0.00776	0.00462	0.00489	0.00776	0.01025	0.01367	0.02871	0.69563	0.03434	0.12659	0.01000	0.00268	0.00351	0.01468	0.00489	0.00434
38	0.01479	0.01780	0.26389	0.01640	0.02224	0.01230	0.26874	0.08797	0.01430	0.14966	0.01587	0.01701	0.06032	0.00605	0.00587	0.00179	0.00742	0.00579	0.00377	0.00803
39	0.01561	0.01345	0.01979	0.13229	0.42818	0.01433	0.01470	0.25182	0.01669	0.02292	0.01126	0.01372	0.00879	0.00557	0.00551	0.00168	0.00654	0.00495	0.00360	0.00862
40	0.01229	0.01179	0.01955	0.31104	0.39559	0.01337	0.01572	0.01544	0.01147	0.01598	0.00977	0.01388	0.00805	0.00582	0.00726	0.00183	0.11621	0.00492	0.00259	0.00743
41	0.01046	0.00984	0.01661	0.79205	0.03814	0.01230	0.01538	0.01415	0.01107	0.01415	0.00984	0.01477	0.00738	0.00554	0.00554	0.00185	0.00738	0.00492	0.00246	0.00615
42	0.07773	0.01200	0.01627	0.01246	0.01673	0.04527	0.12866	0.14177	0.01644	0.42136	0.01746	0.04215	0.01209	0.00665	0.00560	0.00174	0.00584	0.00570	0.00551	0.00858
43	0.11963	0.01239	0.14515	0.01239	0.01592	0.00985	0.13037	0.01517	0.01193	0.06931	0.01767	0.08317	0.01661	0.00894	0.00641	0.00198	0.04100	0.18584	0.08984	0.00643
44	0.17937	0.01174	0.04434	0.00916	0.01228	0.10756	0.00756	0.06649	0.01436	0.17761	0.14629	0.05094	0.13345	0.00849	0.00542	0.00172	0.00486	0.00673	0.00493	0.00671
45	0.01002	0.08383	0.06243	0.03204	0.01225	0.00846	0.00828	0.01296	0.06042	0.04280	0.02301	0.22310	0.02457	0.10109	0.00887	0.00246	0.00493	0.24077	0.00443	0.03326
46	0.12582	0.14911	0.05140	0.00951	0.01339	0.06818	0.00828	0.01969	0.01339	0.29776	0.09088	0.01748	0.01463	0.04198	0.00590	0.00172	0.00520	0.00499	0.00468	0.05600
47	0.12589	0.07547	0.13781	0.01187	0.01623	0.24709	0.01076	0.09287	0.01465	0.11423	0.03516	0.01262	0.00954	0.00579	0.00484	0.00152	0.00694	0.00411	0.00372	0.06888
48	0.01310	0.17629	0.07586	0.01187	0.01569	0.18848	0.11139	0.01590	0.03629	0.01519	0.02306	0.02347	0.22749	0.00774	0.00537	0.00159	0.00649	0.00631	0.00347	0.03495
49	0.28031	0.23449	0.01768	0.01142	0.04777	0.09562	0.05454	0.06240	0.01211	0.01899	0.01008	0.06363	0.00909	0.00607	0.00474	0.00157	0.02905	0.00440	0.00322	0.03280
50	0.12918	0.11551	0.05771	0.00989	0.01282	0.06732	0.03246	0.06551	0.06277	0.07839	0.03985	0.14980	0.01687	0.11714	0.00838	0.00224	0.00540	0.01827	0.00412	0.00639
51	0.03592	0.13052	0.30812	0.05310	0.01912	0.03606	0.03782	0.08667	0.06948	0.04609	0.04159	0.01747	0.08173	0.00658	0.00525	0.00168	0.00650	0.00523	0.00351	0.00756
52	0.01315	0.10229	0.23409	0.01178	0.01610	0.03657	0.01187	0.11585	0.06497	0.06534	0.01863	0.12837	0.03979	0.00897	0.00577	0.00186	0.00597	0.10726	0.00414	0.00725

[dist]
# distance from previous block
# <min> <max>
0	105

[block]
# block no. 1 follows, 43 sequences, length 152
# corresponding to MSA columns:
# 165-264,292-331,343-354
name=unknown_B
#
# <colnr> <probs for GDERKNQSTAVLIFYWHMCP>
#	G	D	E	R	K	N	Q	S	T	A	V	L	I	F	Y	W	H	M	C	P
0	0.14334	0.14825	0.01462	0.01014	0.01348	0.04459	0.00852	0.06976	0.19052	0.11001	0.04051	0.02097	0.01471	0.00750	0.00549	0.00175	0.02754	0.09367	0.00455	0.03007
1	0.16253	0.01509	0.07547	0.05206	0.03698	0.11110	0.01017	0.21567	0.04055	0.13523	0.03968	0.01405	0.01056	0.00614	0.00504	0.00163	0.00603	0.00460	0.00443	0.05299
2	0.14037	0.11327	0.12399	0.01075	0.01501	0.01360	0.01011	0.25764	0.01662	0.06428	0.06485	0.01992	0.06781	0.00737	0.00520	0.00170	0.00550	0.05002	0.00442	0.00756
3	0.01812	0.01867	0.04293	0.03517	0.01820	0.33791	0.10269	0.15486	0.01685	0.09011	0.05432	0.01675	0.03484	0.00667	0.00557	0.00164	0.00780	0.02562	0.00400	0.00728
4	0.01544	0.01357	0.01273	0.01095	0.01388	0.22656	0.05263	0.05162	0.03852	0.14731	0.04272	0.12052	0.13086	0.00976	0.02786	0.00188	0.00624	0.00726	0.00452	0.06517
5	0.15116	0.01150	0.01435	0.01175	0.01515	0.01223	0.10452	0.24661	0.08890	0.04902	0.06651	0.08311	0.04252	0.00838	0.00573	0.00185	0.00536	0.06915	0.00484	0.00735
6	0.01968	0.04907	0.01883	0.01507	0.05844	0.16959	0.09555	0.40342	0.02047	0.07738	0.01231	0.01305	0.00901	0.00608	0.00546	0.00162	0.00717	0.00484	0.00450	0.00847
7	0.14925	0.06875	0.10240	0.01309	0.05624	0.26687	0.01074	0.13214	0.01497	0.06341	0.01052	0.01228	0.00831	0.03787	0.00574	0.00170	0.00718	0.00408	0.00353	0.03094
8	0.01695	0.03651	0.01381	0.01175	0.01476	0.24417	0.00911	0.12055	0.26095	0.08119	0.01639	0.04843	0.01321	0.03762	0.04778	0.00220	0.00691	0.00557	0.00456	0.00759
9	0.01144	0.04209	0.01034	0.00928	0.01111	0.12766	0.00713	0.05865	0.04087	0.04210	0.18505	0.21400	0.08526	0.01318	0.04634	0.00224	0.00526	0.07736	0.00486	0.00577
10	0.00952	0.01293	0.26006	0.01006	0.01291	0.00791	0.00999	0.01120	0.00913	0.01296	0.01215	0.01989	0.01158	0.17855	0.13862	0.26194	0.00763	0.00541	0.00267	0.00490
11	0.14590	0.01095	0.01312	0.01404	0.12679	0.01186	0.01004	0.19390	0.10643	0.02334	0.01837	0.02973	0.01707	0.00910	0.00590	0.00199	0.00534	0.24420	0.00465	0.00728
12	0.05349	0.00713	0.00835	0.00761	0.00976	0.00634	0.00553	0.01127	0.03819	0.01690	0.11528	0.27931	0.04926	0.10172	0.00824	0.00205	0.00374	0.00914	0.00441	0.26227
13	0.01504	0.01901	0.27759	0.02111	0.26750	0.01401	0.04581	0.21074	0.01594	0.04364	0.01137	0.01311	0.00847	0.00554	0.00547	0.00170	0.00706	0.00474	0.00346	0.00871
14	0.01590	0.01321	0.08917	0.04774	0.26466	0.01280	0.01356	0.01862	0.01221	0.21925	0.01255	0.01450	0.00947	0.00680	0.00896	0.00189	0.22195	0.00500	0.00371	0.00806
15	0.00665	0.00521	0.00603	0.00669	0.00776	0.00458	0.00469	0.00783	0.01159	0.01454	0.04299	0.43692	0.39341	0.01573	0.00681	0.00206	0.00301	0.01377	0.00514	0.00458
16	0.01422	0.01049	0.04312	0.00964	0.03689	0.00786	0.00774	0.01676	0.01242	0.17691	0.01295	0.03448	0.01010	0.00511	0.00458	0.00111	0.00445	0.00418	0.00403	0.58296
17	0.04279	0.01369	0.08378	0.01247	0.01698	0.01234	0.09466	0.20683	0.09365	0.09377	0.01388	0.04110	0.01072	0.00625	0.00580	0.00158	0.03785	0.00517	0.00434	0.20237
18	0.00770	0.00567	0.00786	0.00866	0.00931	0.00591	0.00650	0.00920	0.01047	0.01417	0.02528	0.41051	0.02866	0.05410	0.19001	0.00400	0.03361	0.15918	0.00446	0.00473
19	0.01663	0.00846	0.01100	0.00947	0.01236	0.00798	0.00778	0.09851	0.01628	0.33777	0.22228	0.03317	0.02727	0.00975	0.00625	0.00189	0.00438	0.15519	0.00615	0.00742
20	0.01391	0.01246	0.01524	0.05389	0.01683	0.12848	0.15573	0.05853	0.07888	0.11010	0.02788	0.02765	0.25936	0.00857	0.00600	0.00177	0.00601	0.00746	0.00446	0.00678
21	0.64551	0.00991	0.00879	0.00880	0.03697	0.01122	0.00697	0.01532	0.01021	0.02293	0.01221	0.02007	0.01137	0.00721	0.00436	0.00188	0.00453	0.15208	0.00374	0.00591
22	0.00706	0.00529	0.00655	0.00696	0.00798	0.00478	0.00494	0.00867	0.01276	0.01699	0.27901	0.37016	0.21950	0.01456	0.00677	0.00199	0.00292	0.01288	0.00546	0.00478
23	0.01187	0.01033	0.01601	0.43421	0.14285	0.01184	0.01381	0.09869	0.01335	0.01761	0.01412	0.02373	0.01260	0.00747	0.00594	0.00193	0.00667	0.14687	0.00337	0.00672
24	0.02083	0.01540	0.01650	0.01270	0.01709	0.01707	0.01047	0.73017	0.04858	0.03454	0.01358	0.01352	0.00965	0.00667	0.00554	0.00167	0.00604	0.00503	0.00554	0.00940
25	0.14587	0.13156	0.06765	0.01269	0.01712	0.09711	0.07974	0.29490	0.06173	0.02448	0.01125	0.01213	0.00851	0.00581	0.00495	0.00161	0.00654	0.00440	0.00401	0.00794
26	0.01349	0.40535	0.34432	0.01296	0.01909	0.05843	0.04407	0.01733	0.01175	0.01515	0.00883	0.01037	0.00712	0.00501	0.00447	0.00147	0.00723	0.00362	0.00240	0.00754
27	0.00867	0.00662	0.00885	0.00818	0.00977	0.00670	0.00613	0.01035	0.00926	0.01349	0.01434	0.02259	0.01396	0.18812	0.47197	0.00654	0.01073	0.00582	0.00311	0.17480
28	0.01339	0.01678	0.15072	0.01332	0.01718	0.17939	0.12541	0.08107	0.03951	0.01994	0.25958	0.02200	0.02265	0.00745	0.00585	0.00169	0.00662	0.00645	0.00414	0.00684
29	0.01326	0.01305	0.05685	0.01485	0.07803	0.01322	0.12152	0.04520	0.47806	0.02144	0.02110	0.02067	0.06306	0.00715	0.00580	0.00184	0.00546	0.00640	0.00476	0.00829
30	0.01257	0.01602	0.11661	0.02160	0.02727	0.01341	0.62717	0.01733	0.01305	0.01796	0.05148	0.01598	0.01059	0.00509	0.00639	0.00185	0.00885	0.00644	0.00292	0.00743
31	0.00722	0.00502	0.00629	0.00711	0.00731	0.00481	0.00449	0.00784	0.00968	0.01290	0.02578	0.52398	0.03064	0.30328	0.01473	0.00338	0.00400	0.01295	0.00449	0.00408
32	0.01578	0.02275	0.28039	0.01556	0.07869	0.29316	0.01416	0.06271	0.03339	0.04800	0.01281	0.01578	0.02999	0.00640	0.00539	0.00167	0.00804	0.04464	0.00324	0.00746
33	0.01962	0.01026	0.01198	0.00952	0.01303	0.01029	0.00775	0.26146	0.01804	0.32482	0.01800	0.01752	0.01243	0.00668	0.00509	0.00158	0.00458	0.00527	0.23383	0.00825
34	0.01378	0.01190	0.01252	0.01127	0.01440	0.01378	0.00877	0.02943	0.76081	0.02317	0.02254	0.02066	0.01691	0.00751	0.00564	0.00188	0.00438	0.00626	0.00564	0.00877
35	0.01223	0.01580	0.17671	0.22172	0.29429	0.01304	0.15302	0.01652	0.01212	0.01691	0.01032	0.01379	0.00799	0.00511	0.00565	0.00176	0.00762	0.00506	0.00260	0.00774
36	0.14354	0.01692	0.26689	0.01461	0.01902	0.01276	0.15432	0.01542	0.01072	0.01739	0.01089	0.05507	0.00936	0.00983	0.07768	0.00256	0.14807	0.00531	0.00282	0.00683
37	0.00742	0.00510	0.00623	0.00686	0.00701	0.00494	0.00423	0.00789	0.00930	0.01240	0.02382	0.40938	0.02818	0.42125	0.01789	0.00385	0.00432	0.01180	0.00423	0.00391
38	0.01046	0.00984	0.01661	0.79205	0.03814	0.01230	0.01538	0.01415	0.01107	0.01415	0.00984	0.01477	0.00738	0.00554	0.00554	0.00185	0.00738	0.00492	0.00246	0.00615
39	0.01233	0.01175	0.01998	0.35647	0.45914	0.01280	0.01631	0.01579	0.01196	0.01642	0.01017	0.01416	0.00818	0.00519	0.00551	0.00173	0.00692	0.00493	0.00262	0.00766
40	0.01043	0.00579	0.00770	0.00806	0.00926	0.00525	0.00571	0.01165	0.01176	0.16930	0.02980	0.61158	0.06175	0.01507	0.00674	0.00212	0.00350	0.01350	0.00549	0.00551
41	0.00675	0.00482	0.00643	0.00771	0.00803	0.00450	0.00514	0.00771	0.01060	0.01414	0.03053	0.80175	0.03663	0.01735	0.00707	0.00225	0.00321	0.01574	0.00514	0.00450
42	0.02105	0.01551	0.01662	0.01274	0.01717	0.01717	0.01053	0.75235	0.02604	0.03490	0.01330	0.01330	0.00942	0.00665	0.00554	0.00166	0.00609	0.00499	0.00554	0.00942
43	0.00720	0.00614	0.00750	0.13093	0.01245	0.00586	0.00615	0.00889	0.01202	0.01469	0.04420	0.18055	0.51720	0.01327	0.00648	0.00193	0.00361	0.01134	0.00472	0.00488
44	0.01111	0.02865	0.77667	0.01579	0.02397	0.01286	0.02046	0.01754	0.01169	0.01754	0.00994	0.01169	0.00702	0.00526	0.00526	0.00175	0.00818	0.00409	0.00234	0.00818
45	0.01327	0.01130	0.01580	0.01845	0.26176	0.01240	0.01133	0.16475	0.04480	0.02070	0.10034	0.10676	0.01759	0.04087	0.00874	0.00201	0.13080	0.00692	0.00406	0.00736
46	0.28763	0.25944	0.01783	0.12866	0.05754	0.13782	0.00982	0.01702	0.01140	0.01744	0.00831	0.01024	0.00688	0.00516	0.00414	0.00152	0.00629	0.00347	0.00283	0.00658
47	0.01148	0.00984	0.01148	0.00820	0.01312	0.00738	0.00656	0.01395	0.01148	0.01805	0.00984	0.01148	0.00820	0.00410	0.00410	0.00082	0.00410	0.00328	0.00328	0.83922
48	0.01148	0.00984	0.01148	0.00820	0.01312	0.00738	0.00656	0.01395	0.01148	0.01805	0.00984	0.01148	0.00820	0.00410	0.00410	0.00082	0.00410	0.00328	0.00328	0.83922
49	0.00655	0.00561	0.00561	0.00561	0.00748	0.00468	0.00421	0.00795	0.01262	0.01496	0.05610	0.05330	0.76857	0.01403	0.00655	0.00187	0.00281	0.01169	0.00514	0.00468
50	0.01255	0.01862	0.23226	0.02132	0.02761	0.01370	0.55481	0.01769	0.01270	0.01769	0.01086	0.01407	0.00803	0.00483	0.00619	0.00184	0.00903	0.00588	0.00268	0.00766
51	0.01368	0.02206	0.47537	0.01590	0.02236	0.01264	0.13035	0.01871	0.01229	0.13749	0.01180	0.01337	0.00831	0.00580	0.00662	0.00182	0.07543	0.00477	0.00313	0.00809
52	0.00765	0.00565	0.00714	0.00677	0.00816	0.00515	0.00508	0.01009	0.01523	0.02116	0.66483	0.04310	0.15597	0.01171	0.00653	0.00176	0.00264	0.01026	0.00596	0.00515
53	0.00694	0.00563	0.00616	0.00603	0.00773	0.00485	0.00452	0.00872	0.01357	0.01720	0.27575	0.04962	0.54753	0.01319	0.00654	0.00183	0.00275	0.01117	0.00544	0.00485
54	0.01776	0.19235	0.13334	0.01416	0.04342	0.47911	0.01213	0.02008	0.01404	0.01420	0.00865	0.01014	0.00717	0.00541	0.00475	0.00143	0.00874	0.00356	0.00267	0.00691
55	0.02096	0.01193	0.01388	0.01097	0.01499	0.01232	0.00896	0.29470	0.14746	0.34194	0.01866	0.01718	0.01269	0.00688	0.00550	0.00171	0.00508	0.00546	0.03960	0.00914
56	0.84448	0.01071	0.00814	0.00728	0.01071	0.01242	0.00600	0.01628	0.00943	0.02485	0.00771	0.00900	0.00600	0.00514	0.00343	0.00171	0.00428	0.00300	0.00343	0.00600
57	0.01126	0.00643	0.00845	0.00751	0.00944	0.00580	0.00579	0.01374	0.01561	0.17545	0.59126	0.03719	0.06900	0.01050	0.00634	0.00174	0.00305	0.00917	0.00622	0.00606
58	0.00763	0.00565	0.00712	0.00675	0.00815	0.00514	0.00506	0.01005	0.01519	0.02106	0.65481	0.04327	0.16606	0.01175	0.00653	0.00176	0.00264	0.01028	0.00595	0.00514
59	0.01148	0.00984	0.01148	0.00820	0.01312	0.00738	0.00656	0.01395	0.01148	0.01805	0.00984	0.01148	0.00820	0.00410	0.00410	0.00082	0.00410	0.00328	0.00328	0.83922
60	0.00781	0.00623	0.00881	0.13222	0.01335	0.00665	0.00718	0.00981	0.01109	0.01480	0.11153	0.18812	0.16828	0.02209	0.26175	0.00424	0.00755	0.00936	0.00411	0.00503
61	0.00735	0.00536	0.00596	0.00616	0.00683	0.00500	0.00392	0.00796	0.00996	0.01267	0.03223	0.16346	0.26867	0.42016	0.01772	0.00372	0.00418	0.01047	0.00423	0.00397
62	0.00759	0.00565	0.00706	0.00671	0.00812	0.00512	0.00503	0.00998	0.01510	0.02083	0.63291	0.04363	0.18810	0.01184	0.00653	0.00177	0.00265	0.01033	0.00592	0.00512
63	0.01143	0.04922	0.47645	0.05833	0.07393	0.01326	0.07807	0.01641	0.01134	0.01656	0.01006	0.01286	0.00774	0.00796	0.05710	0.00227	0.08239	0.00455	0.00246	0.00761
64	0.00875	0.00591	0.00661	0.00640	0.00664	0.00600	0.00374	0.04781	0.00901	0.01203	0.01723	0.03502	0.01956	0.76270	0.02698	0.00517	0.00541	0.00789	0.00347	0.00368
65	0.00675	0.00482	0.00643	0.00771	0.00803	0.00450	0.00514	0.00771	0.01060	0.01414	0.03053	0.80175	0.03663	0.01735	0.00707	0.00225	0.00321	0.01574	0.00514	0.00450
66	0.14071	0.01400	0.05883	0.04271	0.30616	0.01397	0.06327	0.17186	0.09505	0.02301	0.01192	0.01366	0.00920	0.00562	0.00526	0.00171	0.00619	0.00486	0.00371	0.00829
67	0.01031	0.13522	0.01544	0.36837	0.02337	0.01168	0.01105	0.01307	0.01042	0.01389	0.01158	0.01644	0.00983	0.01729	0.26072	0.00403	0.00934	0.00496	0.04714	0.00585
68	0.01231	0.27292	0.05783	0.01068	0.03722	0.04499	0.00904	0.07430	0.01152	0.01495	0.01173	0.01687	0.01095	0.10837	0.25072	0.00421	0.03733	0.00486	0.00296	0.00624
69	0.01488	0.71623	0.07688	0.01014	0.01500	0.06199	0.01026	0.01694	0.01152	0.01335	0.00789	0.00913	0.00710	0.00482	0.00374	0.00123	0.00629	0.00307	0.00239	0.00714
70	0.01689	0.01198	0.01929	0.06197	0.26592	0.01245	0.09728	0.04904	0.01345	0.24790	0.01357	0.01520	0.00995	0.00635	0.00765	0.00183	0.13164	0.00530	0.00405	0.00828
71	0.01224	0.01052	0.01183	0.00921	0.01354	0.00948	0.00729	0.01903	0.25769	0.01973	0.01402	0.01450	0.01106	0.00522	0.00461	0.00117	0.00419	0.00426	0.00405	0.56636
72	0.01371	0.28075	0.25508	0.17182	0.02257	0.13810	0.01427	0.01726	0.01206	0.01473	0.00896	0.01113	0.00714	0.00522	0.00471	0.00153	0.00756	0.00381	0.00246	0.00714
73	0.00701	0.00500	0.00672	0.00801	0.00844	0.00472	0.00559	0.00816	0.01086	0.01443	0.03038	0.71428	0.03607	0.01711	0.00714	0.00228	0.00344	0.10067	0.00514	0.00457
74	0.01307	0.01494	0.03268	0.02334	0.02894	0.01401	0.75070	0.01774	0.01307	0.01774	0.01120	0.01494	0.00840	0.00467	0.00654	0.00187	0.00934	0.00654	0.00280	0.00747
75	0.00805	0.00537	0.00604	0.00604	0.00604	0.00537	0.00336	0.00805	0.00805	0.01074	0.01745	0.03624	0.02013	0.80536	0.02819	0.00537	0.00537	0.00805	0.00336	0.00336
76	0.01111	0.02865	0.77667	0.01579	0.02397	0.01286	0.02046	0.01754	0.01169	0.01754	0.00994	0.01169	0.00702	0.00526	0.00526	0.00175	0.00818	0.00409	0.00234	0.00818
77	0.02485	0.00943	0.01285	0.00985	0.01414	0.00814	0.00814	0.02699	0.01585	0.77465	0.02185	0.01885	0.01371	0.00685	0.00557	0.00171	0.00471	0.00557	0.00685	0.00943
78	0.02485	0.00943	0.01285	0.00985	0.01414	0.00814	0.00814	0.02699	0.01585	0.77465	0.02185	0.01885	0.01371	0.00685	0.00557	0.00171	0.00471	0.00557	0.00685	0.00943
79	0.00962	0.00481	0.00722	0.00722	0.00722	0.00481	0.00481	0.00722	0.00722	0.00962	0.00962	0.01684	0.00962	0.01924	0.02165	0.83886	0.00481	0.00481	0.00241	0.00241
80	0.01750	0.00858	0.01101	0.00913	0.01225	0.00808	0.00728	0.02194	0.13415	0.40803	0.26709	0.02654	0.02688	0.00843	0.00590	0.00175	0.00397	0.00714	0.00641	0.00794
81	0.00667	0.00512	0.00611	0.00691	0.00782	0.00457	0.00478	0.00780	0.01138	0.01445	0.04033	0.51484	0.31721	0.01608	0.00687	0.00210	0.00306	0.01419	0.00514	0.00457
82	0.01378	0.01190	0.01252	0.01127	0.01440	0.01378	0.00877	0.02943	0.76081	0.02317	0.02254	0.02066	0.01691	0.00751	0.00564	0.00188	0.00438	0.00626	0.00564	0.00877
83	0.02069	0.02640	0.01569	0.01427	0.01712	0.78313	0.01070	0.02212	0.01569	0.01355	0.00856	0.00999	0.00713	0.00571	0.00499	0.00143	0.00999	0.00357	0.00285	0.00642
84	0.00675	0.00562	0.00589	0.00582	0.00760	0.00476	0.00437	0.00834	0.01310	0.01608	0.16636	0.05145	0.65761	0.01361	0.00654	0.00185	0.00278	0.01143	0.00529	0.00476
85	0.02425	0.01039	0.01345	0.01031	0.01462	0.00958	0.00852	0.14223	0.01747	0.65713	0.02049	0.01797	0.01303	0.00682	0.00556	0.00171	0.00493	0.00548	0.00665	0.00942
86	0.02105	0.01551	0.01662	0.01274	0.01717	0.01717	0.01053	0.75235	0.02604	0.03490	0.01330	0.01330	0.00942	0.00665	0.00554	0.00166	0.00609	0.00499	0.00554	0.00942
87	0.84448	0.01071	0.00814	0.00728	0.01071	0.01242	0.00600	0.01628	0.00943	0.02485	0.00771	0.00900	0.00600	0.00514	0.00343	0.00171	0.00428	0.00300	0.00343	0.00600
88	0.01802	0.01697	0.01472	0.01256	0.01604	0.22097	0.00986	0.26500	0.31980	0.02445	0.01576	0.01538	0.01183	0.00675	0.00543	0.00169	0.00645	0.00512	0.00486	0.00835
89	0.01314	0.01434	0.02884	0.02107	0.02605	0.01409	0.60276	0.01942	0.13168	0.01842	0.01285	0.01573	0.00971	0.00533	0.00687	0.00189	0.04054	0.00642	0.00324	0.00762
90	0.01181	0.02380	0.51954	0.01790	0.02510	0.01325	0.24212	0.01808	0.04232	0.01783	0.01083	0.01304	0.00784	0.00517	0.00566	0.00179	0.00838	0.00492	0.00261	0.00799
91	0.01307	0.01494	0.03268	0.02334	0.02894	0.01401	0.75070	0.01774	0.01307	0.01774	0.01120	0.01494	0.00840	0.00467	0.00654	0.00187	0.00934	0.00654	0.00280	0.00747
92	0.01378	0.01190	0.01252	0.01127	0.01440	0.01378	0.00877	0.02943	0.76081	0.02317	0.02254	0.02066	0.01691	0.00751	0.00564	0.00188	0.00438	0.00626	0.00564	0.00877
93	0.01304	0.01225	0.02181	0.02724	0.49805	0.01206	0.16457	0.01650	0.01255	0.01843	0.01179	0.01506	0.00956	0.00512	0.00544	0.00163	0.00651	0.00530	0.13515	0.00793
94	0.00899	0.00946	0.12976	0.00843	0.01097	0.00653	0.00772	0.01214	0.01493	0.05151	0.58842	0.03623	0.07268	0.01029	0.00629	0.00175	0.00359	0.00896	0.00549	0.00584
95	0.01195	0.00677	0.00885	0.00780	0.00986	0.00624	0.00603	0.01499	0.04605	0.19346	0.56779	0.03540	0.04205	0.01015	0.00628	0.00174	0.00316	0.00885	0.00625	0.00633
96	0.00898	0.00756	0.00803	0.00757	0.00974	0.00757	0.00578	0.01497	0.24398	0.01865	0.15883	0.04133	0.42282	0.01159	0.00626	0.00185	0.00326	0.00975	0.00545	0.00603
97	0.01295	0.40693	0.23885	0.13654	0.02178	0.01729	0.06407	0.01655	0.01147	0.01481	0.00891	0.01103	0.00721	0.00501	0.00456	0.00150	0.00703	0.00384	0.00240	0.00729
98	0.01688	0.02006	0.01626	0.01439	0.01598	0.44304	0.01133	0.01821	0.01249	0.01345	0.00799	0.01093	0.00719	0.00748	0.01084	0.00187	0.35855	0.00414	0.00266	0.00626
99	0.57381	0.01586	0.01062	0.00958	0.01282	0.26565	0.00754	0.01820	0.01149	0.02114	0.00799	0.00932	0.00637	0.00533	0.00394	0.00162	0.00616	0.00319	0.00324	0.00614
100	0.02425	0.01039	0.01345	0.01031	0.01462	0.00958	0.00852	0.14223	0.01747	0.65713	0.02049	0.01797	0.01303	0.00682	0.00556	0.00171	0.00493	0.00548	0.00665	0.00942
101	0.00768	0.00565	0.00718	0.00680	0.00817	0.00516	0.00510	0.01014	0.01529	0.02129	0.67810	0.04287	0.14262	0.01166	0.00653	0.00176	0.00264	0.01023	0.00598	0.00516
102	0.01148	0.00984	0.01148	0.00820	0.01312	0.00738	0.00656	0.01395	0.01148	0.01805	0.00984	0.01148	0.00820	0.00410	0.00410	0.00082	0.00410	0.00328	0.00328	0.83922
103	0.01130	0.01055	0.01637	0.02122	0.36611	0.01153	0.01223	0.01368	0.01147	0.01622	0.05761	0.02176	0.12578	0.01195	0.09977	0.00270	0.17325	0.00632	0.00324	0.00694
104	0.00758	0.00499	0.00615	0.00697	0.00738	0.00478	0.00458	0.00861	0.01024	0.01448	0.02588	0.52150	0.02970	0.17636	0.01087	0.00273	0.00355	0.01249	0.13679	0.00437
105	0.00744	0.00565	0.00685	0.00655	0.00803	0.00506	0.00491	0.00968	0.01473	0.01997	0.54825	0.04505	0.27329	0.01216	0.00654	0.00178	0.00267	0.01053	0.00580	0.00506
106	0.01519	0.01546	0.22437	0.27037	0.06579	0.01164	0.04115	0.04857	0.01328	0.22026	0.01331	0.01491	0.00917	0.00580	0.00550	0.00177	0.00686	0.00493	0.00376	0.00791
107	0.00675	0.00482	0.00643	0.00771	0.00803	0.00450	0.00514	0.00771	0.01060	0.01414	0.03053	0.80175	0.03663	0.01735	0.00707	0.00225	0.00321	0.01574	0.00514	0.00450
108	0.00675	0.00482	0.00643	0.00771	0.00803	0.00450	0.00514	0.00771	0.01060	0.01414	0.03053	0.80175	0.03663	0.01735	0.00707	0.00225	0.00321	0.01574	0.00514	0.00450
109	0.01752	0.07069	0.24735	0.01410	0.01904	0.33224	0.01355	0.18495	0.01655	0.01954	0.00999	0.01119	0.00761	0.00573	0.00511	0.00156	0.00832	0.00401	0.00327	0.00767
110	0.02169	0.01449	0.01599	0.01226	0.01666	0.01565	0.01012	0.63001	0.02432	0.15967	0.01474	0.01423	0.01014	0.00668	0.00555	0.00167	0.00586	0.00508	0.00576	0.00942
111	0.01175	0.01625	0.26311	0.01088	0.01685	0.00958	0.01129	0.04519	0.01215	0.01857	0.01002	0.01163	0.00786	0.00459	0.00454	0.00116	0.00552	0.00362	0.00306	0.53238
112	0.01418	0.01253	0.02039	0.09243	0.52483	0.01286	0.04501	0.01916	0.11432	0.07003	0.01283	0.01514	0.01008	0.00546	0.00556	0.00171	0.00633	0.00522	0.00339	0.00854
113	0.01061	0.06653	0.61436	0.01417	0.02092	0.01202	0.01744	0.01593	0.01150	0.01676	0.01309	0.13706	0.01173	0.00715	0.00546	0.00180	0.00727	0.00588	0.00279	0.00754
114	0.01352	0.53684	0.28958	0.01168	0.01761	0.01876	0.01331	0.01692	0.01141	0.01460	0.00848	0.00986	0.00708	0.00492	0.00415	0.00138	0.00671	0.00336	0.00236	0.00748
115	0.00784	0.00566	0.00740	0.00697	0.00827	0.00523	0.00523	0.01045	0.01568	0.02221	0.76789	0.04137	0.05226	0.01132	0.00653	0.00174	0.00261	0.01002	0.00610	0.00523
116	0.01104	0.00904	0.01443	0.38207	0.14376	0.01016	0.04151	0.01434	0.01158	0.01706	0.01269	0.01654	0.00988	0.00571	0.00502	0.00163	0.00576	0.00507	0.27643	0.00630
117	0.01111	0.02865	0.77667	0.01579	0.02397	0.01286	0.02046	0.01754	0.01169	0.01754	0.00994	0.01169	0.00702	0.00526	0.00526	0.00175	0.00818	0.00409	0.00234	0.00818
118	0.01307	0.01494	0.03268	0.02334	0.02894	0.01401	0.75070	0.01774	0.01307	0.01774	0.01120	0.01494	0.00840	0.00467	0.00654	0.00187	0.00934	0.00654	0.00280	0.00747
119	0.02485	0.00943	0.01285	0.00985	0.01414	0.00814	0.00814	0.02699	0.01585	0.77465	0.02185	0.01885	0.01371	0.00685	0.00557	0.00171	0.00471	0.00557	0.00685	0.00943
120	0.00731	0.00564	0.00667	0.00641	0.00795	0.00500	0.00481	0.00943	0.01443	0.01925	0.47726	0.04624	0.34473	0.01243	0.00654	0.00179	0.00269	0.01070	0.00571	0.00500
121	0.00962	0.00481	0.00722	0.00722	0.00722	0.00481	0.00481	0.00722	0.00722	0.00962	0.00962	0.01684	0.00962	0.01924	0.02165	0.83886	0.00481	0.00481	0.00241	0.00241
122	0.02309	0.00982	0.01280	0.01008	0.01418	0.00904	0.00824	0.02738	0.13420	0.65526	0.02196	0.01914	0.01422	0.00696	0.00558	0.00174	0.00466	0.00568	0.00666	0.00932
123	0.00675	0.00482	0.00643	0.00771	0.00803	0.00450	0.00514	0.00771	0.01060	0.01414	0.03053	0.80175	0.03663	0.01735	0.00707	0.00225	0.00321	0.01574	0.00514	0.00450
124	0.84448	0.01071	0.00814	0.00728	0.01071	0.01242	0.00600	0.01628	0.00943	0.02485	0.00771	0.00900	0.00600	0.00514	0.00343	0.00171	0.00428	0.00300	0.00343	0.00600
125	0.02069	0.02640	0.01569	0.01427	0.01712	0.78313	0.01070	0.02212	0.01569	0.01355	0.00856	0.00999	0.00713	0.00571	0.00499	0.00143	0.00999	0.00357	0.00285	0.00642
126	0.00655	0.00561	0.00561	0.00561	0.00748	0.00468	0.00421	0.00795	0.01262	0.01496	0.05610	0.05330	0.76857	0.01403	0.00655	0.00187	0.00281	0.01169	0.00514	0.00468
127	0.02485	0.00943	0.01285	0.00985	0.01414	0.00814	0.00814	0.02699	0.01585	0.77465	0.02185	0.01885	0.01371	0.00685	0.00557	0.00171	0.00471	0.00557	0.00685	0.00943
128	0.84448	0.01071	0.00814	0.00728	0.01071	0.01242	0.00600	0.01628	0.00943	0.02485	0.00771	0.00900	0.00600	0.00514	0.00343	0.00171	0.00428	0.00300	0.00343	0.00600
129	0.01481	0.80869	0.02902	0.00948	0.01421	0.02191	0.00948	0.01658	0.01125	0.01303	0.00770	0.00888	0.00711	0.00474	0.00355	0.00118	0.00592	0.00296	0.00237	0.00711
130	0.02105	0.01551	0.01662	0.01274	0.01717	0.01717	0.01053	0.75235	0.02604	0.03490	0.01330	0.01330	0.00942	0.00665	0.00554	0.00166	0.00609	0.00499	0.00554	0.00942
131	0.02059	0.00956	0.01242	0.00933	0.01382	0.00790	0.00764	0.02283	0.01446	0.53363	0.01802	0.01650	0.01196	0.00598	0.00510	0.00143	0.00452	0.00484	0.00572	0.27377
132	0.01310	0.02502	0.47846	0.01735	0.02407	0.13551	0.19295	0.01831	0.01266	0.01695	0.01002	0.01220	0.00737	0.00519	0.00552	0.00173	0.00875	0.00459	0.00253	0.00773
133	0.01032	0.00516	0.00516	0.00516	0.00645	0.00516	0.00387	0.01290	0.01161	0.02065	0.01807	0.02065	0.01420	0.00645	0.00387	0.00129	0.00258	0.00516	0.83611	0.00516
134	0.01046	0.00984	0.01661	0.79205	0.03814	0.01230	0.01538	0.01415	0.01107	0.01415	0.00984	0.01477	0.00738	0.00554	0.00554	0.00185	0.00738	0.00492	0.00246	0.00615
135	0.01391	0.51061	0.27396	0.01181	0.01758	0.05960	0.01315	0.01719	0.01163	0.01454	0.00848	0.00987	0.00708	0.00496	0.00419	0.00138	0.00688	0.00337	0.00238	0.00742
136	0.00715	0.00513	0.00693	0.00780	0.00823	0.00513	0.00535	0.00823	0.00995	0.01349	0.02565	0.54701	0.02982	0.10691	0.18146	0.00406	0.00602	0.01275	0.00447	0.00448
137	0.00784	0.00566	0.00740	0.00697	0.00827	0.00523	0.00523	0.01045	0.01568	0.02221	0.76789	0.04137	0.05226	0.01132	0.00653	0.00174	0.00261	0.01002	0.00610	0.00523
138	0.00675	0.00482	0.00643	0.00771	0.00803	0.00450	0.00514	0.00771	0.01060	0.01414	0.03053	0.80175	0.03663	0.01735	0.00707	0.00225	0.00321	0.01574	0.00514	0.00450
139	0.19621	0.01755	0.05714	0.11589	0.06903	0.26596	0.09593	0.05659	0.01356	0.04886	0.00982	0.01182	0.00755	0.00546	0.00500	0.00165	0.00761	0.00423	0.00319	0.00694
140	0.01465	0.01137	0.04630	0.01484	0.01860	0.01037	0.28203	0.01845	0.06158	0.21536	0.01892	0.19514	0.01667	0.00854	0.00677	0.00193	0.03836	0.00820	0.00455	0.00736
141	0.57381	0.01586	0.01062	0.00958	0.01282	0.26565	0.00754	0.01820	0.01149	0.02114	0.00799	0.00932	0.00637	0.00533	0.00394	0.00162	0.00616	0.00319	0.00324	0.00614
142	0.02104	0.01086	0.01327	0.01037	0.01425	0.01067	0.00849	0.26283	0.01917	0.41830	0.13137	0.02042	0.01810	0.00746	0.00570	0.00170	0.00485	0.00605	0.00631	0.00879
143	0.00675	0.00482	0.00643	0.00771	0.00803	0.00450	0.00514	0.00771	0.01060	0.01414	0.03053	0.80175	0.03663	0.01735	0.00707	0.00225	0.00321	0.01574	0.00514	0.00450
144	0.01373	0.01176	0.01554	0.04760	0.21811	0.01101	0.01046	0.13941	0.04115	0.02092	0.01103	0.01285	0.00884	0.00493	0.00483	0.00126	0.00524	0.00418	0.00357	0.41357
145	0.01019	0.00835	0.00996	0.00816	0.01156	0.00670	0.00620	0.03187	0.01159	0.01722	0.01673	0.27119	0.01758	0.00852	0.00512	0.00131	0.00386	0.00742	0.00395	0.54251
146	0.00672	0.00495	0.00630	0.00738	0.00795	0.00453	0.00499	0.00775	0.01092	0.01427	0.03459	0.68284	0.15291	0.01682	0.00699	0.00219	0.00315	0.01510	0.00514	0.00453
147	0.00675	0.00482	0.00643	0.00771	0.00803	0.00450	0.00514	0.00771	0.01060	0.01414	0.03053	0.80175	0.03663	0.01735	0.00707	0.00225	0.00321	0.01574	0.00514	0.00450
148	0.01345	0.01039	0.01707	0.01998	0.30278	0.01060	0.08067	0.01590	0.01162	0.12977	0.01371	0.01885	0.01176	0.11560	0.14878	0.00351	0.05912	0.00576	0.00347	0.00719
149	0.00797	0.00714	0.01151	0.01021	0.01212	0.00650	0.15692	0.00984	0.01177	0.01514	0.03499	0.39533	0.27136	0.01367	0.00679	0.00205	0.00433	0.01253	0.00466	0.00516
150	0.00682	0.00505	0.00640	0.00745	0.00811	0.00463	0.00516	0.00795	0.01109	0.01442	0.03522	0.62448	0.17247	0.01663	0.00700	0.00219	0.00323	0.05201	0.00514	0.00456
151	0.01724	0.01394	0.01474	0.26803	0.02260	0.19498	0.01118	0.09855	0.01514	0.19745	0.05754	0.01620	0.01187	0.00738	0.02761	0.00189	0.00716	0.00509	0.00416	0.00726

[dist]
# distance from previous block
# <min> <max>
1	25

[block]
# block no. 2 follows, 43 sequences, length 289
# corresponding to MSA columns:
# 380-443,448-575,631-646,654-656,659-671,682-703,731-763,778-787
name=unknown_C
#
# <colnr> <probs for GDERKNQSTAVLIFYWHMCP>
#	G	D	E	R	K	N	Q	S	T	A	V	L	I	F	Y	W	H	M	C	P
0	0.01920	0.04118	0.12279	0.01301	0.01793	0.01659	0.01181	0.59983	0.05189	0.03137	0.01302	0.01322	0.00930	0.00643	0.00545	0.00167	0.00631	0.00485	0.00500	0.00915
1	0.13711	0.04055	0.13128	0.01440	0.04049	0.01366	0.11686	0.01677	0.01122	0.10966	0.04650	0.01415	0.01018	0.00706	0.00943	0.00195	0.26334	0.00498	0.00334	0.00706
2	0.01385	0.01310	0.02200	0.06661	0.70948	0.01328	0.01668	0.04519	0.01306	0.01857	0.01050	0.01374	0.00874	0.00503	0.00549	0.00165	0.00660	0.00494	0.00284	0.00868
3	0.01160	0.14183	0.09807	0.26506	0.02190	0.01317	0.01155	0.01754	0.18587	0.01596	0.01364	0.01780	0.01139	0.10505	0.04511	0.00250	0.00664	0.00526	0.00331	0.00674
4	0.01745	0.01372	0.01459	0.01201	0.01580	0.01549	0.00965	0.39421	0.39004	0.02909	0.01788	0.01695	0.01313	0.00708	0.00559	0.00177	0.00525	0.00562	0.00559	0.00910
5	0.00738	0.00543	0.00699	0.00762	0.00860	0.00504	0.00567	0.00913	0.01264	0.01686	0.23391	0.35924	0.14868	0.01488	0.00694	0.00211	0.00331	0.13536	0.00539	0.00482
6	0.00785	0.00680	0.00979	0.01022	0.06920	0.00617	0.07400	0.00963	0.01220	0.01566	0.08558	0.28870	0.35649	0.01337	0.00663	0.00197	0.00382	0.01190	0.00480	0.00523
7	0.01046	0.00984	0.01661	0.79205	0.03814	0.01230	0.01538	0.01415	0.01107	0.01415	0.00984	0.01477	0.00738	0.00554	0.00554	0.00185	0.00738	0.00492	0.00246	0.00615
8	0.01966	0.02424	0.01522	0.01382	0.01672	0.66895	0.01041	0.02320	0.12627	0.01498	0.01064	0.01157	0.00858	0.00598	0.00509	0.00149	0.00916	0.00397	0.00327	0.00677
9	0.02485	0.00943	0.01285	0.00985	0.01414	0.00814	0.00814	0.02699	0.01585	0.77465	0.02185	0.01885	0.01371	0.00685	0.00557	0.00171	0.00471	0.00557	0.00685	0.00943
10	0.01738	0.01109	0.01263	0.01081	0.01432	0.01194	0.00856	0.02863	0.51813	0.26797	0.02232	0.02007	0.01586	0.00730	0.00561	0.00182	0.00449	0.00604	0.00603	0.00898
11	0.00962	0.00481	0.00722	0.00722	0.00722	0.00481	0.00481	0.00722	0.00722	0.00962	0.00962	0.01684	0.00962	0.01924	0.02165	0.83886	0.00481	0.00481	0.00241	0.00241
12	0.01429	0.01178	0.01254	0.01120	0.01439	0.01351	0.00874	0.02932	0.72600	0.05829	0.02251	0.02058	0.01676	0.00748	0.00563	0.00187	0.00440	0.00623	0.00569	0.00880
13	0.00707	0.00524	0.00661	0.00710	0.00802	0.00477	0.00501	0.00866	0.01263	0.01695	0.27923	0.42013	0.16867	0.01478	0.00680	0.00202	0.00294	0.01314	0.00546	0.00477
14	0.02100	0.01713	0.01648	0.01297	0.01717	0.13084	0.01055	0.64398	0.02450	0.03174	0.01259	0.01281	0.00908	0.00651	0.00546	0.00163	0.00667	0.00478	0.00514	0.00897
15	0.02069	0.02640	0.01569	0.01427	0.01712	0.78313	0.01070	0.02212	0.01569	0.01355	0.00856	0.00999	0.00713	0.00571	0.00499	0.00143	0.00999	0.00357	0.00285	0.00642
16	0.00675	0.00482	0.00643	0.00771	0.00803	0.00450	0.00514	0.00771	0.01060	0.01414	0.03053	0.80175	0.03663	0.01735	0.00707	0.00225	0.00321	0.01574	0.00514	0.00450
17	0.01032	0.00516	0.00516	0.00516	0.00645	0.00516	0.00387	0.01290	0.01161	0.02065	0.01807	0.02065	0.01420	0.00645	0.00387	0.00129	0.00258	0.00516	0.83611	0.00516
18	0.01046	0.00984	0.01661	0.79205	0.03814	0.01230	0.01538	0.01415	0.01107	0.01415	0.00984	0.01477	0.00738	0.00554	0.00554	0.00185	0.00738	0.00492	0.00246	0.00615
19	0.84448	0.01071	0.00814	0.00728	0.01071	0.01242	0.00600	0.01628	0.00943	0.02485	0.00771	0.00900	0.00600	0.00514	0.00343	0.00171	0.00428	0.00300	0.00343	0.00600
20	0.01323	0.01267	0.02161	0.14649	0.66209	0.01303	0.01676	0.01657	0.01238	0.01751	0.01033	0.01386	0.00857	0.00502	0.00549	0.00167	0.00670	0.00493	0.00270	0.00838
21	0.01148	0.00984	0.01148	0.00820	0.01312	0.00738	0.00656	0.01395	0.01148	0.01805	0.00984	0.01148	0.00820	0.00410	0.00410	0.00082	0.00410	0.00328	0.00328	0.83922
22	0.01750	0.01211	0.01976	0.02078	0.28628	0.01142	0.13728	0.06615	0.01449	0.26554	0.01441	0.01538	0.01031	0.00555	0.00557	0.00164	0.00620	0.00527	0.00431	0.08005
23	0.01148	0.00984	0.01148	0.00820	0.01312	0.00738	0.00656	0.01395	0.01148	0.01805	0.00984	0.01148	0.00820	0.00410	0.00410	0.00082	0.00410	0.00328	0.00328	0.83922
24	0.01100	0.00958	0.01340	0.01591	0.24681	0.02007	0.00927	0.01334	0.01188	0.01723	0.11530	0.05456	0.01734	0.10088	0.05479	0.00229	0.00551	0.00598	0.00356	0.27132
25	0.00805	0.00537	0.00604	0.00604	0.00604	0.00537	0.00336	0.00805	0.00805	0.01074	0.01745	0.03624	0.02013	0.80536	0.02819	0.00537	0.00537	0.00805	0.00336	0.00336
26	0.01163	0.10384	0.62923	0.01560	0.02300	0.01397	0.06572	0.01731	0.01163	0.01696	0.00971	0.01164	0.00712	0.00533	0.00563	0.00173	0.03546	0.00416	0.00237	0.00796
27	0.00989	0.22069	0.08247	0.00836	0.01110	0.01015	0.00765	0.01127	0.01114	0.01386	0.02728	0.07919	0.25955	0.01197	0.00832	0.14375	0.00468	0.06970	0.00368	0.00528
28	0.00761	0.00565	0.00709	0.00673	0.00813	0.00513	0.00505	0.01001	0.01514	0.02093	0.64265	0.04347	0.17830	0.01180	0.00653	0.00176	0.00265	0.01031	0.00593	0.00513
29	0.01673	0.01476	0.05583	0.09824	0.12668	0.01498	0.12521	0.39956	0.01940	0.02622	0.01266	0.04115	0.00980	0.00630	0.00572	0.00173	0.00679	0.00554	0.00424	0.00846
30	0.01273	0.01203	0.03990	0.01815	0.26099	0.01098	0.03569	0.06112	0.01253	0.01854	0.01085	0.04209	0.00942	0.00556	0.00608	0.00140	0.07317	0.00466	0.00320	0.36092
31	0.02377	0.00978	0.01294	0.00997	0.01414	0.00879	0.00822	0.08849	0.01672	0.67800	0.05402	0.01937	0.01504	0.00703	0.00561	0.00171	0.00474	0.00572	0.00671	0.00924
32	0.00678	0.00511	0.00628	0.00707	0.00790	0.00461	0.00489	0.00800	0.01157	0.01502	0.09770	0.53418	0.23892	0.01595	0.00688	0.00210	0.00305	0.01416	0.00522	0.00461
33	0.01244	0.01047	0.01198	0.00884	0.01356	0.00873	0.00707	0.07295	0.08130	0.01983	0.01128	0.01247	0.00910	0.00461	0.00435	0.00098	0.00428	0.00369	0.00367	0.69839
