[name]
unknown

[dist]
# distance from previous block
# <min> <max>
14	488

[block]
# block no. 0 follows, 51 sequences, length 21
# corresponding to MSA columns:
# 522-542
name=unknown_A
#
# <colnr> <probs for GDERKNQSTAVLIFYWHMCP>
#	G	D	E	R	K	N	Q	S	T	A	V	L	I	F	Y	W	H	M	C	P
0	0.03581	0.00982	0.01049	0.11304	0.02701	0.08493	0.00747	0.14996	0.07631	0.03494	0.04380	0.04654	0.07594	0.14887	0.00878	0.00208	0.03764	0.00574	0.05004	0.03079
1	0.03473	0.03837	0.01008	0.07501	0.05246	0.05553	0.00675	0.09602	0.02315	0.04562	0.04368	0.08044	0.07162	0.19158	0.03420	0.05615	0.00499	0.01980	0.00347	0.05634
2	0.04342	0.00728	0.00931	0.04041	0.05273	0.00719	0.02006	0.05297	0.01069	0.05896	0.06607	0.11384	0.10808	0.16679	0.00957	0.00218	0.04845	0.04719	0.00373	0.13108
3	0.08309	0.03730	0.05427	0.10059	0.07670	0.09761	0.00858	0.09913	0.02397	0.05736	0.01318	0.07842	0.03216	0.14533	0.02281	0.00218	0.03078	0.00540	0.00327	0.02788
4	0.01110	0.00796	0.01046	0.11387	0.05601	0.00841	0.00779	0.13536	0.02706	0.08578	0.01737	0.12394	0.04676	0.12962	0.05186	0.00247	0.02830	0.08696	0.00385	0.04507
5	0.02466	0.09442	0.01254	0.15711	0.04991	0.06126	0.00822	0.10712	0.01170	0.01542	0.03301	0.14200	0.06295	0.05577	0.01843	0.00176	0.02818	0.00608	0.00330	0.10617
6	0.14276	0.01229	0.01236	0.10808	0.14498	0.18554	0.00902	0.05127	0.01179	0.04761	0.03211	0.03615	0.07309	0.00577	0.00449	0.00140	0.00549	0.00456	0.00315	0.10811
7	0.05895	0.01355	0.13838	0.17321	0.09778	0.10720	0.02314	0.08493	0.01162	0.03174	0.01034	0.04478	0.00883	0.07108	0.00624	0.00170	0.00597	0.00448	0.00286	0.10321
8	0.01100	0.05273	0.03617	0.07793	0.17057	0.00889	0.00885	0.01447	0.08919	0.09785	0.07945	0.05588	0.08530	0.00907	0.07001	0.00196	0.00512	0.00568	0.00364	0.11624
9	0.01862	0.00833	0.01080	0.00859	0.01189	0.00769	0.00698	0.06477	0.08028	0.56602	0.14221	0.01976	0.01763	0.00675	0.00508	0.00153	0.00393	0.00559	0.00582	0.00772
10	0.01337	0.08406	0.14887	0.16562	0.01927	0.07825	0.02912	0.24699	0.01403	0.01848	0.00949	0.01158	0.00733	0.00718	0.04948	0.00188	0.08119	0.00409	0.00305	0.00670
11	0.00916	0.00458	0.00458	0.00458	0.00573	0.00458	0.00344	0.01145	0.01031	0.01832	0.01603	0.01832	0.01260	0.00573	0.00344	0.00115	0.00229	0.00458	0.85457	0.00458
12	0.00916	0.00458	0.00458	0.00458	0.00573	0.00458	0.00344	0.01145	0.01031	0.01832	0.01603	0.01832	0.01260	0.00573	0.00344	0.00115	0.00229	0.00458	0.85457	0.00458
13	0.86201	0.00950	0.00722	0.00646	0.00950	0.01102	0.00532	0.01445	0.00836	0.02205	0.00684	0.00798	0.00532	0.00456	0.00304	0.00152	0.00380	0.00266	0.00304	0.00532
14	0.00591	0.00498	0.00511	0.00508	0.00670	0.00419	0.00381	0.00724	0.01143	0.01383	0.11349	0.04639	0.73059	0.01224	0.00581	0.00165	0.00247	0.01024	0.00464	0.00419
15	0.00713	0.00522	0.00681	0.00694	0.00815	0.00490	0.00556	0.00930	0.01279	0.01741	0.46918	0.04376	0.12626	0.01142	0.00611	0.00178	0.00303	0.24468	0.00504	0.00455
16	0.51536	0.00903	0.00895	0.00740	0.01076	0.00946	0.00611	0.01837	0.01072	0.34312	0.01202	0.01159	0.00815	0.00519	0.00383	0.00152	0.00396	0.00360	0.00430	0.00658
17	0.00786	0.00541	0.00795	0.00781	0.00880	0.00613	0.00603	0.00952	0.00820	0.05483	0.01363	0.01986	0.01258	0.07782	0.72126	0.00738	0.01221	0.00535	0.00284	0.00453
18	0.00722	0.00525	0.00640	0.00672	0.00778	0.00498	0.00498	0.05064	0.01163	0.01561	0.17578	0.35085	0.18139	0.01256	0.00592	0.00180	0.00297	0.09244	0.05062	0.00448
19	0.86201	0.00950	0.00722	0.00646	0.00950	0.01102	0.00532	0.01445	0.00836	0.02205	0.00684	0.00798	0.00532	0.00456	0.00304	0.00152	0.00380	0.00266	0.00304	0.00532
20	0.01505	0.21030	0.01573	0.01027	0.01339	0.24486	0.00838	0.17053	0.14035	0.01705	0.01089	0.01235	0.00896	0.05144	0.02603	0.00167	0.00624	0.00395	0.00335	0.02923

[dist]
# distance from previous block
# <min> <max>
0	1

[block]
# block no. 1 follows, 51 sequences, length 28
# corresponding to MSA columns:
# 544-571
name=unknown_B
#
# <colnr> <probs for GDERKNQSTAVLIFYWHMCP>
#	G	D	E	R	K	N	Q	S	T	A	V	L	I	F	Y	W	H	M	C	P
0	0.23978	0.08526	0.18531	0.20307	0.10173	0.01181	0.04785	0.01475	0.00995	0.04593	0.00859	0.01072	0.00651	0.00466	0.00424	0.00151	0.00577	0.00369	0.00257	0.00630
1	0.01312	0.50799	0.21606	0.01044	0.01515	0.13764	0.01099	0.01567	0.01068	0.01262	0.00744	0.00865	0.00629	0.00445	0.00372	0.00121	0.00630	0.00296	0.00216	0.00645
2	0.01571	0.00759	0.00946	0.00788	0.01063	0.00725	0.00629	0.01985	0.14953	0.40684	0.15461	0.02075	0.01872	0.00682	0.00487	0.00149	0.00351	0.00569	0.13548	0.00703
3	0.01349	0.01592	0.17817	0.13741	0.07127	0.10071	0.12637	0.23195	0.01449	0.01903	0.01033	0.03945	0.00808	0.00537	0.00499	0.00154	0.00671	0.00464	0.00312	0.00695
4	0.01140	0.16840	0.12557	0.01548	0.24828	0.01159	0.01096	0.03974	0.01107	0.01575	0.05621	0.01204	0.00949	0.00469	0.00452	0.00123	0.02418	0.00384	0.00270	0.22286
5	0.00636	0.00497	0.00585	0.00576	0.00708	0.00446	0.00430	0.00806	0.01201	0.01576	0.35147	0.08611	0.39633	0.01311	0.05446	0.00201	0.00309	0.00966	0.00479	0.00435
6	0.00599	0.00428	0.00570	0.00684	0.00713	0.00399	0.00456	0.00684	0.00941	0.01254	0.02709	0.82409	0.03250	0.01540	0.00627	0.00200	0.00285	0.01397	0.00456	0.00399
7	0.00657	0.00487	0.00618	0.00690	0.00772	0.00462	0.00516	0.00785	0.01003	0.01294	0.03040	0.34661	0.20702	0.07715	0.05631	0.00255	0.00394	0.19474	0.00432	0.00411
8	0.01202	0.34305	0.20300	0.03425	0.01714	0.06212	0.11448	0.01485	0.01015	0.01314	0.00775	0.00981	0.00647	0.00503	0.00591	0.00144	0.12722	0.00361	0.00218	0.00637
9	0.73225	0.13496	0.01006	0.00676	0.00998	0.01231	0.00579	0.01449	0.00861	0.02045	0.00684	0.00797	0.00547	0.00451	0.00306	0.00145	0.00402	0.00266	0.00290	0.00547
10	0.00583	0.00488	0.00508	0.00524	0.00671	0.00413	0.00385	0.00702	0.01095	0.01317	0.04662	0.15559	0.68840	0.01286	0.00587	0.00171	0.00254	0.01087	0.00456	0.00413
11	0.01115	0.02282	0.56681	0.01549	0.05044	0.09996	0.13335	0.01602	0.01099	0.01522	0.00887	0.01071	0.00648	0.00462	0.00482	0.00154	0.00754	0.00394	0.00220	0.00701
12	0.01050	0.00694	0.00792	0.00699	0.00918	0.00664	0.00547	0.13014	0.02874	0.13183	0.10985	0.06945	0.38592	0.01176	0.05418	0.00199	0.00386	0.00827	0.00482	0.00555
13	0.00625	0.00459	0.00592	0.00689	0.00751	0.00426	0.00493	0.00737	0.00997	0.01298	0.03040	0.59110	0.14838	0.01467	0.00628	0.00198	0.00304	0.12483	0.00456	0.00409
14	0.01178	0.01274	0.02602	0.02382	0.27912	0.01218	0.52773	0.01552	0.01146	0.01584	0.00971	0.01290	0.00756	0.00422	0.00549	0.00159	0.00748	0.00533	0.00247	0.00701
15	0.01648	0.01917	0.01430	0.01257	0.01462	0.52059	0.00979	0.10210	0.01334	0.01408	0.00778	0.00966	0.00659	0.00605	0.00742	0.00151	0.21175	0.00359	0.00270	0.00591
16	0.00928	0.00873	0.01474	0.81548	0.03385	0.01092	0.01365	0.01256	0.00983	0.01256	0.00873	0.01310	0.00655	0.00491	0.00491	0.00164	0.00655	0.00437	0.00218	0.00546
17	0.86201	0.00950	0.00722	0.00646	0.00950	0.01102	0.00532	0.01445	0.00836	0.02205	0.00684	0.00798	0.00532	0.00456	0.00304	0.00152	0.00380	0.00266	0.00304	0.00532
18	0.00702	0.00527	0.00790	0.00790	0.00878	0.00614	0.00614	0.00878	0.00790	0.01141	0.01316	0.01931	0.01229	0.03686	0.80782	0.00790	0.01316	0.00527	0.00263	0.00439
19	0.01314	0.83025	0.02575	0.00841	0.01261	0.01945	0.00841	0.01472	0.00999	0.01156	0.00683	0.00788	0.00631	0.00420	0.00315	0.00105	0.00526	0.00263	0.00210	0.00631
20	0.01868	0.01376	0.01475	0.01131	0.01524	0.01524	0.00934	0.78025	0.02311	0.03097	0.01180	0.01180	0.00836	0.00590	0.00492	0.00147	0.00541	0.00442	0.00492	0.00836
21	0.00916	0.00458	0.00458	0.00458	0.00573	0.00458	0.00344	0.01145	0.01031	0.01832	0.01603	0.01832	0.01260	0.00573	0.00344	0.00115	0.00229	0.00458	0.85457	0.00458
22	0.86201	0.00950	0.00722	0.00646	0.00950	0.01102	0.00532	0.01445	0.00836	0.02205	0.00684	0.00798	0.00532	0.00456	0.00304	0.00152	0.00380	0.00266	0.00304	0.00532
23	0.00678	0.00527	0.00634	0.00678	0.00818	0.00482	0.00556	0.00854	0.01146	0.01438	0.09768	0.04989	0.41421	0.01273	0.00622	0.00190	0.00333	0.32695	0.00461	0.00434
24	0.14496	0.01072	0.01109	0.00912	0.01225	0.01186	0.00738	0.33749	0.18628	0.07208	0.01393	0.01392	0.01021	0.00585	0.00443	0.00148	0.00429	0.00446	0.13100	0.00721
25	0.01312	0.01100	0.01162	0.01018	0.01312	0.01264	0.00800	0.13125	0.68116	0.02201	0.01886	0.01742	0.01408	0.00656	0.00499	0.00164	0.00410	0.00540	0.00499	0.00786
26	0.00621	0.00504	0.00597	0.05490	0.00862	0.00460	0.00480	0.00755	0.01070	0.01331	0.06514	0.26904	0.46557	0.01281	0.00593	0.00178	0.00293	0.04645	0.00445	0.00422
27	0.06657	0.19294	0.01671	0.04948	0.06220	0.10132	0.00943	0.28617	0.02937	0.06233	0.00980	0.01078	0.00756	0.00545	0.00524	0.00143	0.06887	0.00382	0.00350	0.00702

[dist]
# distance from previous block
# <min> <max>
2	12

[block]
# block no. 2 follows, 51 sequences, length 11
# corresponding to MSA columns:
# 584-594
name=unknown_C
#
# <colnr> <probs for GDERKNQSTAVLIFYWHMCP>
#	G	D	E	R	K	N	Q	S	T	A	V	L	I	F	Y	W	H	M	C	P
0	0.05648	0.01283	0.11413	0.03047	0.06701	0.01161	0.12030	0.24641	0.10013	0.03728	0.13782	0.01651	0.01466	0.00606	0.00506	0.00155	0.00534	0.00528	0.00400	0.00705
1	0.00605	0.00446	0.00569	0.00665	0.00720	0.00410	0.00459	0.00704	0.00979	0.01277	0.03073	0.66042	0.15639	0.01483	0.00622	0.00195	0.00287	0.04966	0.00456	0.00404
2	0.00994	0.01167	0.14066	0.03028	0.24443	0.04633	0.01040	0.03370	0.04297	0.01636	0.18681	0.05112	0.09747	0.04911	0.00620	0.00171	0.00486	0.00633	0.00352	0.00613
3	0.00993	0.00825	0.00908	0.00831	0.01045	0.00902	0.00639	0.01891	0.46557	0.01963	0.27614	0.02692	0.09430	0.00829	0.00533	0.00163	0.00325	0.00707	0.00510	0.00643
4	0.01222	0.01056	0.01111	0.01000	0.01278	0.01222	0.00778	0.02611	0.78776	0.02056	0.02000	0.01833	0.01500	0.00667	0.00500	0.00167	0.00389	0.00556	0.00500	0.00778
5	0.01187	0.01137	0.01941	0.11121	0.71791	0.01160	0.01493	0.01482	0.01105	0.01569	0.00919	0.01226	0.00766	0.00443	0.00487	0.00148	0.00591	0.00438	0.00241	0.00754
6	0.00794	0.00486	0.00589	0.00589	0.00666	0.00515	0.00423	0.00948	0.00871	0.01382	0.01493	0.02208	0.01380	0.21977	0.27918	0.00431	0.00656	0.00545	0.35716	0.00412
7	0.01906	0.01031	0.01212	0.00946	0.01303	0.01046	0.00776	0.32828	0.05386	0.38206	0.01605	0.01496	0.01080	0.00600	0.00480	0.00148	0.00449	0.00473	0.08231	0.00799
8	0.09335	0.01339	0.01408	0.01088	0.01473	0.01487	0.00898	0.71245	0.02180	0.03018	0.01136	0.01146	0.00809	0.00578	0.00475	0.00148	0.00527	0.00427	0.00475	0.00809
9	0.01218	0.01130	0.01247	0.15145	0.09327	0.14242	0.00930	0.15221	0.05484	0.01756	0.13980	0.01725	0.01490	0.01120	0.13570	0.00253	0.00690	0.00513	0.00351	0.00607
10	0.24430	0.05539	0.12324	0.01320	0.14145	0.01300	0.01026	0.25243	0.06570	0.02230	0.00992	0.01086	0.00748	0.00508	0.00428	0.00149	0.00519	0.00381	0.00347	0.00715

[dist]
# distance from previous block
# <min> <max>
0	8

[block]
# block no. 3 follows, 51 sequences, length 13
# corresponding to MSA columns:
# 603-615
name=unknown_D
#
# <colnr> <probs for GDERKNQSTAVLIFYWHMCP>
#	G	D	E	R	K	N	Q	S	T	A	V	L	I	F	Y	W	H	M	C	P
0	0.01293	0.01096	0.01092	0.00912	0.01238	0.09074	0.00714	0.04440	0.35378	0.07090	0.01476	0.01454	0.01121	0.00546	0.00444	0.00129	0.00431	0.00437	0.04670	0.26963
1	0.17150	0.00908	0.00973	0.00797	0.01097	0.00945	0.00647	0.21159	0.04485	0.22667	0.01660	0.01631	0.06339	0.00614	0.00436	0.00145	0.00393	0.00472	0.16806	0.00677
2	0.01385	0.63016	0.07645	0.00956	0.01367	0.16083	0.00927	0.01566	0.01072	0.01192	0.00710	0.00823	0.00631	0.00439	0.00349	0.00112	0.00604	0.00279	0.00218	0.00626
3	0.01643	0.00845	0.00983	0.00792	0.01079	0.00844	0.00642	0.22519	0.01515	0.30566	0.01610	0.01597	0.01129	0.00590	0.00439	0.00137	0.00383	0.00467	0.31522	0.00698
4	0.00679	0.00524	0.00587	0.00579	0.00701	0.00483	0.00415	0.03841	0.01114	0.01427	0.15987	0.12286	0.40498	0.14809	0.03680	0.00240	0.00336	0.00956	0.00439	0.00419
5	0.01219	0.14765	0.44677	0.01349	0.01928	0.07846	0.10029	0.09669	0.01209	0.01630	0.00885	0.01034	0.00661	0.00470	0.00457	0.00146	0.00700	0.00376	0.00246	0.00703
6	0.00887	0.00816	0.01247	0.21630	0.22074	0.00891	0.01002	0.01099	0.01023	0.01357	0.02133	0.13308	0.20544	0.00846	0.00645	0.00170	0.08741	0.00718	0.00316	0.00553
7	0.00597	0.00435	0.00563	0.00665	0.00708	0.00401	0.00448	0.00686	0.00959	0.01262	0.02939	0.74508	0.11001	0.01510	0.00623	0.00196	0.00281	0.01360	0.00456	0.00401
8	0.01092	0.01041	0.01770	0.36902	0.46750	0.01135	0.01446	0.01399	0.01060	0.01455	0.00902	0.01257	0.00725	0.00461	0.00489	0.00154	0.00615	0.00437	0.00233	0.00678
9	0.11960	0.14655	0.10470	0.09284	0.09398	0.19833	0.01035	0.06643	0.04553	0.01599	0.02790	0.01161	0.02163	0.00512	0.00427	0.00140	0.00611	0.00378	0.01759	0.00630
10	0.01170	0.08294	0.17856	0.10806	0.08119	0.21870	0.04007	0.01436	0.01130	0.01344	0.01454	0.10206	0.08950	0.00667	0.00486	0.00150	0.00639	0.00546	0.00278	0.00591
11	0.06155	0.00784	0.00956	0.00826	0.01062	0.00808	0.00657	0.14633	0.04417	0.20800	0.09521	0.06657	0.07048	0.01541	0.21498	0.00323	0.00633	0.00612	0.00450	0.00621
12	0.07061	0.01028	0.07735	0.01375	0.16125	0.00912	0.05845	0.10864	0.01235	0.05498	0.04015	0.14324	0.01626	0.00808	0.00529	0.00167	0.00490	0.13876	0.00375	0.06112

[dist]
# distance from previous block
# <min> <max>
0	2

[block]
# block no. 4 follows, 51 sequences, length 52
# corresponding to MSA columns:
# 618-669
name=unknown_E
#
# <colnr> <probs for GDERKNQSTAVLIFYWHMCP>
#	G	D	E	R	K	N	Q	S	T	A	V	L	I	F	Y	W	H	M	C	P
0	0.01564	0.13837	0.01453	0.03028	0.01377	0.19207	0.03188	0.07181	0.12052	0.19118	0.01453	0.08038	0.02474	0.00650	0.00507	0.00148	0.03153	0.00506	0.00395	0.00671
1	0.04576	0.01195	0.01352	0.13033	0.03620	0.09374	0.04227	0.26173	0.07899	0.05593	0.05208	0.04085	0.01123	0.01981	0.00553	0.00155	0.03017	0.00489	0.00386	0.05962
2	0.01075	0.01075	0.01505	0.01290	0.01290	0.01505	0.01075	0.01183	0.00753	0.01183	0.00645	0.01075	0.00645	0.00860	0.01613	0.00215	0.81830	0.00430	0.00215	0.00538
3	0.14134	0.01049	0.04247	0.05311	0.25422	0.03923	0.00972	0.07332	0.01157	0.07641	0.02499	0.14747	0.01230	0.00658	0.00472	0.00151	0.00483	0.00564	0.00341	0.07664
4	0.31301	0.01560	0.01149	0.01080	0.05595	0.35530	0.00793	0.01637	0.01112	0.01625	0.00752	0.00897	0.00618	0.00481	0.00431	0.00133	0.03668	0.00307	0.00274	0.11058
5	0.01523	0.26635	0.01812	0.01091	0.01392	0.10578	0.00937	0.29333	0.01468	0.01874	0.00864	0.01003	0.00709	0.00586	0.00672	0.00147	0.18008	0.00370	0.00319	0.00678
6	0.01292	0.01286	0.01480	0.15746	0.13820	0.16241	0.01108	0.05117	0.09518	0.03421	0.00973	0.01220	0.00793	0.00617	0.00794	0.00167	0.23382	0.00427	0.01969	0.00628
7	0.00637	0.00524	0.00564	0.00560	0.00713	0.00467	0.00417	0.00847	0.05453	0.01470	0.17139	0.10132	0.56953	0.01194	0.00580	0.00167	0.00256	0.01012	0.00473	0.00442
8	0.86201	0.00950	0.00722	0.00646	0.00950	0.01102	0.00532	0.01445	0.00836	0.02205	0.00684	0.00798	0.00532	0.00456	0.00304	0.00152	0.00380	0.00266	0.00304	0.00532
9	0.00581	0.00498	0.00498	0.00498	0.00664	0.00415	0.00373	0.00705	0.01120	0.01328	0.04978	0.04729	0.79464	0.01245	0.00581	0.00166	0.00249	0.01037	0.00456	0.00415
10	0.25995	0.00869	0.01022	0.00810	0.01168	0.00830	0.00668	0.02126	0.01245	0.57969	0.01583	0.01425	0.01023	0.00565	0.00440	0.00152	0.00407	0.00430	0.00522	0.00750
11	0.01075	0.01075	0.01505	0.01290	0.01290	0.01505	0.01075	0.01183	0.00753	0.01183	0.00645	0.01075	0.00645	0.00860	0.01613	0.00215	0.81830	0.00430	0.00215	0.00538
12	0.01222	0.01056	0.01111	0.01000	0.01278	0.01222	0.00778	0.02611	0.78776	0.02056	0.02000	0.01833	0.01500	0.00667	0.00500	0.00167	0.00389	0.00556	0.00500	0.00778
13	0.00928	0.00873	0.01474	0.81548	0.03385	0.01092	0.01365	0.01256	0.00983	0.01256	0.00873	0.01310	0.00655	0.00491	0.00491	0.00164	0.00655	0.00437	0.00218	0.00546
14	0.00854	0.00427	0.00640	0.00640	0.00640	0.00427	0.00427	0.00640	0.00640	0.00854	0.00854	0.01494	0.00854	0.01707	0.01921	0.85702	0.00427	0.00427	0.00213	0.00213
15	0.02205	0.00836	0.01140	0.00874	0.01254	0.00722	0.00722	0.02395	0.01407	0.80004	0.01939	0.01673	0.01216	0.00608	0.00494	0.00152	0.00418	0.00494	0.00608	0.00836
16	0.01222	0.01056	0.01111	0.01000	0.01278	0.01222	0.00778	0.02611	0.78776	0.02056	0.02000	0.01833	0.01500	0.00667	0.00500	0.00167	0.00389	0.00556	0.00500	0.00778
17	0.00943	0.00874	0.01206	0.01073	0.01117	0.01136	0.00886	0.01092	0.00946	0.01390	0.17982	0.02268	0.04677	0.00961	0.01248	0.00201	0.52151	0.09022	0.00321	0.00508
18	0.86201	0.00950	0.00722	0.00646	0.00950	0.01102	0.00532	0.01445	0.00836	0.02205	0.00684	0.00798	0.00532	0.00456	0.00304	0.00152	0.00380	0.00266	0.00304	0.00532
19	0.24036	0.00940	0.01036	0.01021	0.10726	0.00978	0.00712	0.17490	0.01283	0.06768	0.01247	0.01349	0.03728	0.00532	0.00402	0.00135	0.00406	0.00406	0.16674	0.10131
20	0.01087	0.00999	0.01578	0.02177	0.51025	0.00946	0.01154	0.01333	0.01072	0.01556	0.01159	0.12362	0.01108	0.00573	0.00478	0.00137	0.00493	0.00537	0.00283	0.19944
21	0.01357	0.01142	0.01162	0.01008	0.01295	0.05617	0.00792	0.17298	0.51854	0.03513	0.08039	0.01798	0.01571	0.00669	0.00502	0.00159	0.00434	0.00546	0.00490	0.00753
22	0.01357	0.76374	0.02478	0.00876	0.01283	0.08442	0.00850	0.01512	0.01031	0.01160	0.00690	0.00796	0.00631	0.00428	0.00326	0.00107	0.00555	0.00267	0.00214	0.00626
23	0.01122	0.04749	0.38419	0.01489	0.15603	0.01090	0.01352	0.04406	0.09035	0.05974	0.01301	0.04467	0.03499	0.04668	0.00582	0.00171	0.00590	0.00481	0.00299	0.00704
24	0.01836	0.02342	0.01393	0.01266	0.01519	0.80756	0.00950	0.01962	0.01393	0.01203	0.00760	0.00886	0.00633	0.00506	0.00443	0.00127	0.00886	0.00317	0.00253	0.00570
25	0.02163	0.00903	0.01182	0.00906	0.01288	0.00821	0.00748	0.11711	0.01518	0.70531	0.01845	0.01612	0.01170	0.00606	0.00494	0.00151	0.00433	0.00488	0.00594	0.00836
26	0.01075	0.01075	0.01505	0.01290	0.01290	0.01505	0.01075	0.01183	0.00753	0.01183	0.00645	0.01075	0.00645	0.00860	0.01613	0.00215	0.81830	0.00430	0.00215	0.00538
27	0.01019	0.00873	0.01019	0.00728	0.01165	0.00655	0.00582	0.01237	0.01019	0.01601	0.00873	0.01019	0.00728	0.00364	0.00364	0.00073	0.00364	0.00291	0.00291	0.85734
28	0.01075	0.01075	0.01505	0.01290	0.01290	0.01505	0.01075	0.01183	0.00753	0.01183	0.00645	0.01075	0.00645	0.00860	0.01613	0.00215	0.81830	0.00430	0.00215	0.00538
29	0.00919	0.00717	0.01005	0.00904	0.01062	0.00754	0.07399	0.05369	0.03585	0.02827	0.16900	0.05235	0.09395	0.03973	0.00757	0.00189	0.09569	0.19022	0.09909	0.00510
30	0.01314	0.83025	0.02575	0.00841	0.01261	0.01945	0.00841	0.01472	0.00999	0.01156	0.00683	0.00788	0.00631	0.00420	0.00315	0.00105	0.00526	0.00263	0.00210	0.00631
31	0.00817	0.00524	0.00745	0.00732	0.00824	0.00543	0.00541	0.00891	0.00825	0.05311	0.01456	0.14721	0.01463	0.05463	0.39153	0.18843	0.00826	0.00636	0.00305	0.05381
32	0.09829	0.02593	0.01673	0.02229	0.50067	0.09858	0.01222	0.01647	0.01155	0.11267	0.01051	0.01309	0.00847	0.00494	0.00467	0.00147	0.00572	0.02548	0.00301	0.00727
33	0.06535	0.09646	0.25938	0.11646	0.22609	0.09786	0.01360	0.01521	0.01074	0.01505	0.00870	0.01089	0.00685	0.00465	0.00443	0.00144	0.00639	0.00374	0.02999	0.00671
34	0.01040	0.01054	0.01464	0.71659	0.03155	0.10905	0.01314	0.01343	0.01033	0.01249	0.00859	0.01258	0.00652	0.00493	0.00485	0.00159	0.00684	0.00422	0.00223	0.00549
35	0.00600	0.00485	0.00533	0.00549	0.00683	0.00418	0.00401	0.00731	0.01123	0.01400	0.14577	0.19252	0.54995	0.01268	0.00589	0.00171	0.00253	0.01085	0.00468	0.00418
36	0.01966	0.01220	0.01378	0.01056	0.01446	0.01291	0.00873	0.56082	0.02048	0.25411	0.01400	0.01323	0.00946	0.00595	0.00492	0.00149	0.00505	0.00457	0.00525	0.00836
37	0.00597	0.00450	0.00552	0.00629	0.00700	0.00406	0.00433	0.00698	0.01005	0.01297	0.05711	0.57984	0.24880	0.01440	0.00613	0.00189	0.00273	0.01279	0.00459	0.00406
38	0.00779	0.00521	0.00684	0.00632	0.00763	0.00478	0.00478	0.01009	0.01392	0.06293	0.75114	0.03560	0.04447	0.00983	0.00575	0.00154	0.00242	0.00867	0.00545	0.00484
39	0.01075	0.01075	0.01505	0.01290	0.01290	0.01505	0.01075	0.01183	0.00753	0.01183	0.00645	0.01075	0.00645	0.00860	0.01613	0.00215	0.81830	0.00430	0.00215	0.00538
40	0.01836	0.02342	0.01393	0.01266	0.01519	0.80756	0.00950	0.01962	0.01393	0.01203	0.00760	0.00886	0.00633	0.00506	0.00443	0.00127	0.00886	0.00317	0.00253	0.00570
41	0.86201	0.00950	0.00722	0.00646	0.00950	0.01102	0.00532	0.01445	0.00836	0.02205	0.00684	0.00798	0.00532	0.00456	0.00304	0.00152	0.00380	0.00266	0.00304	0.00532
42	0.01039	0.00888	0.00942	0.00873	0.01113	0.00983	0.00682	0.02044	0.54795	0.01841	0.02755	0.02784	0.20258	0.00853	0.00532	0.00171	0.00360	0.05932	0.00486	0.00668
43	0.00602	0.00499	0.00527	0.00520	0.00677	0.00424	0.00390	0.00746	0.01170	0.01447	0.18782	0.04533	0.65587	0.01200	0.00581	0.00164	0.00246	0.01010	0.00472	0.00424
44	0.01265	0.25341	0.28978	0.01107	0.01594	0.01429	0.01177	0.16682	0.09936	0.01777	0.01032	0.01132	0.00798	0.00678	0.04880	0.00176	0.00627	0.00380	0.00300	0.00710
45	0.01836	0.02342	0.01393	0.01266	0.01519	0.80756	0.00950	0.01962	0.01393	0.01203	0.00760	0.00886	0.00633	0.00506	0.00443	0.00127	0.00886	0.00317	0.00253	0.00570
46	0.00827	0.00638	0.00780	0.00745	0.00874	0.00697	0.00558	0.05349	0.12479	0.01379	0.02041	0.02567	0.13897	0.17668	0.36721	0.00502	0.00805	0.00644	0.00349	0.00480
47	0.01204	0.01067	0.12861	0.25844	0.01935	0.00929	0.01050	0.06431	0.01185	0.17188	0.07617	0.07710	0.04198	0.00687	0.00566	0.00162	0.05017	0.00568	0.03157	0.00624
48	0.01144	0.12799	0.36120	0.01260	0.01767	0.01191	0.11909	0.08193	0.03695	0.04050	0.05877	0.02903	0.01020	0.00598	0.00557	0.04889	0.00621	0.00454	0.00286	0.00668
49	0.00600	0.00441	0.00563	0.00655	0.00707	0.00404	0.00445	0.00697	0.00985	0.01294	0.06156	0.68159	0.14140	0.01476	0.00619	0.00193	0.00278	0.01325	0.00460	0.00404
50	0.01032	0.00924	0.01504	0.02154	0.50913	0.00938	0.01118	0.01245	0.00984	0.01398	0.01114	0.01738	0.01056	0.17721	0.13771	0.00317	0.00679	0.00508	0.00258	0.00626
51	0.01346	0.01472	0.11761	0.04278	0.21414	0.11806	0.03548	0.08736	0.17339	0.04877	0.01161	0.01287	0.00895	0.00555	0.00578	0.00156	0.07299	0.00443	0.00327	0.00720

[dist]
# distance from previous block
# <min> <max>
0	4

[block]
# block no. 5 follows, 51 sequences, length 6
# corresponding to MSA columns:
# 674-679
name=unknown_F
#
# <colnr> <probs for GDERKNQSTAVLIFYWHMCP>
#	G	D	E	R	K	N	Q	S	T	A	V	L	I	F	Y	W	H	M	C	P
0	0.01124	0.11987	0.13693	0.01011	0.03508	0.01010	0.03698	0.01367	0.03206	0.09835	0.01208	0.01810	0.01101	0.19676	0.01050	0.00223	0.09388	0.03661	0.00305	0.11140
1	0.00791	0.00517	0.00673	0.00735	0.00813	0.00494	0.00521	0.05122	0.01060	0.06761	0.02564	0.67753	0.02951	0.01412	0.00614	0.00195	0.00318	0.05780	0.00468	0.00457
2	0.00755	0.00752	0.05737	0.09023	0.09744	0.00647	0.03611	0.00963	0.01092	0.01429	0.10590	0.20396	0.28016	0.01048	0.00569	0.00172	0.00391	0.04172	0.00395	0.00499
3	0.06430	0.05225	0.23424	0.09306	0.13435	0.06071	0.05543	0.05885	0.01140	0.05589	0.01006	0.01200	0.00764	0.00500	0.00487	0.00148	0.03219	0.00404	0.09560	0.00663
4	0.01430	0.01326	0.01794	0.14003	0.29323	0.12516	0.10289	0.15181	0.01371	0.06524	0.01009	0.01218	0.00772	0.00490	0.00493	0.00149	0.00649	0.00441	0.00308	0.00714
5	0.47190	0.01196	0.01110	0.01222	0.16757	0.13124	0.00795	0.01513	0.00997	0.01868	0.00764	0.00919	0.00618	0.00450	0.00368	0.00138	0.00496	0.00311	0.00283	0.09880

[dist]
# distance from previous block
# <min> <max>
0	38

[block]
# block no. 6 follows, 51 sequences, length 23
# corresponding to MSA columns:
# 718-740
name=unknown_G
#
# <colnr> <probs for GDERKNQSTAVLIFYWHMCP>
#	G	D	E	R	K	N	Q	S	T	A	V	L	I	F	Y	W	H	M	C	P
0	0.01044	0.06790	0.05998	0.00960	0.09578	0.04745	0.00718	0.01256	0.01129	0.09238	0.02503	0.02774	0.24526	0.00811	0.00486	0.00150	0.00399	0.07464	0.18878	0.00552
1	0.00892	0.00739	0.02636	0.00784	0.03293	0.00656	0.00575	0.01133	0.06952	0.02639	0.05712	0.05258	0.06919	0.25045	0.01110	0.00235	0.02715	0.06068	0.00350	0.26289
2	0.00917	0.00861	0.05031	0.06521	0.12298	0.00830	0.08438	0.01179	0.07907	0.01265	0.01334	0.02305	0.01339	0.42879	0.01577	0.00324	0.03610	0.00601	0.00291	0.00492
3	0.00847	0.00691	0.01094	0.09811	0.16003	0.00696	0.05967	0.01054	0.01035	0.01461	0.04715	0.34166	0.02092	0.00982	0.00546	0.00172	0.00419	0.05811	0.11921	0.00518
4	0.01403	0.01109	0.01223	0.00932	0.01330	0.01093	0.00755	0.33835	0.11257	0.02290	0.01143	0.01188	0.00870	0.00497	0.00435	0.00116	0.00442	0.00388	0.00402	0.39293
5	0.01352	0.37201	0.22393	0.01161	0.01626	0.19842	0.05558	0.03201	0.01136	0.01335	0.00780	0.00914	0.00640	0.00455	0.00403	0.00128	0.00678	0.00323	0.00227	0.00647
6	0.01449	0.01128	0.01196	0.01003	0.01311	0.01272	0.00800	0.32219	0.41595	0.02446	0.01641	0.01576	0.01216	0.00628	0.00483	0.00154	0.00434	0.00502	0.08175	0.00772
7	0.01314	0.83025	0.02575	0.00841	0.01261	0.01945	0.00841	0.01472	0.00999	0.01156	0.00683	0.00788	0.00631	0.00420	0.00315	0.00105	0.00526	0.00263	0.00210	0.00631
8	0.01615	0.01251	0.01332	0.01080	0.01428	0.01406	0.00873	0.48502	0.32246	0.02689	0.01501	0.01436	0.01096	0.00620	0.00495	0.00155	0.00481	0.00487	0.00495	0.00813
9	0.01207	0.02142	0.58536	0.01468	0.08993	0.01124	0.01601	0.07174	0.01178	0.10496	0.01026	0.01135	0.00719	0.00489	0.00474	0.00154	0.00665	0.00390	0.00276	0.00751
10	0.01377	0.00745	0.00941	0.00781	0.01027	0.00708	0.00621	0.12901	0.01533	0.28344	0.41741	0.02629	0.02922	0.00810	0.00538	0.00153	0.00340	0.00690	0.00556	0.00644
11	0.00626	0.00496	0.00564	0.00555	0.00694	0.00433	0.00413	0.00790	0.01215	0.01573	0.33703	0.08771	0.46085	0.01168	0.00583	0.00163	0.00244	0.01000	0.00489	0.00433
12	0.02058	0.00806	0.01082	0.00840	0.01201	0.00694	0.00691	0.02242	0.01381	0.72893	0.02213	0.01949	0.08289	0.00666	0.00502	0.00153	0.00403	0.00543	0.00595	0.00798
13	0.01401	0.01645	0.01149	0.01060	0.01265	0.47057	0.00802	0.01641	0.08244	0.01296	0.01665	0.05655	0.13278	0.00936	0.06347	0.00193	0.04981	0.00525	0.00316	0.00545
14	0.00632	0.00447	0.00555	0.00628	0.00657	0.00423	0.00404	0.00695	0.00885	0.01170	0.02509	0.53988	0.07655	0.25602	0.01180	0.00280	0.00340	0.01172	0.00409	0.00370
15	0.00599	0.00499	0.00523	0.00517	0.00675	0.00423	0.00388	0.00740	0.01163	0.01429	0.16681	0.04563	0.67699	0.01207	0.00581	0.00164	0.00246	0.01014	0.00470	0.00423
16	0.86201	0.00950	0.00722	0.00646	0.00950	0.01102	0.00532	0.01445	0.00836	0.02205	0.00684	0.00798	0.00532	0.00456	0.00304	0.00152	0.00380	0.00266	0.00304	0.00532
17	0.00768	0.00559	0.00769	0.00812	0.02206	0.00598	0.00588	0.05313	0.00964	0.01321	0.03454	0.36819	0.02165	0.02046	0.23693	0.08291	0.03968	0.04861	0.00369	0.00435
18	0.00979	0.01518	0.30298	0.01244	0.06571	0.06724	0.03957	0.01272	0.00942	0.01313	0.01055	0.01619	0.00964	0.16934	0.14000	0.00324	0.09003	0.00474	0.00242	0.00567
19	0.00639	0.00464	0.00647	0.00727	0.00778	0.00472	0.00521	0.00759	0.00906	0.01232	0.02290	0.54514	0.02629	0.02167	0.24404	0.00376	0.00600	0.05063	0.00399	0.00414
20	0.01262	0.70370	0.14778	0.00929	0.01397	0.01818	0.00994	0.01485	0.01005	0.01219	0.00714	0.00827	0.00629	0.00428	0.00339	0.00113	0.00557	0.00279	0.00210	0.00646
21	0.01079	0.05015	0.05716	0.14371	0.15521	0.06208	0.17386	0.05322	0.01134	0.01488	0.01344	0.20506	0.01318	0.00716	0.00529	0.00163	0.00598	0.00676	0.00301	0.00606
22	0.37227	0.01005	0.01067	0.02245	0.14142	0.02832	0.00765	0.08437	0.08879	0.02062	0.06543	0.01283	0.01040	0.00527	0.00402	0.00145	0.00426	0.00398	0.04516	0.06059

[dist]
# distance from previous block
# <min> <max>
0	104

[block]
# block no. 7 follows, 51 sequences, length 29
# corresponding to MSA columns:
# 845-873
name=unknown_H
#
# <colnr> <probs for GDERKNQSTAVLIFYWHMCP>
#	G	D	E	R	K	N	Q	S	T	A	V	L	I	F	Y	W	H	M	C	P
0	0.13083	0.01194	0.16733	0.03079	0.04899	0.04164	0.08825	0.01386	0.01050	0.11284	0.01580	0.18408	0.04602	0.00971	0.06365	0.00210	0.00579	0.00648	0.00346	0.00595
1	0.08626	0.34171	0.07167	0.01083	0.05518	0.07709	0.00936	0.21656	0.03340	0.01848	0.00895	0.00984	0.00716	0.00486	0.00396	0.00129	0.00552	0.00341	0.01533	0.01913
2	0.00832	0.00534	0.00637	0.00621	0.00691	0.00514	0.00400	0.00936	0.03791	0.06904	0.05025	0.19479	0.02108	0.49483	0.01709	0.00351	0.00414	0.00822	0.00371	0.04378
3	0.00975	0.01404	0.25669	0.01317	0.01706	0.00973	0.22410	0.04675	0.01053	0.01473	0.01304	0.10314	0.01241	0.13683	0.03678	0.00240	0.03272	0.03744	0.00284	0.00584
4	0.01283	0.27133	0.17922	0.01049	0.01441	0.16154	0.01019	0.07172	0.07743	0.01488	0.01240	0.07055	0.03718	0.00617	0.00442	0.00141	0.00595	0.02856	0.00296	0.00637
5	0.02176	0.00882	0.01169	0.00896	0.01277	0.00790	0.00740	0.08800	0.01483	0.73491	0.01874	0.01631	0.01184	0.00607	0.00494	0.00152	0.00429	0.00490	0.00598	0.00836
6	0.00706	0.00507	0.00645	0.00640	0.00738	0.00479	0.00479	0.00888	0.01209	0.01663	0.48092	0.03954	0.08894	0.15969	0.00945	0.00225	0.00312	0.12748	0.00477	0.00428
7	0.01177	0.01138	0.04993	0.08726	0.29863	0.09425	0.05784	0.01454	0.03082	0.07407	0.06278	0.15666	0.01473	0.00698	0.00519	0.00158	0.00551	0.00634	0.00331	0.00644
8	0.01534	0.01608	0.09307	0.09911	0.06495	0.21964	0.01070	0.27151	0.07860	0.03400	0.01220	0.01305	0.03850	0.00568	0.00480	0.00147	0.00638	0.00434	0.00358	0.00700
9	0.01614	0.00912	0.01087	0.00890	0.01198	0.00920	0.00715	0.15271	0.19053	0.33212	0.14152	0.02075	0.05250	0.00709	0.00512	0.00156	0.00396	0.00585	0.00546	0.00745
10	0.00632	0.00489	0.00576	0.00577	0.00701	0.00433	0.00424	0.00796	0.01208	0.01588	0.36054	0.15946	0.36435	0.01188	0.00587	0.00166	0.00247	0.01029	0.00492	0.00433
11	0.10487	0.01202	0.01554	0.11640	0.19463	0.01317	0.04291	0.35904	0.05508	0.02317	0.01064	0.01203	0.00797	0.00525	0.00475	0.00151	0.00552	0.00433	0.00371	0.00744
12	0.01076	0.01268	0.10422	0.28913	0.19650	0.01165	0.27402	0.01451	0.01078	0.01472	0.00926	0.01266	0.00709	0.00451	0.00518	0.00160	0.00706	0.00478	0.00233	0.00656
13	0.00598	0.00430	0.00567	0.00677	0.00711	0.00400	0.00453	0.00685	0.00948	0.01257	0.02799	0.79302	0.06299	0.01528	0.00625	0.00198	0.00284	0.01383	0.00456	0.00400
14	0.01120	0.07330	0.33243	0.07640	0.10473	0.04784	0.25367	0.01547	0.01093	0.01502	0.00902	0.01143	0.00681	0.00448	0.00495	0.00154	0.00731	0.00435	0.00227	0.00685
15	0.86201	0.00950	0.00722	0.00646	0.00950	0.01102	0.00532	0.01445	0.00836	0.02205	0.00684	0.00798	0.00532	0.00456	0.00304	0.00152	0.00380	0.00266	0.00304	0.00532
16	0.01324	0.01106	0.01168	0.01021	0.01317	0.01270	0.00802	0.14483	0.66738	0.02220	0.01871	0.01731	0.01396	0.00655	0.00499	0.00164	0.00413	0.00538	0.00499	0.00787
17	0.00854	0.00427	0.00640	0.00640	0.00640	0.00427	0.00427	0.00640	0.00640	0.00854	0.00854	0.01494	0.00854	0.01707	0.01921	0.85702	0.00427	0.00427	0.00213	0.00213
18	0.31838	0.01006	0.01072	0.00855	0.01211	0.01048	0.00706	0.20131	0.01421	0.34106	0.01314	0.01246	0.00883	0.00550	0.00426	0.00151	0.00434	0.00401	0.00473	0.00729
19	0.00630	0.00461	0.00541	0.00590	0.00646	0.00427	0.00386	0.00699	0.00919	0.01181	0.02950	0.37707	0.22838	0.26354	0.01190	0.00276	0.00334	0.01093	0.00408	0.00372
20	0.01024	0.00500	0.00548	0.00522	0.00661	0.00484	0.00396	0.01243	0.01091	0.10062	0.06948	0.05315	0.01567	0.00646	0.00387	0.00125	0.00252	0.00530	0.67204	0.00496
21	0.00649	0.00500	0.00601	0.00630	0.00753	0.00451	0.00484	0.00812	0.01158	0.01495	0.21919	0.16854	0.35675	0.01254	0.00606	0.00180	0.00288	0.14784	0.00476	0.00431
22	0.00735	0.00518	0.00612	0.00626	0.00769	0.00459	0.00479	0.00882	0.01136	0.06723	0.11745	0.18839	0.41788	0.01247	0.00597	0.00178	0.00293	0.11449	0.00475	0.00451
23	0.01368	0.01183	0.01476	0.01219	0.01374	0.01499	0.01010	0.28954	0.04963	0.01914	0.00901	0.01148	0.00754	0.00754	0.01156	0.00188	0.48714	0.00440	0.00328	0.00656
24	0.01323	0.01061	0.01688	0.07613	0.42550	0.01074	0.05906	0.01764	0.12584	0.13976	0.01411	0.01537	0.04199	0.00534	0.00500	0.00153	0.00535	0.00497	0.00346	0.00749
25	0.01516	0.44075	0.02009	0.01010	0.01345	0.20404	0.00889	0.07454	0.01195	0.06651	0.00820	0.00929	0.00688	0.00510	0.00499	0.00127	0.08652	0.00321	0.00269	0.00637
26	0.00988	0.04386	0.01092	0.00956	0.01052	0.13470	0.00748	0.01118	0.00889	0.01153	0.01158	0.07070	0.01156	0.08945	0.34048	0.00455	0.20042	0.00535	0.00264	0.00476
27	0.01052	0.00904	0.01090	0.00878	0.05966	0.00708	0.00648	0.03171	0.01057	0.01639	0.00884	0.01035	0.00734	0.00374	0.00375	0.00079	0.00382	0.00304	0.00293	0.78428
28	0.01367	0.37360	0.03940	0.01081	0.01376	0.23735	0.03390	0.01528	0.01062	0.01196	0.00756	0.00962	0.00678	0.00736	0.06011	0.00178	0.13494	0.00335	0.00228	0.00589

[dist]
# distance from previous block
# <min> <max>
0	1

[block]
# block no. 8 follows, 51 sequences, length 15
# corresponding to MSA columns:
# 875-889
name=unknown_I
#
# <colnr> <probs for GDERKNQSTAVLIFYWHMCP>
#	G	D	E	R	K	N	Q	S	T	A	V	L	I	F	Y	W	H	M	C	P
0	0.00668	0.00487	0.00624	0.00709	0.00783	0.00461	0.00532	0.00795	0.01007	0.01304	0.02924	0.38081	0.15187	0.09497	0.00822	0.00230	0.00351	0.24692	0.00439	0.00408
1	0.00665	0.00505	0.00602	0.00608	0.00715	0.00479	0.00449	0.00798	0.01032	0.01338	0.15110	0.03924	0.32735	0.18363	0.12717	0.00325	0.00469	0.08352	0.00408	0.00406
2	0.00669	0.00461	0.00594	0.00635	0.00708	0.00431	0.00448	0.00829	0.01132	0.01602	0.33688	0.42491	0.03615	0.01227	0.00580	0.00173	0.00258	0.01098	0.08931	0.00431
3	0.02177	0.00881	0.01168	0.00895	0.01277	0.00788	0.00740	0.08636	0.01481	0.73658	0.01876	0.01632	0.01185	0.00607	0.00494	0.00152	0.00428	0.00490	0.00599	0.00836
4	0.01389	0.00904	0.01331	0.45538	0.02431	0.01012	0.01084	0.10998	0.01263	0.22874	0.01238	0.01420	0.00861	0.00539	0.00484	0.00156	0.00554	0.00454	0.04812	0.00656
5	0.01611	0.01756	0.01423	0.01314	0.05596	0.41955	0.00988	0.16844	0.01432	0.01613	0.00947	0.01286	0.00820	0.00634	0.00674	0.00153	0.14901	0.05125	0.00306	0.00621
6	0.64143	0.06398	0.16455	0.00807	0.01201	0.01163	0.00804	0.01468	0.00886	0.02012	0.00723	0.00845	0.00556	0.00456	0.00337	0.00150	0.00457	0.00285	0.00279	0.00577
7	0.01798	0.01131	0.01257	0.00979	0.01329	0.01203	0.00804	0.51198	0.01937	0.18757	0.01398	0.01377	0.00976	0.00591	0.00470	0.00144	0.00470	0.00455	0.12944	0.00781
8	0.01019	0.00873	0.01019	0.00728	0.01165	0.00655	0.00582	0.01237	0.01019	0.01601	0.00873	0.01019	0.00728	0.00364	0.00364	0.00073	0.00364	0.00291	0.00291	0.85734
9	0.00599	0.00428	0.00570	0.00684	0.00713	0.00399	0.00456	0.00684	0.00941	0.01254	0.02709	0.82409	0.03250	0.01540	0.00627	0.00200	0.00285	0.01397	0.00456	0.00399
10	0.00712	0.00590	0.00788	0.00811	0.00847	0.00667	0.00597	0.00806	0.00913	0.01244	0.02438	0.55138	0.10192	0.01347	0.00860	0.00200	0.19890	0.01129	0.00398	0.00434
11	0.00637	0.00478	0.00576	0.00594	0.00690	0.00433	0.00421	0.00777	0.01129	0.01497	0.29758	0.25474	0.25972	0.08388	0.00761	0.00198	0.00273	0.01056	0.00472	0.00417
12	0.56434	0.00906	0.00842	0.00738	0.01042	0.00993	0.00608	0.01692	0.06577	0.18168	0.01180	0.01406	0.00914	0.00570	0.00385	0.00159	0.00394	0.05995	0.00392	0.00607
13	0.01113	0.00887	0.01231	0.17862	0.17151	0.00954	0.00924	0.11010	0.08914	0.05230	0.07985	0.02085	0.05860	0.15672	0.00872	0.00215	0.00498	0.00575	0.00359	0.00605
14	0.01460	0.07348	0.01709	0.05872	0.20410	0.07008	0.07456	0.24025	0.09209	0.05384	0.04441	0.01349	0.01018	0.00541	0.00486	0.00147	0.00571	0.00462	0.00367	0.00736

[dist]
# distance from previous block
# <min> <max>
1	28

[block]
# block no. 9 follows, 51 sequences, length 40
# corresponding to MSA columns:
# 918-957
name=unknown_J
#
# <colnr> <probs for GDERKNQSTAVLIFYWHMCP>
#	G	D	E	R	K	N	Q	S	T	A	V	L	I	F	Y	W	H	M	C	P
0	0.17279	0.14643	0.02748	0.12961	0.07289	0.28490	0.07119	0.01615	0.01123	0.01454	0.00782	0.00977	0.00636	0.00468	0.00418	0.00138	0.00672	0.00346	0.00249	0.00594
1	0.22770	0.01595	0.25949	0.01274	0.01733	0.01246	0.14907	0.14675	0.01204	0.01958	0.00883	0.01056	0.00660	0.00509	0.00548	0.00160	0.07519	0.00397	0.00289	0.00669
2	0.00645	0.00501	0.00589	0.00586	0.00720	0.00445	0.00444	0.00820	0.01229	0.01611	0.36859	0.08304	0.38300	0.01163	0.00589	0.00167	0.00257	0.05844	0.00493	0.00438
3	0.00731	0.00554	0.00717	0.00697	0.00745	0.00619	0.00495	0.00818	0.00786	0.01080	0.01715	0.02690	0.09108	0.37989	0.30886	0.00536	0.08506	0.00650	0.00293	0.00384
4	0.00664	0.00501	0.00613	0.00585	0.00715	0.00450	0.00439	0.00866	0.01317	0.01794	0.58992	0.03961	0.25159	0.01070	0.00580	0.00158	0.00237	0.00929	0.00518	0.00450
5	0.15335	0.00854	0.01075	0.00839	0.01207	0.00782	0.00693	0.02246	0.01317	0.67843	0.01743	0.01536	0.01110	0.00584	0.00464	0.00152	0.00412	0.00459	0.00561	0.00789
6	0.01868	0.01376	0.01475	0.01131	0.01524	0.01524	0.00934	0.78025	0.02311	0.03097	0.01180	0.01180	0.00836	0.00590	0.00492	0.00147	0.00541	0.00442	0.00492	0.00836
7	0.00986	0.02542	0.80183	0.01401	0.02127	0.01141	0.01816	0.01556	0.01038	0.01556	0.00882	0.01038	0.00623	0.00467	0.00467	0.00156	0.00726	0.00363	0.00208	0.00726
8	0.01056	0.00892	0.01103	0.00910	0.01145	0.00948	0.00730	0.01458	0.15042	0.04514	0.15030	0.01676	0.01559	0.00671	0.00758	0.00144	0.21627	0.00489	0.00365	0.29884
9	0.04917	0.01018	0.01066	0.00895	0.01178	0.06834	0.00710	0.20517	0.12326	0.19396	0.12174	0.05991	0.09332	0.00759	0.00509	0.00155	0.00430	0.00617	0.00495	0.00684
10	0.01910	0.00771	0.01046	0.00824	0.01153	0.00672	0.00672	0.02108	0.01404	0.64745	0.17087	0.02063	0.01885	0.00686	0.00511	0.00153	0.00382	0.00571	0.00595	0.00763
11	0.00648	0.00448	0.00556	0.00621	0.00638	0.00432	0.00389	0.00697	0.00845	0.01126	0.02215	0.48697	0.02627	0.36102	0.01425	0.00317	0.00367	0.01107	0.00389	0.00356
12	0.09668	0.00717	0.00867	0.00786	0.00990	0.00708	0.00621	0.04497	0.04265	0.26084	0.01851	0.02936	0.01694	0.22231	0.01046	0.00256	0.00442	0.19325	0.00450	0.00568
13	0.01344	0.01225	0.01407	0.13339	0.10740	0.15866	0.03361	0.12737	0.01303	0.06672	0.01292	0.03185	0.01164	0.00722	0.00645	0.00169	0.09630	0.14238	0.00340	0.00622
14	0.09259	0.03974	0.01056	0.06716	0.04275	0.00948	0.00733	0.01040	0.00801	0.01234	0.01082	0.01832	0.01083	0.22850	0.21313	0.00410	0.20165	0.00507	0.00259	0.00464
15	0.01345	0.00913	0.01039	0.00907	0.01179	0.00983	0.00712	0.02275	0.48674	0.18949	0.15309	0.02115	0.01978	0.00712	0.00512	0.00161	0.00368	0.00600	0.00531	0.00736
16	0.01612	0.20583	0.01713	0.04645	0.07299	0.39707	0.00974	0.11953	0.04423	0.01510	0.00864	0.00982	0.00705	0.00498	0.00428	0.00129	0.00706	0.00344	0.00283	0.00642
17	0.01092	0.11265	0.35529	0.01690	0.09744	0.01251	0.26298	0.01523	0.01072	0.01505	0.00915	0.01152	0.00701	0.00560	0.03432	0.00175	0.00744	0.00435	0.00227	0.00689
18	0.00741	0.00508	0.00699	0.00699	0.00780	0.00569	0.00525	0.00903	0.00822	0.01236	0.01397	0.02083	0.01308	0.13568	0.56482	0.00631	0.01017	0.00539	0.15072	0.00424
19	0.00617	0.00483	0.00559	0.00574	0.00695	0.00425	0.00417	0.00762	0.01155	0.01490	0.25187	0.22153	0.41242	0.01245	0.00591	0.00170	0.00252	0.01078	0.00480	0.00425
20	0.01412	0.00888	0.01068	0.00891	0.01177	0.00882	0.00732	0.25177	0.01596	0.17909	0.18065	0.02571	0.02061	0.00796	0.00532	0.00157	0.00418	0.14137	0.00499	0.09032
21	0.00599	0.00428	0.00570	0.00684	0.00713	0.00399	0.00456	0.00684	0.00941	0.01254	0.02709	0.82409	0.03250	0.01540	0.00627	0.00200	0.00285	0.01397	0.00456	0.00399
22	0.01324	0.01627	0.15327	0.05281	0.32061	0.14319	0.12031	0.09110	0.01267	0.01659	0.00923	0.01147	0.00724	0.00468	0.00490	0.00148	0.00691	0.00425	0.00263	0.00715
23	0.01466	0.59521	0.02231	0.00965	0.01336	0.24903	0.00873	0.01614	0.01113	0.01170	0.00705	0.00817	0.00631	0.00445	0.00353	0.00111	0.00631	0.00278	0.00223	0.00613
24	0.77909	0.01087	0.00788	0.00707	0.01006	0.08931	0.00573	0.01495	0.00891	0.02106	0.00692	0.00807	0.00542	0.00461	0.00318	0.00150	0.00430	0.00271	0.00299	0.00536
25	0.01132	0.32681	0.43209	0.01151	0.01718	0.01451	0.01347	0.01628	0.08663	0.01455	0.00917	0.01022	0.00712	0.00469	0.00413	0.00138	0.00618	0.00344	0.00237	0.00695
26	0.00664	0.00553	0.00586	0.00568	0.00736	0.00503	0.00429	0.00931	0.08800	0.01511	0.17685	0.04260	0.58733	0.01146	0.00573	0.00164	0.00260	0.00964	0.00475	0.00459
27	0.01109	0.00586	0.00787	0.00781	0.00931	0.00551	0.00613	0.01267	0.01100	0.22124	0.02269	0.24805	0.02291	0.07879	0.03986	0.00237	0.00424	0.23103	0.04629	0.00527
28	0.01063	0.01393	0.26963	0.01204	0.09093	0.00948	0.01094	0.15052	0.01326	0.03003	0.13981	0.06795	0.08848	0.00870	0.04435	0.00187	0.00544	0.00605	0.01952	0.00643
29	0.00616	0.00463	0.00571	0.00620	0.00705	0.00418	0.00436	0.00745	0.01090	0.01435	0.20569	0.44162	0.23702	0.01341	0.00604	0.00181	0.00264	0.01188	0.00475	0.00418
30	0.01660	0.09692	0.01472	0.01124	0.01442	0.31159	0.00896	0.25464	0.18633	0.01968	0.01154	0.01175	0.00886	0.00559	0.00458	0.00140	0.00635	0.00402	0.00377	0.00703
31	0.01153	0.08965	0.01442	0.08531	0.21807	0.01041	0.00966	0.08413	0.01122	0.06996	0.01256	0.10771	0.01163	0.03946	0.11625	0.00250	0.04725	0.00550	0.00317	0.04961
