[name]
unknown

[dist]
# distance from previous block
# <min> <max>
3	47

[block]
# block no. 0 follows, 35 sequences, length 24
# corresponding to MSA columns:
# 680-703
name=unknown_A
#
# <colnr> <probs for GDERKNQSTAVLIFYWHMCP>
#	G	D	E	R	K	N	Q	S	T	A	V	L	I	F	Y	W	H	M	C	P
0	0.00853	0.00618	0.00805	0.00819	0.00936	0.00570	0.00591	0.01088	0.01600	0.02223	0.48955	0.27494	0.08026	0.01525	0.00768	0.00218	0.00322	0.01360	0.00660	0.00570
1	0.01686	0.01681	0.01892	0.19866	0.18120	0.15709	0.01446	0.06397	0.22362	0.02145	0.01562	0.01747	0.01207	0.00696	0.00624	0.00197	0.00774	0.00580	0.00424	0.00885
2	0.06515	0.01110	0.01749	0.37572	0.19299	0.01272	0.01478	0.01636	0.01272	0.01863	0.01295	0.01789	0.01044	0.01136	0.09814	0.00298	0.00850	0.00567	0.08695	0.00744
3	0.02215	0.22224	0.02262	0.01391	0.01876	0.15010	0.01177	0.40971	0.02325	0.02903	0.01258	0.01322	0.00963	0.00685	0.00563	0.00171	0.00771	0.00481	0.00484	0.00948
4	0.00837	0.00552	0.00754	0.00872	0.00902	0.00522	0.00581	0.00872	0.01139	0.01518	0.03027	0.62525	0.03590	0.02030	0.01137	0.16184	0.00404	0.01558	0.00527	0.00468
5	0.10342	0.01543	0.01733	0.14621	0.02269	0.01754	0.01221	0.41838	0.12828	0.03257	0.01544	0.01627	0.01124	0.00736	0.00611	0.00198	0.00674	0.00568	0.00549	0.00961
6	0.19876	0.01374	0.01922	0.16966	0.32429	0.01505	0.01490	0.06528	0.07913	0.02338	0.01258	0.01541	0.00991	0.00624	0.00578	0.00197	0.00685	0.00529	0.00377	0.00879
7	0.01331	0.00956	0.01087	0.00969	0.01218	0.00984	0.00748	0.16141	0.09765	0.04132	0.27442	0.11164	0.10725	0.01171	0.00685	0.00201	0.00419	0.00998	0.09127	0.00738
8	0.00796	0.00606	0.00732	0.00781	0.00906	0.00543	0.00555	0.00970	0.01436	0.01880	0.21795	0.35400	0.27928	0.01688	0.00774	0.00229	0.00335	0.01485	0.00616	0.00543
9	0.01862	0.02078	0.05906	0.02059	0.18899	0.26176	0.01385	0.05820	0.24914	0.02174	0.01589	0.01673	0.01239	0.00703	0.00614	0.00190	0.00810	0.00558	0.00439	0.00914
10	0.34703	0.10851	0.01599	0.06269	0.01705	0.01661	0.00962	0.23347	0.01721	0.05287	0.01216	0.01443	0.00957	0.05050	0.00656	0.00212	0.00611	0.00471	0.00457	0.00821
11	0.49570	0.01068	0.00950	0.00890	0.01191	0.01186	0.00695	0.07679	0.01303	0.02567	0.01945	0.20626	0.06149	0.01020	0.00541	0.00212	0.00467	0.00794	0.00476	0.00669
12	0.01362	0.01555	0.15837	0.09440	0.13766	0.01253	0.01391	0.11123	0.06569	0.02469	0.25462	0.02645	0.02688	0.00871	0.00666	0.00199	0.00623	0.00752	0.00496	0.00835
13	0.00797	0.00594	0.00706	0.00775	0.00864	0.00542	0.00523	0.00913	0.01262	0.01626	0.07423	0.40347	0.24569	0.14618	0.01197	0.00302	0.00393	0.01486	0.00560	0.00503
14	0.01198	0.01087	0.01601	0.05218	0.15604	0.01258	0.01209	0.01404	0.01200	0.01718	0.01908	0.25477	0.02082	0.01257	0.01176	0.00241	0.25953	0.04814	0.00405	0.05191
15	0.00895	0.00651	0.00915	0.00931	0.01010	0.00723	0.00679	0.01058	0.01019	0.01434	0.01962	0.10997	0.02032	0.20919	0.50867	0.00845	0.01310	0.00857	0.00377	0.00520
16	0.14005	0.15317	0.30916	0.01402	0.02068	0.01663	0.01530	0.13497	0.01614	0.10538	0.01273	0.01360	0.00920	0.00637	0.00546	0.00187	0.00741	0.00463	0.00406	0.00918
17	0.01494	0.06489	0.01515	0.01195	0.01454	0.10174	0.08426	0.01779	0.04714	0.09608	0.01923	0.02975	0.01780	0.19895	0.08056	0.00373	0.00783	0.07876	0.08816	0.00673
18	0.00815	0.00645	0.00732	0.00711	0.00897	0.00563	0.00533	0.01036	0.01599	0.02077	0.35726	0.05508	0.43964	0.01471	0.00749	0.00208	0.00312	0.01255	0.00637	0.00563
19	0.01563	0.07033	0.15263	0.03057	0.48402	0.01594	0.01865	0.05113	0.06113	0.02144	0.01267	0.01541	0.01020	0.00598	0.00610	0.00189	0.00762	0.00543	0.00339	0.00983
20	0.15814	0.01353	0.06371	0.12225	0.01944	0.05334	0.06839	0.11121	0.01539	0.02463	0.01458	0.01724	0.01115	0.00669	0.00532	0.00181	0.00620	0.00535	0.27418	0.00744
21	0.01086	0.00934	0.01375	0.01795	0.25267	0.00887	0.01021	0.01377	0.01592	0.02183	0.32830	0.04015	0.20883	0.01128	0.00708	0.00199	0.00457	0.01000	0.00543	0.00719
22	0.01677	0.01869	0.10300	0.01483	0.06556	0.25764	0.01179	0.01971	0.01581	0.09061	0.15734	0.02254	0.02070	0.01511	0.13855	0.00332	0.00962	0.00645	0.00441	0.00755
23	0.01154	0.13112	0.17824	0.01547	0.09137	0.01204	0.05804	0.01472	0.01296	0.01760	0.02195	0.36123	0.02390	0.01219	0.00680	0.00217	0.00627	0.01089	0.00424	0.00727

[dist]
# distance from previous block
# <min> <max>
9	65

[block]
# block no. 1 follows, 35 sequences, length 40
# corresponding to MSA columns:
# 839-878
name=unknown_B
#
# <colnr> <probs for GDERKNQSTAVLIFYWHMCP>
#	G	D	E	R	K	N	Q	S	T	A	V	L	I	F	Y	W	H	M	C	P
0	0.23343	0.01279	0.01201	0.01057	0.01363	0.05750	0.00842	0.11178	0.14993	0.02590	0.02005	0.02082	0.07755	0.00828	0.00660	0.00197	0.06591	0.00599	0.14918	0.00771
1	0.01248	0.01267	0.06892	0.01051	0.01336	0.11905	0.00879	0.01488	0.01498	0.06057	0.10531	0.17092	0.20408	0.01305	0.00709	0.00210	0.00553	0.08513	0.00530	0.06528
2	0.02060	0.22766	0.07995	0.01472	0.01918	0.41336	0.01264	0.06509	0.05830	0.01784	0.01093	0.01220	0.00896	0.00639	0.00539	0.00164	0.00940	0.00423	0.00344	0.00809
3	0.08067	0.01343	0.01994	0.20041	0.31193	0.01399	0.01520	0.08215	0.01525	0.07442	0.01270	0.01564	0.00982	0.00606	0.00593	0.00184	0.00700	0.00531	0.00383	0.10448
4	0.12408	0.02045	0.12422	0.01399	0.01822	0.21886	0.01242	0.11949	0.01629	0.06641	0.01243	0.01460	0.00979	0.01173	0.09490	0.00286	0.06755	0.00488	0.00399	0.04284
5	0.01037	0.00754	0.00935	0.04128	0.01198	0.00733	0.00708	0.07610	0.01589	0.04111	0.19827	0.30488	0.18072	0.01536	0.00758	0.00227	0.00409	0.04652	0.00610	0.00618
6	0.07546	0.00853	0.01070	0.01191	0.07674	0.00827	0.00774	0.06286	0.01351	0.01965	0.02583	0.46287	0.02923	0.05163	0.00825	0.00240	0.00461	0.01273	0.00516	0.10193
7	0.00861	0.00603	0.00702	0.00746	0.00874	0.00549	0.00533	0.01052	0.01405	0.01942	0.16297	0.30333	0.24411	0.01532	0.00716	0.00215	0.00329	0.01336	0.15014	0.00549
8	0.01612	0.08899	0.11061	0.06724	0.20650	0.15849	0.15833	0.01997	0.01453	0.01829	0.01172	0.01520	0.00956	0.00918	0.06582	0.00253	0.00990	0.00549	0.00309	0.00844
9	0.01588	0.01236	0.01965	0.01539	0.01854	0.01291	0.19823	0.15441	0.01541	0.07311	0.01457	0.02073	0.01249	0.11204	0.05114	0.15745	0.07770	0.00669	0.00413	0.00716
10	0.00791	0.00575	0.00751	0.00884	0.00946	0.00534	0.00614	0.00920	0.01255	0.01650	0.03751	0.65236	0.10427	0.01934	0.00810	0.00256	0.00381	0.07173	0.00589	0.00523
11	0.01342	0.11239	0.39497	0.01374	0.01996	0.01371	0.01578	0.06858	0.01440	0.02128	0.01533	0.08395	0.01294	0.00759	0.00569	0.00187	0.00711	0.00606	0.16294	0.00827
12	0.00862	0.00661	0.00798	0.00804	0.00978	0.00597	0.00629	0.01104	0.01596	0.02096	0.34023	0.05722	0.32416	0.01503	0.00772	0.00222	0.00360	0.13652	0.00634	0.00571
13	0.18217	0.08297	0.07370	0.01142	0.01641	0.01295	0.01022	0.03802	0.08457	0.39613	0.01917	0.01776	0.01293	0.00717	0.00566	0.00193	0.00573	0.00546	0.00603	0.00959
14	0.01189	0.00842	0.01074	0.01039	0.01187	0.00938	0.00781	0.01709	0.22668	0.01719	0.01844	0.02519	0.01634	0.02460	0.21467	0.30406	0.00848	0.04660	0.00423	0.00593
15	0.01688	0.01340	0.01572	0.01430	0.09475	0.01324	0.01021	0.22379	0.11779	0.02744	0.01545	0.01653	0.01193	0.00646	0.00557	0.00155	0.00555	0.00522	0.08311	0.30110
16	0.02065	0.01564	0.01545	0.06732	0.01877	0.13946	0.01071	0.10994	0.25915	0.19722	0.02029	0.01959	0.01459	0.00772	0.00617	0.00195	0.00657	0.00610	0.05333	0.00939
17	0.01377	0.38433	0.02217	0.06503	0.01584	0.01734	0.00992	0.01589	0.01186	0.01561	0.01246	0.01737	0.01152	0.07061	0.15518	0.00363	0.06919	0.00505	0.07626	0.00696
18	0.01077	0.00861	0.01098	0.01050	0.01172	0.00994	0.00787	0.01546	0.14741	0.01757	0.07728	0.09616	0.02296	0.16937	0.26624	0.00574	0.09206	0.00859	0.00451	0.00627
19	0.01319	0.00942	0.01355	0.01264	0.01474	0.00982	0.06073	0.05617	0.01491	0.09822	0.02944	0.17088	0.07687	0.01454	0.00949	0.00257	0.09547	0.28495	0.00555	0.00685
20	0.00839	0.00585	0.00738	0.00819	0.00846	0.00572	0.00524	0.00915	0.01090	0.01460	0.02805	0.44365	0.03301	0.31227	0.06567	0.00444	0.00549	0.01392	0.00494	0.00468
21	0.01223	0.01179	0.01756	0.30662	0.04138	0.06527	0.07558	0.01547	0.01220	0.01602	0.01319	0.01920	0.01124	0.02148	0.27685	0.00504	0.06291	0.00610	0.00310	0.00676
22	0.01562	0.14237	0.01745	0.01479	0.10917	0.01393	0.01033	0.03643	0.23500	0.10606	0.02308	0.20727	0.02128	0.01039	0.00643	0.00206	0.00540	0.00892	0.00540	0.00860
23	0.31494	0.01789	0.01762	0.02153	0.27637	0.19926	0.01287	0.03435	0.01429	0.02265	0.01032	0.01264	0.00842	0.00600	0.00527	0.00185	0.00753	0.00444	0.00353	0.00822
24	0.01161	0.01053	0.01637	0.17279	0.28076	0.01079	0.01323	0.01458	0.01389	0.01830	0.02961	0.10081	0.21086	0.01075	0.00697	0.00214	0.00608	0.05825	0.00426	0.00742
25	0.01489	0.01560	0.01711	0.02159	0.27538	0.19928	0.01266	0.01736	0.01438	0.01751	0.02046	0.08826	0.09842	0.01584	0.13965	0.00340	0.00937	0.00746	0.00378	0.00760
26	0.11626	0.00762	0.00836	0.00792	0.01011	0.00739	0.00604	0.02236	0.01442	0.06282	0.18735	0.06866	0.31764	0.04347	0.08912	0.00311	0.00519	0.01046	0.00564	0.00606
27	0.09011	0.09487	0.01449	0.01059	0.01391	0.06235	0.00864	0.01953	0.01443	0.21478	0.11057	0.02223	0.01890	0.01797	0.19592	0.00393	0.02029	0.00623	0.00505	0.05522
28	0.00941	0.00638	0.00802	0.00843	0.00931	0.00621	0.00615	0.01122	0.01334	0.01858	0.19838	0.15205	0.03709	0.24298	0.01500	0.00348	0.00467	0.16554	0.07856	0.00519
29	0.10934	0.14263	0.01655	0.06420	0.01700	0.01239	0.00874	0.01682	0.01280	0.02029	0.01057	0.01258	0.00882	0.00508	0.00462	0.00122	0.00535	0.00379	0.00353	0.52367
30	0.01506	0.01075	0.01491	0.19213	0.11528	0.01123	0.01156	0.02050	0.13602	0.15732	0.02994	0.05102	0.18833	0.00966	0.00669	0.00208	0.00576	0.00827	0.00527	0.00820
31	0.01327	0.05797	0.01303	0.06514	0.01498	0.11332	0.00867	0.01852	0.16544	0.01778	0.02168	0.02722	0.07574	0.15321	0.15559	0.00427	0.00852	0.00714	0.05177	0.00675
32	0.10172	0.01480	0.06553	0.04783	0.10589	0.10797	0.01188	0.01630	0.01315	0.01876	0.05779	0.04869	0.11154	0.01236	0.06342	0.00273	0.16580	0.00699	0.01974	0.00711
33	0.03966	0.01692	0.27925	0.01321	0.01795	0.01013	0.01420	0.01640	0.01422	0.06196	0.02808	0.04382	0.11461	0.01215	0.00729	0.00240	0.00674	0.28888	0.00474	0.00740
34	0.01380	0.06634	0.01583	0.10346	0.11223	0.09332	0.01104	0.02037	0.20638	0.01958	0.02711	0.12441	0.13984	0.01026	0.00657	0.00205	0.00610	0.00868	0.00481	0.00782
35	0.01221	0.01057	0.01338	0.05609	0.01573	0.07643	0.06520	0.06474	0.01376	0.01826	0.02046	0.14533	0.02049	0.06077	0.25293	0.00503	0.01014	0.07949	0.05264	0.00637
36	0.07198	0.02235	0.25179	0.01759	0.09211	0.12661	0.01575	0.08207	0.08042	0.02164	0.01543	0.01708	0.05221	0.00762	0.00776	0.00204	0.09762	0.00554	0.00377	0.00862
37	0.01279	0.04669	0.37223	0.01391	0.01926	0.01226	0.01533	0.01717	0.01255	0.06795	0.04535	0.02165	0.01441	0.14366	0.10916	0.00381	0.05444	0.00615	0.00352	0.00771
38	0.01245	0.05046	0.22653	0.22134	0.18566	0.01339	0.01719	0.01688	0.01344	0.01837	0.01878	0.07266	0.09034	0.00806	0.00639	0.00204	0.00754	0.00698	0.00339	0.00811
39	0.01369	0.09547	0.35496	0.07112	0.06418	0.01403	0.01635	0.07033	0.01462	0.02133	0.01571	0.01779	0.04526	0.00682	0.00568	0.00185	0.00731	0.00541	0.14969	0.00840

[dist]
# distance from previous block
# <min> <max>
0	163

[block]
# block no. 2 follows, 35 sequences, length 27
# corresponding to MSA columns:
# 1042-1068
name=unknown_C
#
# <colnr> <probs for GDERKNQSTAVLIFYWHMCP>
#	G	D	E	R	K	N	Q	S	T	A	V	L	I	F	Y	W	H	M	C	P
0	0.01362	0.01550	0.12798	0.01445	0.06737	0.01107	0.07011	0.01858	0.06889	0.02101	0.01260	0.01451	0.01003	0.00532	0.00538	0.00136	0.00613	0.00461	0.00372	0.50777
1	0.01171	0.00776	0.00960	0.01034	0.06942	0.00779	0.00600	0.01342	0.05878	0.07073	0.02010	0.03660	0.02115	0.60075	0.02635	0.00520	0.00613	0.00857	0.00427	0.00532
2	0.01343	0.06571	0.01538	0.05936	0.07361	0.16011	0.05152	0.01689	0.07027	0.01778	0.03513	0.05800	0.31622	0.01090	0.00668	0.00198	0.00638	0.00905	0.00462	0.00697
3	0.49931	0.08371	0.01481	0.01114	0.01509	0.07407	0.06705	0.01986	0.06765	0.02453	0.01233	0.06351	0.01066	0.00701	0.00486	0.00195	0.00601	0.00510	0.00403	0.00730
4	0.01014	0.00782	0.01058	0.01035	0.01178	0.00902	0.00792	0.01469	0.12326	0.01639	0.01864	0.02611	0.01702	0.10246	0.57386	0.00859	0.01419	0.00706	0.00392	0.00620
5	0.01394	0.01318	0.02200	0.18576	0.36659	0.01323	0.07200	0.01773	0.01419	0.02009	0.06795	0.01815	0.01345	0.00620	0.00624	0.00182	0.00720	0.00596	0.00347	0.13083
6	0.01702	0.01385	0.02358	0.05665	0.49152	0.01364	0.07294	0.02066	0.01500	0.12946	0.01565	0.02109	0.01287	0.00691	0.00659	0.00201	0.00737	0.05952	0.00406	0.00961
7	0.00972	0.00673	0.00899	0.00859	0.01018	0.00646	0.00660	0.01253	0.01646	0.04943	0.53430	0.04487	0.07506	0.01845	0.12141	0.00331	0.00539	0.04907	0.00636	0.00608
8	0.01085	0.01220	0.11421	0.01156	0.01492	0.00956	0.06820	0.01646	0.12714	0.02109	0.20680	0.04054	0.18714	0.07398	0.00923	0.00247	0.00535	0.05592	0.00541	0.00699
9	0.00914	0.00631	0.00811	0.00825	0.00897	0.00658	0.00572	0.01056	0.01106	0.01567	0.07758	0.12309	0.04447	0.29564	0.26898	0.00628	0.00895	0.00947	0.07016	0.00500
10	0.09317	0.58301	0.07340	0.05712	0.01828	0.02237	0.01164	0.01945	0.04153	0.01709	0.00982	0.01135	0.00849	0.00569	0.00441	0.00153	0.00680	0.00377	0.00298	0.00811
11	0.33133	0.22905	0.07355	0.01143	0.01644	0.03852	0.01057	0.18055	0.01617	0.02639	0.01053	0.01167	0.00825	0.00619	0.00473	0.00178	0.00642	0.00406	0.00404	0.00833
12	0.00906	0.00680	0.01020	0.01020	0.01133	0.00793	0.00793	0.01133	0.01020	0.01473	0.01699	0.02492	0.01586	0.04758	0.75191	0.01020	0.01699	0.00680	0.00340	0.00566
13	0.13057	0.00814	0.00888	0.00837	0.00958	0.00880	0.00572	0.07017	0.01136	0.01745	0.01740	0.03168	0.01833	0.46592	0.15688	0.00591	0.00801	0.00763	0.00398	0.00520
14	0.00923	0.00615	0.00692	0.00692	0.00692	0.00615	0.00384	0.00923	0.00923	0.01230	0.01999	0.04151	0.02306	0.77705	0.03229	0.00615	0.00615	0.00923	0.00384	0.00384
15	0.00923	0.00615	0.00692	0.00692	0.00692	0.00615	0.00384	0.00923	0.00923	0.01230	0.01999	0.04151	0.02306	0.77705	0.03229	0.00615	0.00615	0.00923	0.00384	0.00384
16	0.01119	0.00691	0.00856	0.00858	0.01047	0.00615	0.00649	0.01303	0.01466	0.12871	0.11092	0.27491	0.27643	0.01583	0.00764	0.00231	0.00393	0.08075	0.00629	0.00623
17	0.01341	0.01307	0.02010	0.29607	0.12055	0.01688	0.01599	0.01616	0.01143	0.01633	0.00989	0.01524	0.00860	0.00863	0.01355	0.00241	0.38585	0.00560	0.00284	0.00738
18	0.01630	0.16536	0.02594	0.08733	0.31052	0.01725	0.07925	0.01945	0.01363	0.07446	0.01183	0.01503	0.00969	0.00661	0.00812	0.00196	0.11963	0.00541	0.00335	0.00888
19	0.14273	0.02001	0.18497	0.01428	0.02004	0.01732	0.01370	0.38242	0.09040	0.03231	0.01439	0.01487	0.01038	0.00708	0.00591	0.00196	0.00703	0.00527	0.00514	0.00979
20	0.00923	0.00615	0.00692	0.00692	0.00692	0.00615	0.00384	0.00923	0.00923	0.01230	0.01999	0.04151	0.02306	0.77705	0.03229	0.00615	0.00615	0.00923	0.00384	0.00384
21	0.01374	0.02434	0.37952	0.06435	0.05859	0.01526	0.31208	0.01994	0.01406	0.01999	0.01201	0.01524	0.00880	0.00575	0.00667	0.00206	0.00980	0.00595	0.00293	0.00893
22	0.01997	0.33239	0.02430	0.01415	0.01796	0.38313	0.01185	0.02174	0.01508	0.01526	0.00926	0.01118	0.00818	0.00655	0.00659	0.00164	0.08619	0.00395	0.00299	0.00763
23	0.01273	0.01068	0.01520	0.24660	0.13221	0.01193	0.01188	0.01828	0.15277	0.03238	0.03620	0.02620	0.01665	0.23378	0.01402	0.00327	0.00675	0.00717	0.00410	0.00720
24	0.02195	0.01342	0.01534	0.01236	0.01672	0.01401	0.01001	0.26483	0.18762	0.26122	0.04348	0.02347	0.06884	0.00869	0.00650	0.00200	0.00563	0.00699	0.00684	0.01009
25	0.26573	0.01250	0.01231	0.01062	0.01387	0.01399	0.00823	0.21161	0.13894	0.02761	0.01707	0.06267	0.01509	0.15119	0.01054	0.00279	0.00566	0.00661	0.00512	0.00784
26	0.20926	0.01280	0.01593	0.01391	0.05687	0.04131	0.11642	0.06563	0.08758	0.02456	0.12929	0.02467	0.09416	0.00827	0.00608	0.00193	0.00586	0.00705	0.00483	0.07359

[dist]
# distance from previous block
# <min> <max>
0	3

[block]
# block no. 3 follows, 35 sequences, length 8
# corresponding to MSA columns:
# 1074-1081
name=unknown_D
#
# <colnr> <probs for GDERKNQSTAVLIFYWHMCP>
#	G	D	E	R	K	N	Q	S	T	A	V	L	I	F	Y	W	H	M	C	P
0	0.19508	0.01314	0.01475	0.01240	0.01595	0.03497	0.06627	0.26184	0.01874	0.02839	0.01846	0.14159	0.01715	0.00972	0.00619	0.00208	0.00601	0.05859	0.07071	0.00797
1	0.03699	0.02027	0.26166	0.05764	0.02565	0.01485	0.20884	0.10499	0.01513	0.02166	0.01288	0.01647	0.00997	0.01240	0.11711	0.00328	0.04233	0.00595	0.00343	0.00848
2	0.01697	0.01466	0.01495	0.08075	0.01849	0.10053	0.01057	0.23276	0.18739	0.02648	0.07372	0.15339	0.02146	0.01018	0.00669	0.00208	0.00629	0.00847	0.00566	0.00851
3	0.30510	0.01324	0.01215	0.01085	0.01450	0.07280	0.00867	0.02445	0.22392	0.12725	0.02122	0.02291	0.05903	0.00838	0.00569	0.00206	0.00549	0.04862	0.00542	0.00825
4	0.01262	0.01016	0.01330	0.25368	0.02193	0.01142	0.01034	0.11808	0.07757	0.01967	0.02193	0.09608	0.07577	0.21458	0.01354	0.00321	0.00646	0.00850	0.00446	0.00670
5	0.00863	0.00640	0.00894	0.00931	0.01023	0.00690	0.00686	0.01037	0.01092	0.01507	0.02521	0.21693	0.07560	0.09762	0.45199	0.00736	0.01176	0.01030	0.00424	0.00537
6	0.01097	0.01227	0.12188	0.01280	0.01641	0.00895	0.13384	0.01443	0.01515	0.05232	0.22863	0.16159	0.16040	0.01210	0.00733	0.00215	0.00556	0.01100	0.00534	0.00690
7	0.01802	0.66813	0.03114	0.01141	0.01678	0.02430	0.01103	0.12202	0.01539	0.01863	0.00977	0.01092	0.00853	0.00575	0.00441	0.00144	0.00681	0.00373	0.00325	0.00853

[dist]
# distance from previous block
# <min> <max>
0	1

[block]
# block no. 4 follows, 35 sequences, length 22
# corresponding to MSA columns:
# 1083-1104
name=unknown_E
#
# <colnr> <probs for GDERKNQSTAVLIFYWHMCP>
#	G	D	E	R	K	N	Q	S	T	A	V	L	I	F	Y	W	H	M	C	P
0	0.24494	0.10498	0.01482	0.03202	0.01440	0.01384	0.03035	0.04749	0.04662	0.02043	0.01336	0.01869	0.01200	0.08877	0.21297	0.00460	0.06368	0.00551	0.00372	0.00681
1	0.01420	0.01487	0.01883	0.62047	0.03913	0.15392	0.01660	0.01794	0.01369	0.01608	0.01100	0.01588	0.00840	0.00638	0.00622	0.00202	0.00902	0.00534	0.00290	0.00711
2	0.77019	0.01186	0.00911	0.00819	0.01196	0.01370	0.00671	0.01840	0.01096	0.02816	0.00959	0.01116	0.00747	0.00598	0.00396	0.00193	0.00478	0.00359	0.05549	0.00681
3	0.00859	0.00659	0.00794	0.00795	0.00970	0.00594	0.00619	0.01101	0.01603	0.02110	0.35541	0.05668	0.32554	0.01493	0.00769	0.00220	0.00353	0.12089	0.00637	0.00571
4	0.01515	0.02884	0.56251	0.01712	0.02535	0.01577	0.02049	0.15976	0.05272	0.02439	0.01288	0.01428	0.00916	0.00647	0.00611	0.00200	0.00868	0.00502	0.00360	0.00969
5	0.00921	0.00675	0.00730	0.00699	0.00924	0.00573	0.00530	0.01107	0.01520	0.07045	0.15268	0.05635	0.59117	0.01505	0.00742	0.00211	0.00334	0.01262	0.00618	0.00583
6	0.02067	0.01921	0.01771	0.01457	0.01850	0.22937	0.06136	0.29893	0.08680	0.02747	0.01525	0.01684	0.01175	0.03089	0.00683	0.00195	0.00786	0.00563	0.09964	0.00878
7	0.00809	0.00645	0.00724	0.00705	0.00893	0.00561	0.00528	0.01025	0.01585	0.02045	0.33126	0.05561	0.46585	0.01483	0.00749	0.00208	0.00313	0.01263	0.00633	0.00561
8	0.01781	0.01782	0.01870	0.08389	0.21189	0.23293	0.01372	0.08548	0.01616	0.04960	0.01405	0.07002	0.01241	0.01141	0.07559	0.00269	0.04757	0.00621	0.00385	0.00818
9	0.00815	0.00641	0.00708	0.00694	0.00860	0.00564	0.00502	0.00994	0.01474	0.01884	0.24846	0.05451	0.44624	0.11884	0.01087	0.00265	0.00355	0.01228	0.00592	0.00533
10	0.07591	0.24758	0.08664	0.16479	0.05760	0.03298	0.01360	0.06780	0.01358	0.01878	0.01088	0.01421	0.00911	0.01032	0.07543	0.00264	0.08234	0.00478	0.00319	0.00786
11	0.03787	0.38787	0.08643	0.01083	0.01664	0.01727	0.01051	0.01788	0.01298	0.01804	0.01002	0.01164	0.00860	0.00520	0.00449	0.00126	0.00613	0.00365	0.00316	0.32952
12	0.01600	0.01429	0.02430	0.01823	0.03648	0.01325	0.31316	0.08420	0.06128	0.07438	0.01540	0.05347	0.01232	0.00648	0.00648	0.00179	0.00757	0.00668	0.00432	0.22992
13	0.01275	0.01094	0.01500	0.01972	0.26687	0.04703	0.01156	0.01540	0.01484	0.05441	0.07512	0.10689	0.19724	0.01190	0.00717	0.00217	0.00568	0.11291	0.00495	0.00747
14	0.01840	0.01640	0.01566	0.01263	0.01673	0.13764	0.00993	0.24894	0.07914	0.02562	0.01429	0.01724	0.01178	0.08194	0.00893	0.00206	0.03854	0.00535	0.00472	0.23406
15	0.00872	0.00649	0.00816	0.00875	0.01009	0.00604	0.00676	0.01082	0.01455	0.01907	0.19707	0.20500	0.21308	0.05433	0.00920	0.00261	0.00414	0.20359	0.00602	0.00552
16	0.01240	0.01284	0.01456	0.01293	0.01478	0.13011	0.07545	0.01426	0.01335	0.01645	0.02999	0.16950	0.21756	0.01463	0.04672	0.00268	0.18101	0.01008	0.00438	0.00632
17	0.01590	0.08430	0.18405	0.01658	0.04060	0.08386	0.09265	0.12338	0.01543	0.02083	0.01245	0.01662	0.01043	0.06429	0.04145	0.00266	0.13069	0.00561	0.03006	0.00817
18	0.01016	0.00828	0.01161	0.01437	0.14806	0.00757	0.00859	0.01211	0.01294	0.01801	0.02877	0.44160	0.08108	0.01426	0.00709	0.00214	0.00451	0.01285	0.02764	0.12836
19	0.01437	0.20153	0.37981	0.02023	0.15854	0.01761	0.01893	0.01930	0.01316	0.01859	0.01063	0.01313	0.00847	0.00626	0.00691	0.00190	0.07421	0.00464	0.00278	0.00900
20	0.09429	0.01484	0.11693	0.01674	0.04304	0.01177	0.21901	0.01742	0.01373	0.04598	0.01778	0.12432	0.01680	0.00886	0.00666	0.00205	0.00722	0.08608	0.00412	0.13235
21	0.09061	0.01711	0.11367	0.01246	0.01662	0.13190	0.01091	0.08620	0.12018	0.07932	0.03369	0.12257	0.06840	0.00941	0.00623	0.00197	0.00650	0.00757	0.00501	0.05968

[dist]
# distance from previous block
# <min> <max>
4	43

[block]
# block no. 5 follows, 35 sequences, length 69
# corresponding to MSA columns:
# 1174-1242
name=unknown_F
#
# <colnr> <probs for GDERKNQSTAVLIFYWHMCP>
#	G	D	E	R	K	N	Q	S	T	A	V	L	I	F	Y	W	H	M	C	P
0	0.01433	0.01047	0.01295	0.01087	0.01410	0.01065	0.00866	0.05433	0.10665	0.09037	0.05166	0.02064	0.01571	0.01717	0.18758	0.00373	0.07505	0.00595	0.05191	0.23722
1	0.01327	0.05378	0.13577	0.01497	0.01892	0.05561	0.13919	0.08896	0.01514	0.01999	0.02296	0.26090	0.07078	0.01148	0.00775	0.00220	0.04631	0.01014	0.00446	0.00743
2	0.00818	0.00629	0.00748	0.00753	0.00908	0.00559	0.00552	0.01029	0.01555	0.02055	0.34789	0.18461	0.31771	0.01542	0.00760	0.00216	0.00320	0.01341	0.00636	0.00559
3	0.00810	0.00610	0.00785	0.00865	0.00968	0.00585	0.00627	0.00970	0.01268	0.01661	0.05955	0.40703	0.20194	0.02348	0.13864	0.00382	0.00602	0.05717	0.00548	0.00536
4	0.01155	0.01051	0.01712	0.47053	0.13356	0.01209	0.01490	0.01514	0.01347	0.01778	0.08549	0.10133	0.05319	0.00878	0.00668	0.00212	0.00704	0.00789	0.00374	0.00709
5	0.01889	0.22490	0.02504	0.03891	0.27082	0.14798	0.01449	0.14702	0.01740	0.02165	0.01130	0.01340	0.00930	0.00612	0.00560	0.00171	0.00794	0.00478	0.00362	0.00913
6	0.18579	0.02314	0.11048	0.04847	0.02246	0.31941	0.14050	0.02169	0.01490	0.01968	0.01037	0.01279	0.00817	0.00625	0.00618	0.00190	0.03208	0.00475	0.00329	0.00770
7	0.01093	0.00876	0.01240	0.01045	0.01274	0.00841	0.08063	0.04857	0.01359	0.01894	0.16035	0.03339	0.06688	0.23759	0.14004	0.00446	0.00752	0.00842	0.00456	0.11136
8	0.00906	0.00680	0.01020	0.01020	0.01133	0.00793	0.00793	0.01133	0.01020	0.01473	0.01699	0.02492	0.01586	0.04758	0.75191	0.01020	0.01699	0.00680	0.00340	0.00566
9	0.01514	0.01587	0.01314	0.01218	0.01447	0.26957	0.00935	0.06578	0.01526	0.01766	0.05727	0.02517	0.10866	0.02379	0.28844	0.00500	0.02574	0.00685	0.00406	0.00662
10	0.01570	0.01507	0.02575	0.03894	0.73748	0.01507	0.01947	0.01947	0.01444	0.02073	0.01193	0.01570	0.01005	0.00565	0.00628	0.00188	0.00754	0.00565	0.00314	0.01005
11	0.01496	0.01431	0.02440	0.18378	0.59846	0.01488	0.01910	0.01882	0.01409	0.01982	0.01180	0.01594	0.00973	0.00579	0.00629	0.00193	0.00772	0.00565	0.00308	0.00945
12	0.01022	0.00730	0.01022	0.01168	0.01314	0.00730	0.01022	0.01314	0.01460	0.01899	0.03359	0.07156	0.03651	0.01752	0.00876	0.00292	0.00584	0.69478	0.00584	0.00584
13	0.02270	0.02834	0.01895	0.01916	0.10925	0.65962	0.01316	0.02460	0.01754	0.01618	0.01007	0.01197	0.00841	0.00643	0.00579	0.00167	0.01095	0.00428	0.00325	0.00769
14	0.00773	0.00552	0.00736	0.00883	0.00920	0.00515	0.00589	0.00883	0.01215	0.01619	0.03497	0.77291	0.04196	0.01987	0.00810	0.00258	0.00368	0.01803	0.00589	0.00515
15	0.02230	0.01976	0.01722	0.01415	0.01830	0.21574	0.01127	0.41864	0.07203	0.03096	0.01499	0.01556	0.01117	0.00737	0.00601	0.00181	0.00768	0.00539	0.08032	0.00936
16	0.01878	0.57821	0.02912	0.01234	0.01718	0.22124	0.01123	0.02071	0.01426	0.01509	0.00909	0.01052	0.00815	0.00573	0.00452	0.00143	0.00804	0.00358	0.00286	0.00793
17	0.01696	0.78087	0.03324	0.01085	0.01628	0.02510	0.01085	0.01900	0.01289	0.01493	0.00882	0.01018	0.00814	0.00543	0.00407	0.00136	0.00678	0.00339	0.00271	0.00814
18	0.00871	0.00696	0.00814	0.00799	0.01005	0.00588	0.00580	0.01044	0.01357	0.01797	0.08786	0.32439	0.29245	0.01525	0.00722	0.00208	0.00365	0.01329	0.00557	0.15270
19	0.02741	0.01248	0.01577	0.01209	0.01704	0.01183	0.00999	0.19682	0.02098	0.57198	0.02266	0.02005	0.01451	0.00779	0.00637	0.00195	0.00578	0.00622	0.00749	0.01079
20	0.01712	0.01457	0.01920	0.02272	0.28530	0.01570	0.01374	0.18272	0.25450	0.02676	0.01883	0.06851	0.01543	0.00803	0.00647	0.00202	0.00632	0.00699	0.00516	0.00989
21	0.01102	0.00551	0.00826	0.00826	0.00826	0.00551	0.00551	0.00826	0.00826	0.01102	0.01102	0.01928	0.01102	0.02204	0.02479	0.81543	0.00551	0.00551	0.00275	0.00275
22	0.02208	0.01590	0.01724	0.01355	0.01817	0.01733	0.01113	0.56357	0.06336	0.07331	0.03536	0.02129	0.06422	0.00863	0.00652	0.00196	0.00642	0.02341	0.00640	0.01014
23	0.53143	0.01073	0.00911	0.00811	0.01149	0.01199	0.00657	0.04789	0.01265	0.06441	0.01310	0.01465	0.00999	0.00646	0.00429	0.00183	0.00450	0.00434	0.21946	0.00698
24	0.00976	0.00634	0.00951	0.00951	0.01023	0.00706	0.00706	0.01023	0.00951	0.01340	0.01486	0.02291	0.01413	0.03845	0.49195	0.29808	0.01289	0.00634	0.00317	0.00462
25	0.01330	0.02583	0.46428	0.01873	0.02522	0.01616	0.10322	0.01882	0.01259	0.01882	0.01073	0.01397	0.00830	0.00732	0.01019	0.00223	0.21366	0.00525	0.00277	0.00862
26	0.00780	0.00623	0.00699	0.00724	0.00887	0.00542	0.00526	0.00953	0.01452	0.01832	0.17047	0.22140	0.46280	0.01641	0.00763	0.00222	0.00328	0.01413	0.00607	0.00542
27	0.00917	0.00616	0.00852	0.00879	0.00936	0.00645	0.00615	0.00990	0.01057	0.01459	0.06775	0.18089	0.02461	0.17626	0.27947	0.15375	0.00917	0.00963	0.00411	0.00470
28	0.00823	0.00605	0.00754	0.00798	0.00899	0.00555	0.00557	0.00996	0.01424	0.01912	0.27223	0.34737	0.16522	0.08021	0.00981	0.00261	0.00358	0.01431	0.00608	0.00536
29	0.01475	0.01427	0.02480	0.21416	0.52743	0.01489	0.05966	0.01873	0.01405	0.01960	0.01183	0.01608	0.00964	0.00580	0.00637	0.00196	0.00795	0.00576	0.00307	0.00923
30	0.01772	0.01760	0.01517	0.01376	0.01719	0.20239	0.01068	0.05077	0.48369	0.02370	0.02189	0.02311	0.01727	0.00857	0.00640	0.00206	0.00676	0.04656	0.00561	0.00914
31	0.01609	0.10108	0.46259	0.01641	0.02396	0.06560	0.01881	0.14949	0.04696	0.02324	0.01236	0.01373	0.00904	0.00641	0.00590	0.00191	0.00864	0.00482	0.00356	0.00941
32	0.01672	0.01508	0.01701	0.09541	0.11289	0.06474	0.01240	0.09670	0.44365	0.02529	0.02039	0.02029	0.01543	0.00775	0.00636	0.00205	0.00633	0.00647	0.00542	0.00962
33	0.01509	0.01373	0.01919	0.06817	0.11151	0.01727	0.01420	0.11738	0.01396	0.02001	0.01265	0.02058	0.01188	0.01025	0.01461	0.00251	0.42748	0.07806	0.00367	0.00779
34	0.01625	0.01325	0.01334	0.01200	0.01498	0.07849	0.00915	0.09804	0.34727	0.07491	0.06559	0.13285	0.02310	0.06117	0.00839	0.00238	0.00559	0.00865	0.00603	0.00858
35	0.00784	0.00635	0.00696	0.00700	0.00882	0.00547	0.00517	0.00969	0.01498	0.01882	0.20425	0.12824	0.52269	0.01578	0.00755	0.00215	0.00321	0.01344	0.00612	0.00547
36	0.01635	0.00813	0.01074	0.00915	0.01199	0.00723	0.00719	0.01905	0.01782	0.29932	0.42155	0.03834	0.08426	0.01120	0.00706	0.00199	0.00393	0.00964	0.00725	0.00779
37	0.01220	0.00709	0.00767	0.00728	0.00878	0.00737	0.00535	0.07558	0.01376	0.02227	0.01973	0.02609	0.01690	0.14337	0.08299	0.00318	0.00524	0.00655	0.52263	0.00597
38	0.00796	0.00635	0.00656	0.00656	0.00812	0.00557	0.00456	0.00914	0.01305	0.01583	0.05231	0.05578	0.54272	0.22152	0.01419	0.00322	0.00401	0.01226	0.00534	0.00495
39	0.00754	0.00625	0.00660	0.00688	0.00869	0.00532	0.00502	0.00905	0.01402	0.01696	0.05872	0.19590	0.60364	0.01679	0.00761	0.00222	0.00330	0.01427	0.00589	0.00532
40	0.00864	0.00598	0.00747	0.00831	0.00863	0.00581	0.00546	0.00946	0.01115	0.01481	0.02837	0.38439	0.03325	0.34550	0.01858	0.00415	0.00497	0.08540	0.00500	0.00466
41	0.01198	0.01128	0.01903	0.76180	0.04369	0.01409	0.01762	0.01621	0.01268	0.01621	0.01128	0.01691	0.00846	0.00634	0.00634	0.00211	0.00846	0.00564	0.00282	0.00705
42	0.01198	0.01128	0.01903	0.76180	0.04369	0.01409	0.01762	0.01621	0.01268	0.01621	0.01128	0.01691	0.00846	0.00634	0.00634	0.00211	0.00846	0.00564	0.00282	0.00705
43	0.01555	0.01115	0.01256	0.01137	0.01416	0.01201	0.00887	0.21738	0.17299	0.05347	0.02538	0.23096	0.02405	0.01198	0.00685	0.00218	0.00507	0.06486	0.09100	0.00817
44	0.00912	0.00657	0.00905	0.00905	0.00978	0.00731	0.00650	0.01059	0.00986	0.01388	0.01804	0.03074	0.01838	0.30321	0.49973	0.00878	0.01319	0.00765	0.00355	0.00503
45	0.00793	0.00649	0.00685	0.00700	0.00887	0.00562	0.00527	0.00952	0.01399	0.01687	0.05708	0.06029	0.59878	0.08684	0.00993	0.00259	0.00375	0.08135	0.00570	0.00526
46	0.01315	0.01128	0.01315	0.00940	0.01503	0.00846	0.00752	0.01597	0.01315	0.02067	0.01128	0.01315	0.00940	0.00470	0.00470	0.00094	0.00470	0.00376	0.00376	0.81583
47	0.01315	0.01128	0.01315	0.00940	0.01503	0.00846	0.00752	0.01597	0.01315	0.02067	0.01128	0.01315	0.00940	0.00470	0.00470	0.00094	0.00470	0.00376	0.00376	0.81583
48	0.00982	0.00740	0.00924	0.01012	0.01130	0.00759	0.00754	0.01425	0.13798	0.01846	0.03222	0.43461	0.03566	0.05855	0.00928	0.00278	0.00456	0.17667	0.00587	0.00610
49	0.00839	0.00597	0.00778	0.00897	0.00956	0.00570	0.00633	0.00969	0.01227	0.01618	0.03379	0.50899	0.06767	0.12916	0.01170	0.00314	0.00441	0.13962	0.00558	0.00510
50	0.01696	0.78087	0.03324	0.01085	0.01628	0.02510	0.01085	0.01900	0.01289	0.01493	0.00882	0.01018	0.00814	0.00543	0.00407	0.00136	0.00678	0.00339	0.00271	0.00814
51	0.01421	0.01192	0.01722	0.05560	0.28514	0.01221	0.01312	0.13830	0.01711	0.02318	0.07091	0.10076	0.09166	0.01061	0.00703	0.00215	0.00615	0.10962	0.00487	0.00823
52	0.01483	0.01042	0.01354	0.21272	0.02102	0.01176	0.01054	0.17610	0.01656	0.05079	0.01641	0.02005	0.01281	0.01424	0.13677	0.00330	0.00792	0.00597	0.23679	0.00748
53	0.01497	0.01711	0.03743	0.02674	0.03316	0.01604	0.71444	0.02032	0.01497	0.02032	0.01283	0.01711	0.00963	0.00535	0.00749	0.00214	0.01070	0.00749	0.00321	0.00856
54	0.01696	0.78087	0.03324	0.01085	0.01628	0.02510	0.01085	0.01900	0.01289	0.01493	0.00882	0.01018	0.00814	0.00543	0.00407	0.00136	0.00678	0.00339	0.00271	0.00814
55	0.00794	0.00653	0.00695	0.00714	0.00908	0.00565	0.00547	0.00964	0.01421	0.01713	0.05799	0.06142	0.60721	0.05544	0.00894	0.00245	0.00371	0.10200	0.00578	0.00534
56	0.01722	0.01210	0.01373	0.01150	0.01463	0.01308	0.00899	0.30530	0.08573	0.07777	0.05724	0.02619	0.05040	0.14490	0.12836	0.00397	0.00775	0.00731	0.00559	0.00824
57	0.00838	0.00649	0.00758	0.00759	0.00929	0.00580	0.00575	0.01051	0.01539	0.02000	0.29483	0.07965	0.37257	0.04999	0.00877	0.00236	0.00354	0.07978	0.00618	0.00555
58	0.01298	0.01129	0.01401	0.21403	0.02220	0.01302	0.01110	0.02357	0.37762	0.02156	0.02607	0.13274	0.07277	0.01017	0.00674	0.00220	0.00562	0.00879	0.00535	0.00818
59	0.00919	0.00630	0.00766	0.00766	0.00792	0.00655	0.00477	0.00970	0.00945	0.01285	0.01931	0.03775	0.02143	0.61135	0.19576	0.00707	0.00861	0.00867	0.00374	0.00426
60	0.01571	0.11174	0.09392	0.19257	0.25944	0.01668	0.01650	0.10187	0.09037	0.02178	0.01319	0.01584	0.01032	0.00636	0.00602	0.00191	0.00750	0.00544	0.00369	0.00915
61	0.00974	0.00648	0.00703	0.00694	0.00887	0.00577	0.00523	0.01185	0.01456	0.05332	0.11547	0.09068	0.40500	0.01353	0.00677	0.00200	0.00332	0.02637	0.20127	0.00581
62	0.02079	0.01586	0.01793	0.01526	0.06604	0.01714	0.01166	0.49974	0.07845	0.03400	0.01555	0.01638	0.01161	0.01009	0.05877	0.00241	0.00735	0.00570	0.00568	0.08960
63	0.00988	0.00803	0.01128	0.01096	0.01156	0.00970	0.00835	0.01145	0.01037	0.01486	0.01908	0.17672	0.02035	0.11984	0.35358	0.00652	0.17892	0.00910	0.00382	0.00563
64	0.01550	0.09955	0.29361	0.05593	0.10208	0.04359	0.18804	0.08855	0.01559	0.02131	0.01185	0.01449	0.00894	0.00595	0.00625	0.00194	0.00904	0.00546	0.00325	0.00908
65	0.02061	0.25462	0.06602	0.01564	0.06673	0.17489	0.01289	0.27041	0.02017	0.02472	0.01168	0.01281	0.00922	0.00650	0.00549	0.00168	0.00804	0.00460	0.00416	0.00912
66	0.01411	0.06554	0.02725	0.01978	0.02455	0.05678	0.40022	0.01824	0.01515	0.01997	0.08700	0.02868	0.01910	0.00828	0.00725	0.00212	0.00859	0.12797	0.00404	0.04538
67	0.01668	0.01728	0.09777	0.06668	0.32958	0.01554	0.19498	0.10713	0.01648	0.05636	0.01310	0.01611	0.01002	0.00600	0.00658	0.00198	0.00840	0.00606	0.00372	0.00958
68	0.01640	0.20195	0.22725	0.01692	0.11204	0.06440	0.01510	0.02026	0.01405	0.11211	0.01414	0.01779	0.01148	0.01101	0.08417	0.00271	0.00877	0.03709	0.00368	0.00866

[dist]
# distance from previous block
# <min> <max>
0	2

[block]
# block no. 6 follows, 35 sequences, length 77
# corresponding to MSA columns:
# 1264-1287,1294-1346
name=unknown_G
#
# <colnr> <probs for GDERKNQSTAVLIFYWHMCP>
#	G	D	E	R	K	N	Q	S	T	A	V	L	I	F	Y	W	H	M	C	P
0	0.01040	0.00813	0.01051	0.01135	0.07620	0.00790	0.00760	0.04928	0.06043	0.02333	0.39389	0.15357	0.13635	0.01322	0.00735	0.00210	0.00387	0.01164	0.00626	0.00664
1	0.01732	0.01584	0.01727	0.13535	0.05159	0.09645	0.01255	0.15297	0.29279	0.02473	0.01724	0.01820	0.01316	0.00785	0.00761	0.00206	0.07693	0.00602	0.00496	0.02909
2	0.01477	0.57737	0.02655	0.01011	0.01432	0.02002	0.00944	0.01670	0.01318	0.01607	0.09366	0.08531	0.01792	0.05333	0.00649	0.00182	0.00604	0.00598	0.00355	0.00737
3	0.01477	0.01266	0.01833	0.14458	0.28712	0.01351	0.01400	0.11730	0.08921	0.02281	0.01970	0.09615	0.05795	0.00851	0.00646	0.00201	0.00643	0.00754	0.05229	0.00864
4	0.01538	0.47653	0.11276	0.01127	0.01634	0.01920	0.01137	0.01851	0.03143	0.05430	0.08097	0.01944	0.07788	0.00745	0.00546	0.00164	0.02285	0.00546	0.00374	0.00801
5	0.00822	0.00569	0.00728	0.00829	0.00865	0.00539	0.00540	0.00889	0.01143	0.01514	0.03192	0.54343	0.07059	0.17289	0.01398	0.05325	0.00427	0.01525	0.00528	0.00475
6	0.00907	0.00660	0.00925	0.00955	0.01026	0.00720	0.00699	0.01019	0.01075	0.01480	0.02425	0.25562	0.06631	0.06179	0.32151	0.10404	0.05195	0.01051	0.00422	0.00513
7	0.01890	0.21947	0.02270	0.13979	0.12416	0.21042	0.01334	0.02244	0.05780	0.09512	0.01269	0.01444	0.00996	0.00635	0.00558	0.00174	0.00813	0.00481	0.00372	0.00843
8	0.01272	0.03281	0.74418	0.01808	0.02746	0.01473	0.02344	0.02009	0.01339	0.02009	0.01138	0.01339	0.00804	0.00603	0.00603	0.00201	0.00938	0.00469	0.00268	0.00938
9	0.01320	0.00715	0.00890	0.00832	0.01025	0.00658	0.00624	0.01537	0.01503	0.16626	0.21152	0.12230	0.09846	0.10458	0.00989	0.00253	0.00409	0.04405	0.13875	0.00653
10	0.01177	0.01223	0.11715	0.13507	0.01984	0.01057	0.05362	0.05083	0.01301	0.01925	0.01570	0.02073	0.01298	0.02182	0.28254	0.00495	0.01065	0.00611	0.17427	0.00691
11	0.01120	0.00839	0.01112	0.01023	0.01233	0.00819	0.05771	0.01544	0.11505	0.06263	0.12587	0.15594	0.17824	0.12222	0.01101	0.00282	0.00484	0.07459	0.00574	0.00646
12	0.01643	0.01126	0.01299	0.01113	0.01437	0.01187	0.00877	0.13736	0.24841	0.13001	0.28672	0.03079	0.03246	0.00995	0.00681	0.00203	0.00464	0.00842	0.00683	0.00877
13	0.02579	0.01079	0.01429	0.01113	0.01564	0.00969	0.00912	0.07960	0.01900	0.60316	0.10993	0.02423	0.02067	0.00845	0.00651	0.00196	0.00523	0.00694	0.00763	0.01021
14	0.02123	0.30526	0.02357	0.01433	0.01839	0.48540	0.01174	0.02301	0.01611	0.01531	0.00944	0.01098	0.00816	0.00613	0.00512	0.00153	0.00973	0.00383	0.00307	0.00764
15	0.02301	0.01722	0.01842	0.01437	0.01925	0.01916	0.01179	0.62609	0.12186	0.03820	0.01663	0.01635	0.01192	0.00775	0.00636	0.00194	0.00672	0.00590	0.00636	0.01069
16	0.00828	0.00617	0.00717	0.00772	0.00871	0.00569	0.00535	0.00943	0.01239	0.01572	0.04113	0.25887	0.28145	0.22418	0.01452	0.00343	0.00438	0.07514	0.00533	0.00493
17	0.01927	0.01444	0.01563	0.01319	0.01731	0.01616	0.01050	0.21475	0.46976	0.10219	0.02293	0.02122	0.01672	0.00827	0.00642	0.00207	0.00558	0.00670	0.00657	0.01032
18	0.01652	0.01163	0.01382	0.01007	0.01554	0.00935	0.00813	0.06531	0.01513	0.14607	0.01391	0.01475	0.01057	0.00544	0.00510	0.00118	0.00497	0.00434	0.00464	0.62355
19	0.01579	0.01805	0.01262	0.01188	0.01425	0.37239	0.00883	0.01763	0.01664	0.01792	0.16957	0.11117	0.16603	0.01117	0.00669	0.00191	0.00726	0.00893	0.00482	0.00644
20	0.01972	0.35298	0.07873	0.01299	0.01843	0.02108	0.01215	0.28991	0.06757	0.05018	0.01317	0.01366	0.01016	0.00661	0.00533	0.00169	0.00689	0.00474	0.00454	0.00947
21	0.01253	0.01696	0.16887	0.01808	0.02362	0.01277	0.31269	0.01840	0.07883	0.02012	0.04274	0.02899	0.19899	0.00872	0.00710	0.00211	0.00781	0.00851	0.00417	0.00797
22	0.01431	0.01399	0.01680	0.01594	0.06014	0.08374	0.01210	0.01939	0.15568	0.01780	0.01397	0.01797	0.01217	0.01718	0.16270	0.00398	0.34491	0.00600	0.00371	0.00754
23	0.01879	0.02091	0.01709	0.01508	0.01710	0.36051	0.01167	0.07652	0.03212	0.01730	0.01140	0.01642	0.01049	0.10112	0.01362	0.00256	0.24128	0.00536	0.00351	0.00715
24	0.01528	0.01105	0.01227	0.01086	0.01412	0.01165	0.00858	0.09338	0.30495	0.10975	0.09821	0.03593	0.19016	0.01102	0.00689	0.00213	0.00470	0.04407	0.00649	0.00853
25	0.01001	0.00592	0.00854	0.00868	0.00901	0.00618	0.00600	0.00923	0.00923	0.01261	0.01576	0.09255	0.01644	0.10989	0.21547	0.44144	0.00843	0.00740	0.00333	0.00386
26	0.01104	0.00986	0.01098	0.01091	0.01234	0.09781	0.00829	0.01401	0.05439	0.01574	0.01921	0.12953	0.01885	0.03635	0.51133	0.00760	0.01371	0.00809	0.00392	0.00606
27	0.01492	0.01128	0.01762	0.12538	0.20911	0.01146	0.05405	0.01959	0.08091	0.12684	0.17898	0.07931	0.02497	0.00900	0.00679	0.00204	0.00601	0.00821	0.00515	0.00838
28	0.01834	0.30418	0.21598	0.01481	0.02048	0.29185	0.01471	0.02164	0.01491	0.01652	0.00987	0.01150	0.00812	0.00600	0.00520	0.00163	0.00920	0.00399	0.00291	0.00818
29	0.00788	0.00578	0.00721	0.00821	0.00889	0.00531	0.00552	0.00905	0.01252	0.01638	0.06757	0.55246	0.16079	0.08865	0.01020	0.00281	0.00380	0.01615	0.00575	0.00510
30	0.00768	0.00625	0.00680	0.00705	0.00878	0.00537	0.00514	0.00930	0.01430	0.01769	0.11794	0.20375	0.53476	0.01656	0.00762	0.00222	0.00329	0.01416	0.00599	0.00537
31	0.01497	0.01711	0.03743	0.02674	0.03316	0.01604	0.71444	0.02032	0.01497	0.02032	0.01283	0.01711	0.00963	0.00535	0.00749	0.00214	0.01070	0.00749	0.00321	0.00856
32	0.02071	0.01045	0.01334	0.01106	0.01473	0.00995	0.00905	0.13664	0.01960	0.36163	0.20031	0.03298	0.02836	0.01025	0.00694	0.00208	0.00512	0.09066	0.00715	0.00900
33	0.01433	0.01517	0.03024	0.22227	0.17831	0.01534	0.39092	0.01907	0.01427	0.01932	0.01224	0.01677	0.00940	0.00567	0.00694	0.00208	0.00947	0.00663	0.00309	0.00846
34	0.00826	0.00595	0.00782	0.00842	0.00931	0.00551	0.00591	0.01017	0.01466	0.02014	0.33239	0.45113	0.06292	0.01687	0.00782	0.00232	0.00338	0.01516	0.00635	0.00551
35	0.01772	0.69575	0.03151	0.01148	0.01666	0.10748	0.01101	0.01971	0.01347	0.01499	0.00893	0.01032	0.00814	0.00555	0.00426	0.00139	0.00731	0.00347	0.00278	0.00805
36	0.02392	0.01565	0.01568	0.01295	0.01725	0.13987	0.01032	0.10839	0.19981	0.35503	0.02150	0.01965	0.01478	0.00779	0.00628	0.00195	0.00652	0.00611	0.00654	0.01001
37	0.00773	0.00552	0.00736	0.00883	0.00920	0.00515	0.00589	0.00883	0.01215	0.01619	0.03497	0.77291	0.04196	0.01987	0.00810	0.00258	0.00368	0.01803	0.00589	0.00515
38	0.00875	0.00742	0.01002	0.20556	0.01799	0.00759	0.00851	0.01089	0.01328	0.01660	0.04132	0.26875	0.33064	0.01469	0.00738	0.00227	0.00473	0.01278	0.00508	0.00574
39	0.00914	0.00650	0.00870	0.00870	0.00932	0.00712	0.00607	0.01037	0.00975	0.01362	0.01836	0.03249	0.01915	0.38030	0.42368	0.00835	0.01205	0.00790	0.00360	0.00483
40	0.01854	0.32548	0.02809	0.06204	0.02250	0.25189	0.15398	0.03629	0.01527	0.01683	0.01023	0.01250	0.00853	0.00587	0.00547	0.00166	0.00915	0.00463	0.00307	0.00797
41	0.01793	0.01695	0.13628	0.05813	0.02044	0.01462	0.01311	0.21481	0.01792	0.10674	0.01354	0.01506	0.01007	0.00710	0.00795	0.00183	0.11435	0.00512	0.00458	0.20345
42	0.01503	0.11211	0.25066	0.01437	0.02030	0.06943	0.05601	0.07013	0.07907	0.02055	0.01341	0.01670	0.01100	0.07706	0.00811	0.00211	0.00763	0.00521	0.00366	0.14746
43	0.01263	0.01049	0.01502	0.01290	0.01572	0.01068	0.10902	0.12875	0.01738	0.02307	0.14677	0.04498	0.17572	0.01273	0.00844	0.00232	0.05131	0.18947	0.00556	0.00703
