[name]
unknown

[dist]
# distance from previous block
# <min> <max>
0	472

[block]
# block no. 0 follows, 41 sequences, length 13
# corresponding to MSA columns:
# 498-510
name=unknown_A
#
# <colnr> <probs for GDERKNQSTAVLIFYWHMCP>
#	G	D	E	R	K	N	Q	S	T	A	V	L	I	F	Y	W	H	M	C	P
0	0.00738	0.00515	0.00662	0.00775	0.00833	0.00482	0.00536	0.00863	0.01130	0.01534	0.03217	0.64270	0.08350	0.01667	0.00703	0.00223	0.00335	0.05509	0.07183	0.00475
1	0.01537	0.01479	0.01689	0.18609	0.22716	0.18936	0.01306	0.01923	0.07566	0.07722	0.01578	0.01957	0.05030	0.00691	0.00576	0.00178	0.00716	0.04670	0.00366	0.00752
2	0.09615	0.12091	0.05001	0.01320	0.01764	0.16238	0.09013	0.17441	0.03110	0.17090	0.01305	0.01346	0.00944	0.00605	0.00525	0.00165	0.00701	0.00468	0.00438	0.00820
3	0.09673	0.01328	0.01603	0.07715	0.29722	0.12009	0.01192	0.01840	0.06168	0.06803	0.01300	0.01625	0.01064	0.05217	0.03574	0.00218	0.00676	0.00507	0.07015	0.00751
4	0.01470	0.11422	0.22018	0.01097	0.01555	0.01051	0.01121	0.01789	0.01340	0.22942	0.03829	0.10248	0.11404	0.00907	0.00585	0.00184	0.00557	0.05258	0.00468	0.00755
5	0.01472	0.01396	0.02069	0.01790	0.10115	0.07691	0.24581	0.17469	0.01546	0.02035	0.01413	0.08277	0.01294	0.11834	0.00996	0.00238	0.03986	0.00691	0.00378	0.00730
6	0.01551	0.04898	0.33090	0.01896	0.13595	0.08074	0.12305	0.02004	0.01348	0.13985	0.01233	0.01383	0.00888	0.00558	0.00563	0.00175	0.00787	0.00489	0.00336	0.00845
7	0.01199	0.00675	0.00864	0.00764	0.00982	0.00600	0.00592	0.01435	0.01567	0.19670	0.46028	0.03947	0.17188	0.01111	0.00651	0.00182	0.00324	0.00957	0.00630	0.00632
8	0.01670	0.02086	0.25734	0.01606	0.02165	0.10494	0.14108	0.20392	0.04048	0.07306	0.01235	0.01369	0.00895	0.00611	0.00624	0.00180	0.03747	0.00504	0.00383	0.00846
9	0.09304	0.06290	0.01551	0.01321	0.05500	0.29180	0.00991	0.13822	0.06395	0.11243	0.07759	0.01556	0.01326	0.00667	0.00530	0.00163	0.00701	0.00492	0.00439	0.00769
10	0.01028	0.00834	0.01028	0.01118	0.07133	0.00880	0.00750	0.01689	0.26366	0.01951	0.16345	0.29571	0.03090	0.04593	0.00750	0.00218	0.00399	0.01058	0.00539	0.00659
11	0.00941	0.00811	0.00752	0.00720	0.00895	0.08994	0.00540	0.01148	0.01434	0.01878	0.29337	0.04085	0.32035	0.01141	0.00617	0.00175	0.00361	0.00955	0.12649	0.00530
12	0.01365	0.16218	0.16113	0.02093	0.21139	0.01569	0.16488	0.01892	0.09383	0.01782	0.01150	0.01381	0.00916	0.00566	0.00630	0.00175	0.05516	0.00505	0.00301	0.00818

[dist]
# distance from previous block
# <min> <max>
1	26

[block]
# block no. 1 follows, 41 sequences, length 20
# corresponding to MSA columns:
# 537-556
name=unknown_B
#
# <colnr> <probs for GDERKNQSTAVLIFYWHMCP>
#	G	D	E	R	K	N	Q	S	T	A	V	L	I	F	Y	W	H	M	C	P
0	0.06847	0.09674	0.17676	0.11772	0.12587	0.06915	0.05907	0.07514	0.03288	0.10752	0.01197	0.01363	0.00886	0.00572	0.00534	0.00172	0.00714	0.00470	0.00353	0.00809
1	0.01491	0.04851	0.19747	0.05608	0.24681	0.06240	0.09148	0.06008	0.03436	0.07005	0.01171	0.01383	0.00892	0.00559	0.00584	0.00172	0.02305	0.00492	0.00327	0.03899
2	0.05450	0.01053	0.04405	0.00905	0.01166	0.05819	0.00713	0.04804	0.08537	0.06360	0.02358	0.08813	0.14126	0.17141	0.02624	0.00265	0.02505	0.00755	0.00436	0.11766
3	0.01331	0.08326	0.10718	0.15066	0.32926	0.01437	0.11964	0.01828	0.07462	0.01789	0.01153	0.01446	0.00912	0.00540	0.00564	0.00176	0.00727	0.00517	0.00296	0.00821
4	0.12500	0.06967	0.05590	0.10336	0.16282	0.01284	0.05930	0.09401	0.03404	0.02071	0.05274	0.06459	0.01278	0.00652	0.00531	0.00167	0.00593	0.00558	0.00365	0.10359
5	0.00705	0.00573	0.00624	0.00627	0.00794	0.00493	0.00464	0.00870	0.01348	0.01687	0.19628	0.12026	0.55317	0.01424	0.00681	0.00194	0.00290	0.01211	0.00551	0.00493
6	0.01555	0.72195	0.02892	0.01134	0.05331	0.06098	0.01025	0.01744	0.01193	0.01375	0.00814	0.00949	0.00743	0.00496	0.00385	0.00126	0.00637	0.00320	0.00249	0.00739
7	0.00994	0.00497	0.00745	0.00745	0.00745	0.00497	0.00497	0.00745	0.00745	0.00994	0.00994	0.01739	0.00994	0.01987	0.02235	0.83358	0.00497	0.00497	0.00248	0.00248
8	0.06672	0.11457	0.01702	0.01193	0.01596	0.11833	0.04705	0.16981	0.10089	0.21399	0.05551	0.01642	0.01324	0.00670	0.00539	0.00168	0.00613	0.00523	0.00505	0.00839
9	0.02999	0.05100	0.07039	0.06040	0.25584	0.01123	0.02522	0.01757	0.04631	0.12999	0.08564	0.02081	0.01582	0.04007	0.09194	0.00273	0.00700	0.02635	0.00400	0.00770
10	0.00994	0.00497	0.00745	0.00745	0.00745	0.00497	0.00497	0.00745	0.00745	0.00994	0.00994	0.01739	0.00994	0.01987	0.02235	0.83358	0.00497	0.00497	0.00248	0.00248
11	0.01607	0.10653	0.41053	0.01447	0.02072	0.18421	0.01588	0.04756	0.01400	0.10212	0.01123	0.01228	0.00816	0.00572	0.00524	0.00167	0.00814	0.00419	0.00319	0.00812
12	0.07658	0.12972	0.28268	0.04445	0.09320	0.09506	0.05211	0.06790	0.01336	0.01853	0.01151	0.06849	0.00984	0.00635	0.00527	0.00172	0.00737	0.00510	0.00307	0.00769
13	0.01334	0.01431	0.07085	0.16261	0.31371	0.06782	0.08102	0.04404	0.05135	0.01801	0.01354	0.09827	0.01207	0.00684	0.00591	0.00183	0.00706	0.00635	0.00329	0.00778
14	0.00676	0.00579	0.00579	0.00579	0.00773	0.00483	0.00435	0.00821	0.01304	0.01545	0.05794	0.05505	0.76098	0.01449	0.00676	0.00193	0.00290	0.01207	0.00531	0.00483
15	0.02196	0.01455	0.01705	0.01311	0.01761	0.04889	0.06299	0.42771	0.05057	0.24142	0.01624	0.01563	0.01111	0.00677	0.00578	0.00174	0.00624	0.00542	0.00578	0.00942
16	0.01662	0.01935	0.01691	0.01489	0.01625	0.36902	0.01184	0.01797	0.01221	0.01387	0.00813	0.01149	0.00744	0.00810	0.01246	0.00203	0.42789	0.00439	0.00271	0.00643
17	0.01416	0.01359	0.02322	0.03511	0.76330	0.01359	0.01755	0.01755	0.01302	0.01869	0.01076	0.01416	0.00906	0.00510	0.00566	0.00170	0.00680	0.00510	0.00283	0.00906
18	0.05696	0.28156	0.33359	0.01295	0.01886	0.11516	0.01428	0.01843	0.01265	0.04368	0.03675	0.01212	0.00918	0.00560	0.00478	0.00157	0.00738	0.00399	0.00286	0.00767
19	0.00903	0.00588	0.00706	0.00729	0.00878	0.00517	0.00526	0.01040	0.01258	0.10032	0.06232	0.37732	0.33723	0.01508	0.00688	0.00208	0.00330	0.01316	0.00554	0.00532

[dist]
# distance from previous block
# <min> <max>
0	1

[block]
# block no. 2 follows, 41 sequences, length 21
# corresponding to MSA columns:
# 558-578
name=unknown_C
#
# <colnr> <probs for GDERKNQSTAVLIFYWHMCP>
#	G	D	E	R	K	N	Q	S	T	A	V	L	I	F	Y	W	H	M	C	P
0	0.01406	0.05056	0.10099	0.05596	0.14795	0.07617	0.09216	0.10881	0.04670	0.03837	0.01632	0.14193	0.02630	0.00825	0.00632	0.00187	0.02618	0.02964	0.00388	0.00757
1	0.01115	0.00786	0.00968	0.06081	0.01159	0.00889	0.00708	0.01352	0.01122	0.01870	0.01542	0.01857	0.02799	0.00727	0.00761	0.00160	0.18460	0.00517	0.47438	0.09689
2	0.00847	0.00615	0.00829	0.00946	0.01064	0.00598	0.00785	0.01062	0.01268	0.01640	0.03360	0.21904	0.11418	0.01611	0.00765	0.00249	0.00459	0.49544	0.00528	0.00509
3	0.01344	0.01285	0.02191	0.19627	0.60777	0.01340	0.01720	0.01692	0.01268	0.01781	0.01063	0.01439	0.00875	0.00523	0.00567	0.00174	0.00697	0.00509	0.00277	0.00848
4	0.01919	0.01827	0.05290	0.04356	0.11209	0.23216	0.07023	0.19260	0.06621	0.11688	0.01326	0.01415	0.00977	0.00618	0.00563	0.00169	0.00762	0.00497	0.00426	0.00838
5	0.01105	0.00903	0.01044	0.00957	0.01067	0.01054	0.00691	0.01677	0.26234	0.01592	0.01803	0.02772	0.01740	0.39529	0.01941	0.00380	0.13804	0.00712	0.00411	0.00585
6	0.00817	0.00613	0.00919	0.00919	0.01021	0.00715	0.00715	0.01021	0.00919	0.01328	0.01532	0.02247	0.01430	0.04290	0.77631	0.00919	0.01532	0.00613	0.00306	0.00511
7	0.01347	0.34317	0.17125	0.01093	0.01568	0.01579	0.01107	0.01881	0.14649	0.05062	0.01845	0.05375	0.09390	0.00728	0.00502	0.00163	0.00576	0.00564	0.00371	0.00758
8	0.01848	0.01695	0.01892	0.01524	0.01847	0.22341	0.13490	0.13121	0.01562	0.13808	0.01217	0.01402	0.00928	0.00809	0.03290	0.00210	0.17346	0.00512	0.00393	0.00766
9	0.01426	0.01797	0.11036	0.02072	0.02618	0.10126	0.49395	0.02022	0.09993	0.01846	0.01248	0.01517	0.00940	0.00535	0.00631	0.00187	0.00899	0.00609	0.00319	0.00783
10	0.01045	0.01025	0.08750	0.01093	0.01332	0.00909	0.00993	0.04729	0.09507	0.01880	0.07616	0.04614	0.10601	0.01265	0.00786	0.00229	0.05824	0.36684	0.00494	0.00624
11	0.01738	0.03169	0.01884	0.06391	0.16361	0.14172	0.11087	0.11167	0.01565	0.15548	0.01526	0.10060	0.01278	0.00723	0.00589	0.00178	0.00702	0.00639	0.00425	0.00799
12	0.01355	0.00870	0.01148	0.01224	0.09459	0.00853	0.00863	0.04039	0.10947	0.17397	0.08796	0.12208	0.11758	0.01124	0.00657	0.00204	0.00456	0.15372	0.00555	0.00712
13	0.00709	0.00534	0.00665	0.00743	0.00825	0.00499	0.00516	0.00827	0.01122	0.01455	0.03645	0.48400	0.23031	0.05284	0.08642	0.00305	0.00452	0.01376	0.00500	0.00469
14	0.09799	0.31206	0.22409	0.01214	0.01752	0.01625	0.06775	0.06634	0.01277	0.01873	0.01043	0.01209	0.00827	0.00541	0.00454	0.00154	0.00648	0.00405	0.09406	0.00749
15	0.01579	0.08295	0.21415	0.14641	0.05966	0.09744	0.03252	0.05259	0.01366	0.14484	0.01258	0.03324	0.00953	0.00639	0.00626	0.00178	0.05383	0.00497	0.00356	0.00787
16	0.01363	0.00745	0.00948	0.00899	0.01118	0.00697	0.00694	0.03753	0.05778	0.24022	0.03134	0.30849	0.12795	0.01304	0.00670	0.00210	0.00411	0.09354	0.00587	0.00667
17	0.07593	0.08361	0.15288	0.01031	0.01377	0.00985	0.00956	0.01655	0.06244	0.15541	0.02142	0.32251	0.02121	0.01076	0.00595	0.00196	0.00498	0.00921	0.00474	0.00696
18	0.17184	0.10165	0.10517	0.03089	0.05216	0.03986	0.08493	0.10420	0.01468	0.20942	0.01350	0.02532	0.00978	0.00606	0.00517	0.00172	0.00630	0.00485	0.00432	0.00817
19	0.07568	0.03461	0.19637	0.01376	0.06774	0.03313	0.01242	0.17809	0.01630	0.18730	0.01669	0.05429	0.02624	0.00751	0.00567	0.00183	0.00624	0.05311	0.00467	0.00837
20	0.04986	0.01797	0.27119	0.03509	0.09286	0.05708	0.06320	0.09576	0.01414	0.01964	0.04195	0.10503	0.09567	0.00812	0.00588	0.00185	0.00668	0.00692	0.00370	0.00742

[dist]
# distance from previous block
# <min> <max>
3	27

[block]
# block no. 3 follows, 41 sequences, length 73
# corresponding to MSA columns:
# 606-678
name=unknown_D
#
# <colnr> <probs for GDERKNQSTAVLIFYWHMCP>
#	G	D	E	R	K	N	Q	S	T	A	V	L	I	F	Y	W	H	M	C	P
0	0.08776	0.02734	0.15113	0.02098	0.28416	0.02484	0.04504	0.01715	0.06239	0.01844	0.02706	0.04448	0.01119	0.00919	0.06205	0.00239	0.08801	0.00547	0.00317	0.00776
1	0.01202	0.01271	0.13028	0.01643	0.17564	0.03875	0.03940	0.01521	0.02649	0.08048	0.01944	0.17555	0.04851	0.01537	0.14250	0.00322	0.00769	0.02942	0.00391	0.00700
2	0.12136	0.06788	0.12446	0.01730	0.16769	0.10884	0.04048	0.11892	0.01446	0.03555	0.01213	0.05488	0.01041	0.00674	0.00599	0.00177	0.04544	0.02344	0.01455	0.00773
3	0.18160	0.03007	0.23790	0.01712	0.15910	0.01286	0.05494	0.07487	0.03276	0.02102	0.01328	0.05780	0.01160	0.00697	0.00547	0.00187	0.00654	0.06304	0.00349	0.00771
4	0.29753	0.05947	0.26558	0.01087	0.01579	0.03130	0.01154	0.04360	0.01200	0.02048	0.01781	0.01859	0.14039	0.00714	0.00525	0.00179	0.02528	0.00520	0.00346	0.00692
5	0.02788	0.18174	0.12805	0.00930	0.01172	0.01022	0.00849	0.01136	0.00910	0.01225	0.00952	0.01464	0.00889	0.01414	0.01536	0.51020	0.00574	0.00440	0.00249	0.00452
6	0.05765	0.05099	0.24557	0.02072	0.26747	0.01319	0.04312	0.04661	0.05668	0.08337	0.01418	0.02735	0.03572	0.00611	0.00552	0.00176	0.00675	0.00526	0.00350	0.00847
7	0.00760	0.00568	0.00714	0.00804	0.00883	0.00545	0.00560	0.00987	0.06464	0.01591	0.07503	0.59994	0.11054	0.01643	0.00713	0.00224	0.00339	0.03611	0.00540	0.00504
8	0.00812	0.00578	0.00771	0.00783	0.00836	0.00624	0.00542	0.00921	0.00898	0.01247	0.01793	0.09893	0.01918	0.36045	0.39046	0.00703	0.01010	0.00797	0.00344	0.00437
9	0.04585	0.23348	0.37158	0.01437	0.02057	0.15081	0.05368	0.01865	0.01267	0.01644	0.00938	0.01106	0.00733	0.00533	0.00491	0.00160	0.00807	0.00391	0.00259	0.00771
10	0.01454	0.11556	0.22942	0.01394	0.06286	0.07747	0.05098	0.05710	0.05136	0.10410	0.02065	0.02088	0.14230	0.00734	0.00558	0.00173	0.00657	0.00595	0.00391	0.00776
11	0.02122	0.00856	0.01130	0.00902	0.01258	0.00756	0.00732	0.02356	0.01558	0.55957	0.09687	0.02216	0.01830	0.00748	0.00554	0.00170	0.00426	0.00614	0.15278	0.00851
12	0.00797	0.00644	0.00891	0.08982	0.07059	0.00628	0.00715	0.00967	0.01203	0.01575	0.08922	0.42897	0.19695	0.01440	0.00684	0.00210	0.00389	0.01283	0.00491	0.00527
13	0.01514	0.04176	0.19462	0.03958	0.30477	0.05306	0.12415	0.06483	0.01410	0.07619	0.01166	0.01392	0.00885	0.00544	0.00570	0.00174	0.00760	0.00506	0.00324	0.00858
14	0.02002	0.01966	0.01687	0.01720	0.14892	0.37134	0.01161	0.13695	0.05173	0.11201	0.03106	0.01399	0.01051	0.00629	0.00548	0.00162	0.00792	0.00472	0.00409	0.00802
15	0.01066	0.00533	0.00533	0.00533	0.00666	0.00533	0.00400	0.01333	0.01200	0.02132	0.01866	0.02132	0.01466	0.00666	0.00400	0.00133	0.00267	0.00533	0.83073	0.00533
16	0.01572	0.01334	0.05117	0.04638	0.45514	0.03251	0.02452	0.03740	0.04797	0.14152	0.01469	0.06853	0.01210	0.00651	0.00579	0.00177	0.00635	0.00598	0.00389	0.00870
17	0.01645	0.05498	0.17708	0.02023	0.19851	0.08370	0.11185	0.10566	0.01499	0.11015	0.01210	0.01383	0.00903	0.00585	0.00619	0.00175	0.04057	0.00499	0.00359	0.00850
18	0.02376	0.01278	0.01516	0.01162	0.01612	0.01293	0.00960	0.37534	0.02147	0.41259	0.01828	0.01669	0.01201	0.00698	0.00574	0.00174	0.00556	0.00546	0.00642	0.00973
19	0.01035	0.01499	0.26461	0.01114	0.01521	0.00965	0.01144	0.01677	0.14575	0.02133	0.35737	0.02921	0.03120	0.00900	0.00617	0.00185	0.00503	0.02696	0.00488	0.00707
20	0.01291	0.01800	0.31545	0.09851	0.19447	0.01167	0.01650	0.01740	0.01281	0.08559	0.01503	0.02284	0.01288	0.00737	0.00598	0.00194	0.00709	0.13219	0.00345	0.00793
21	0.01716	0.01322	0.01765	0.04837	0.23220	0.08798	0.07050	0.02219	0.13780	0.21129	0.01901	0.01932	0.06361	0.00678	0.00583	0.00178	0.00626	0.00597	0.00460	0.00849
22	0.02094	0.01400	0.01558	0.01208	0.01630	0.01502	0.00993	0.55800	0.02417	0.14746	0.09220	0.01761	0.01498	0.00740	0.00583	0.00173	0.00570	0.00578	0.00599	0.00928
23	0.01662	0.09825	0.21582	0.02004	0.23520	0.07181	0.05329	0.02037	0.01364	0.18176	0.01283	0.01405	0.00938	0.00565	0.00544	0.00169	0.00715	0.00479	0.00363	0.00862
24	0.01373	0.04916	0.28046	0.02604	0.41026	0.01366	0.05621	0.01821	0.01281	0.04993	0.01102	0.01354	0.00857	0.00527	0.00557	0.00173	0.00741	0.00483	0.00286	0.00874
25	0.00693	0.00540	0.00630	0.00700	0.00811	0.00478	0.00495	0.00818	0.01199	0.01507	0.04398	0.42740	0.37953	0.01624	0.00706	0.00215	0.00317	0.03171	0.00531	0.00475
26	0.00781	0.00573	0.00716	0.00790	0.00874	0.00542	0.00549	0.04691	0.01246	0.01648	0.08987	0.60153	0.13034	0.01642	0.00711	0.00220	0.00337	0.01469	0.00541	0.00499
27	0.01512	0.01426	0.14584	0.01096	0.01508	0.04007	0.01017	0.18959	0.06736	0.13066	0.12763	0.02682	0.16426	0.00884	0.00601	0.00180	0.00534	0.00719	0.00523	0.00777
28	0.01489	0.44097	0.02264	0.01264	0.08206	0.13065	0.00993	0.04714	0.01296	0.01517	0.01276	0.14911	0.01300	0.00745	0.00480	0.00152	0.00632	0.00576	0.00320	0.00701
29	0.83938	0.01106	0.00841	0.00752	0.01106	0.01283	0.00619	0.01681	0.00973	0.02566	0.00796	0.00929	0.00619	0.00531	0.00354	0.00177	0.00442	0.00310	0.00354	0.00619
30	0.01999	0.00929	0.01159	0.00926	0.01301	0.00837	0.00753	0.09638	0.01653	0.48225	0.03151	0.02879	0.22180	0.00912	0.00603	0.00181	0.00447	0.00745	0.00645	0.00837
31	0.01491	0.01316	0.02302	0.14171	0.42619	0.01332	0.14450	0.04892	0.01376	0.08668	0.01201	0.01501	0.00927	0.00540	0.00587	0.00178	0.00723	0.00545	0.00331	0.00851
32	0.02113	0.01170	0.01385	0.01120	0.01525	0.01201	0.00906	0.15551	0.26578	0.38804	0.02124	0.01908	0.01448	0.00727	0.00577	0.00182	0.00501	0.00589	0.00642	0.00950
33	0.00697	0.00498	0.00664	0.00796	0.00830	0.00465	0.00531	0.00796	0.01095	0.01460	0.03153	0.79525	0.03783	0.01792	0.00730	0.00232	0.00332	0.01626	0.00531	0.00465
34	0.00994	0.00497	0.00745	0.00745	0.00745	0.00497	0.00497	0.00745	0.00745	0.00994	0.00994	0.01739	0.00994	0.01987	0.02235	0.83358	0.00497	0.00497	0.00248	0.00248
35	0.00747	0.00583	0.00685	0.00719	0.00868	0.00522	0.00553	0.00929	0.01334	0.01699	0.17674	0.15826	0.40250	0.01469	0.00704	0.00209	0.00334	0.13849	0.00548	0.00498
36	0.01885	0.01582	0.01494	0.01256	0.01608	0.15365	0.01024	0.44289	0.02170	0.02787	0.01604	0.02251	0.01367	0.00826	0.00591	0.00181	0.00665	0.13226	0.05016	0.00813
37	0.01109	0.14889	0.01662	0.01098	0.01329	0.01095	0.15676	0.01298	0.01056	0.01468	0.01439	0.02355	0.01406	0.29550	0.07630	0.00364	0.03667	0.00635	0.11723	0.00552
38	0.01610	0.01801	0.01698	0.08462	0.01835	0.30276	0.01220	0.04987	0.01262	0.01493	0.00853	0.01199	0.00757	0.00793	0.01188	0.00203	0.38975	0.00452	0.00282	0.00656
39	0.01997	0.02517	0.01931	0.01639	0.01984	0.64123	0.14051	0.02204	0.01573	0.01476	0.00932	0.01122	0.00760	0.00570	0.00544	0.00155	0.01020	0.00423	0.00294	0.00682
40	0.01247	0.15039	0.01507	0.00870	0.01375	0.01028	0.00731	0.01488	0.01182	0.01772	0.00977	0.01139	0.00827	0.00435	0.00414	0.00091	0.00457	0.00333	0.00322	0.68765
41	0.01272	0.01127	0.01156	0.00890	0.01319	0.07404	0.00703	0.06556	0.01358	0.03259	0.01899	0.01964	0.14175	0.00643	0.00489	0.00117	0.00468	0.00512	0.00392	0.54296
42	0.00980	0.00803	0.01262	0.01059	0.01288	0.00762	0.13615	0.01361	0.06785	0.04090	0.45850	0.10458	0.07179	0.01076	0.00671	0.00188	0.00418	0.00992	0.00555	0.00609
43	0.01660	0.15292	0.01648	0.01115	0.01420	0.08289	0.00906	0.27878	0.07706	0.02162	0.01188	0.01416	0.00971	0.00998	0.01004	0.21815	0.02966	0.00470	0.00396	0.00698
44	0.01683	0.02023	0.15158	0.07031	0.26801	0.25826	0.01504	0.02029	0.02474	0.08483	0.01127	0.01321	0.00869	0.00567	0.00547	0.00167	0.00807	0.00457	0.00321	0.00806
45	0.00737	0.00537	0.00690	0.00747	0.00829	0.00494	0.00522	0.00898	0.01292	0.01752	0.28742	0.45098	0.10957	0.03014	0.00747	0.00217	0.00311	0.01367	0.00562	0.00490
46	0.01738	0.54225	0.02556	0.01116	0.01569	0.13936	0.01018	0.14671	0.01504	0.01754	0.00911	0.01016	0.00777	0.00540	0.00427	0.00135	0.00680	0.00353	0.00310	0.00765
47	0.01682	0.15716	0.01705	0.01235	0.01578	0.27173	0.00985	0.02551	0.37416	0.01874	0.01572	0.01548	0.01228	0.00663	0.00522	0.00166	0.00675	0.00493	0.00426	0.00794
48	0.02137	0.02726	0.01621	0.01474	0.01768	0.77602	0.01105	0.02284	0.01621	0.01400	0.00884	0.01031	0.00737	0.00589	0.00516	0.00147	0.01031	0.00368	0.00295	0.00663
49	0.01192	0.06875	0.66237	0.01768	0.09165	0.01380	0.02021	0.01801	0.01214	0.01792	0.01019	0.01211	0.00742	0.00538	0.00536	0.00177	0.00818	0.00424	0.00245	0.00845
50	0.00965	0.00507	0.00724	0.00724	0.00724	0.00507	0.00470	0.00760	0.00760	0.01014	0.01137	0.02093	0.01186	0.15776	0.02355	0.68703	0.00507	0.00556	0.00266	0.00266
51	0.00695	0.00525	0.00643	0.00736	0.00819	0.00474	0.00510	0.00811	0.01162	0.01491	0.03943	0.55915	0.25463	0.01685	0.00715	0.00221	0.00323	0.02867	0.00531	0.00471
52	0.01329	0.39657	0.41825	0.01321	0.01997	0.01772	0.01575	0.01765	0.01186	0.01590	0.00917	0.01070	0.00729	0.00518	0.00460	0.00153	0.00734	0.00367	0.00243	0.00792
53	0.01838	0.01386	0.01475	0.01171	0.01569	0.01512	0.00954	0.54626	0.09331	0.03125	0.02246	0.02177	0.14342	0.00830	0.00592	0.00178	0.00553	0.00650	0.00566	0.00880
54	0.01529	0.80242	0.02997	0.00979	0.01468	0.02263	0.00979	0.01713	0.01162	0.01346	0.00795	0.00918	0.00734	0.00489	0.00367	0.00122	0.00612	0.00306	0.00245	0.00734
55	0.01292	0.01365	0.01958	0.01717	0.08250	0.14564	0.26840	0.01577	0.01313	0.01677	0.01705	0.21547	0.01704	0.00882	0.00630	0.00188	0.00716	0.03205	0.04712	0.04159
56	0.00817	0.00613	0.00919	0.00919	0.01021	0.00715	0.00715	0.01021	0.00919	0.01328	0.01532	0.02247	0.01430	0.04290	0.77631	0.00919	0.01532	0.00613	0.00306	0.00511
57	0.00994	0.00497	0.00745	0.00745	0.00745	0.00497	0.00497	0.00745	0.00745	0.00994	0.00994	0.01739	0.00994	0.01987	0.02235	0.83358	0.00497	0.00497	0.00248	0.00248
58	0.01302	0.01450	0.03081	0.15882	0.03158	0.01415	0.61392	0.01767	0.01314	0.01767	0.01132	0.01540	0.00849	0.00498	0.00657	0.00192	0.00929	0.00646	0.00283	0.00747
59	0.02457	0.01338	0.01413	0.01124	0.01542	0.14507	0.00909	0.08869	0.01725	0.57096	0.01938	0.01735	0.01258	0.00685	0.00564	0.00171	0.00595	0.00533	0.00623	0.00918
60	0.00829	0.00565	0.00676	0.00676	0.00694	0.00583	0.00412	0.00865	0.00847	0.01148	0.01754	0.03478	0.01965	0.66516	0.16136	0.00619	0.00728	0.00793	0.00339	0.00376
61	0.00793	0.00581	0.00744	0.00711	0.00846	0.00532	0.00530	0.01045	0.01570	0.02194	0.66897	0.07561	0.11419	0.01220	0.00677	0.00183	0.00274	0.01074	0.00617	0.00532
62	0.01089	0.02543	0.63481	0.01504	0.02218	0.01220	0.01866	0.01672	0.01157	0.01726	0.01116	0.01392	0.00849	0.01206	0.14187	0.00312	0.00967	0.00456	0.00253	0.00786
63	0.01404	0.01392	0.02508	0.03316	0.63350	0.01375	0.14586	0.01769	0.01311	0.01862	0.01090	0.01438	0.00899	0.00505	0.00586	0.00174	0.00730	0.00539	0.00284	0.00882
64	0.01193	0.01146	0.01605	0.01422	0.01446	0.01558	0.01193	0.01343	0.00954	0.01436	0.01154	0.02172	0.01201	0.01104	0.01685	0.00253	0.64989	0.13240	0.00299	0.00608
65	0.06045	0.01174	0.01402	0.01123	0.01441	0.01270	0.00907	0.26001	0.01732	0.27534	0.01607	0.01842	0.01219	0.11271	0.01068	0.00236	0.12214	0.00565	0.00529	0.00820
66	0.00942	0.00709	0.00841	0.00832	0.00967	0.00726	0.00623	0.01371	0.14780	0.01806	0.21733	0.04266	0.08327	0.23403	0.01312	0.00306	0.00438	0.15561	0.00513	0.00545
67	0.00973	0.00736	0.01007	0.00942	0.01109	0.00812	0.00736	0.07753	0.01101	0.01576	0.01480	0.02115	0.01355	0.05558	0.62074	0.00770	0.01330	0.00586	0.00334	0.07652
68	0.02048	0.15898	0.01911	0.01309	0.01718	0.27344	0.01074	0.37310	0.02060	0.02464	0.01107	0.01178	0.00851	0.00619	0.00517	0.00155	0.00761	0.00429	0.00421	0.00826
69	0.01102	0.01099	0.02076	0.01592	0.01974	0.00995	0.36455	0.01415	0.01235	0.01713	0.01803	0.27687	0.01844	0.00912	0.00649	0.00187	0.00656	0.00935	0.00379	0.15292
70	0.01597	0.01941	0.14772	0.01313	0.01684	0.26880	0.01170	0.16628	0.01569	0.01904	0.01192	0.01476	0.00978	0.01645	0.22279	0.00376	0.01057	0.00477	0.00345	0.00716
71	0.18431	0.01484	0.01802	0.01445	0.01812	0.14563	0.21529	0.13442	0.01492	0.02128	0.01424	0.15102	0.01327	0.00776	0.00575	0.00185	0.00703	0.00689	0.00392	0.00700
72	0.01257	0.09264	0.01718	0.01801	0.26518	0.01177	0.01101	0.01663	0.08710	0.01771	0.01238	0.01520	0.01050	0.01179	0.14147	0.00276	0.00728	0.00473	0.00329	0.24080

[dist]
# distance from previous block
# <min> <max>
0	1

[block]
# block no. 4 follows, 41 sequences, length 10
# corresponding to MSA columns:
# 680-689
name=unknown_E
#
# <colnr> <probs for GDERKNQSTAVLIFYWHMCP>
#	G	D	E	R	K	N	Q	S	T	A	V	L	I	F	Y	W	H	M	C	P
0	0.11977	0.01359	0.01283	0.01078	0.01416	0.12536	0.00856	0.20815	0.09807	0.13574	0.14727	0.02091	0.04497	0.00778	0.00560	0.00174	0.00550	0.00607	0.00534	0.00782
1	0.01236	0.01025	0.06403	0.00906	0.01159	0.07408	0.00728	0.01419	0.01270	0.13977	0.06548	0.23508	0.11269	0.10870	0.00901	0.00229	0.00485	0.00939	0.00481	0.09240
2	0.01500	0.53567	0.10359	0.01129	0.01597	0.04708	0.01116	0.03999	0.08883	0.01573	0.00995	0.01114	0.00846	0.00569	0.00522	0.00147	0.05950	0.00375	0.00291	0.00761
3	0.01186	0.01017	0.01186	0.00847	0.01356	0.00762	0.00678	0.01440	0.01186	0.01864	0.01017	0.01186	0.00847	0.00424	0.00424	0.00085	0.00424	0.00339	0.00339	0.83395
4	0.01091	0.02654	0.67490	0.01527	0.02272	0.01221	0.01917	0.01686	0.01194	0.01768	0.01290	0.10905	0.01103	0.00698	0.00567	0.00187	0.00782	0.00572	0.00277	0.00798
5	0.04997	0.29417	0.02025	0.01086	0.01547	0.01651	0.00958	0.24472	0.01769	0.24639	0.01411	0.01367	0.01008	0.00617	0.00492	0.00156	0.00574	0.00451	0.00488	0.00875
6	0.01440	0.11220	0.22175	0.01191	0.01751	0.10675	0.01189	0.04476	0.04039	0.05120	0.01093	0.01216	0.00849	0.00520	0.00479	0.00135	0.00648	0.00390	0.00329	0.31065
7	0.01591	0.02217	0.43957	0.01551	0.02236	0.01281	0.09944	0.09681	0.01475	0.18520	0.01349	0.01426	0.00919	0.00588	0.00568	0.00181	0.00757	0.00495	0.00385	0.00879
8	0.11795	0.02183	0.22042	0.01310	0.01736	0.31136	0.01241	0.01894	0.01384	0.04495	0.08261	0.01571	0.03771	0.00677	0.00586	0.00171	0.04227	0.00481	0.00341	0.00699
9	0.00977	0.00821	0.01197	0.18430	0.15871	0.00842	0.00960	0.01250	0.01323	0.01808	0.18110	0.03222	0.22231	0.00933	0.00602	0.00179	0.00462	0.00811	0.09359	0.00615

[dist]
# distance from previous block
# <min> <max>
0	4

[block]
# block no. 5 follows, 41 sequences, length 15
# corresponding to MSA columns:
# 694-708
name=unknown_F
#
# <colnr> <probs for GDERKNQSTAVLIFYWHMCP>
#	G	D	E	R	K	N	Q	S	T	A	V	L	I	F	Y	W	H	M	C	P
0	0.01882	0.01842	0.02141	0.01786	0.06798	0.26547	0.22122	0.12216	0.03433	0.11442	0.01248	0.01400	0.00929	0.00599	0.00621	0.00173	0.03115	0.00523	0.00389	0.00797
1	0.01481	0.05079	0.44753	0.01713	0.10888	0.01404	0.01723	0.13912	0.03989	0.07885	0.01220	0.01337	0.00875	0.00582	0.00548	0.00176	0.00741	0.00463	0.00349	0.00881
2	0.01107	0.00632	0.00872	0.00827	0.00889	0.00662	0.00586	0.09005	0.00981	0.01320	0.01093	0.01751	0.01037	0.02084	0.09970	0.65405	0.00620	0.00511	0.00291	0.00357
3	0.01611	0.01842	0.01640	0.01508	0.03719	0.34488	0.01174	0.01764	0.01248	0.01429	0.01013	0.01606	0.00967	0.00858	0.01157	0.00205	0.36233	0.06601	0.00294	0.00641
4	0.01364	0.01168	0.01578	0.07764	0.25012	0.01244	0.01170	0.13792	0.17735	0.02208	0.06201	0.04756	0.09896	0.00813	0.00601	0.00185	0.00547	0.02708	0.00455	0.00804
5	0.01366	0.01403	0.01928	0.38780	0.30728	0.12840	0.01578	0.01696	0.01275	0.01605	0.01019	0.01409	0.00812	0.00551	0.00561	0.00176	0.00772	0.00488	0.00271	0.00741
6	0.01056	0.00827	0.00999	0.00989	0.01186	0.00878	0.00801	0.01774	0.26182	0.02116	0.24894	0.04346	0.03412	0.01186	0.00685	0.00215	0.00424	0.26795	0.00576	0.00657
7	0.05527	0.01613	0.17705	0.01269	0.03058	0.07285	0.03172	0.07325	0.20185	0.09644	0.04977	0.01998	0.01470	0.07660	0.03151	0.00237	0.00654	0.01844	0.00445	0.00783
8	0.01572	0.01655	0.02170	0.03069	0.60168	0.17885	0.01614	0.01870	0.01371	0.01767	0.01034	0.01332	0.00869	0.00527	0.00555	0.00165	0.00756	0.00479	0.00286	0.00853
9	0.00832	0.00555	0.00624	0.00624	0.00624	0.00555	0.00347	0.00832	0.00832	0.01109	0.01802	0.03743	0.02080	0.79898	0.02911	0.00555	0.00555	0.00832	0.00347	0.00347
10	0.01820	0.02261	0.01395	0.01280	0.01552	0.60886	0.00960	0.01967	0.01552	0.01431	0.01948	0.02001	0.17072	0.00776	0.00550	0.00157	0.00871	0.00550	0.00346	0.00624
11	0.01301	0.33980	0.47257	0.01369	0.02071	0.01704	0.01658	0.01772	0.01189	0.01625	0.00934	0.01091	0.00728	0.00522	0.00473	0.00158	0.00752	0.00376	0.00243	0.00801
12	0.01080	0.01017	0.01716	0.78523	0.03940	0.01271	0.01589	0.01461	0.01144	0.01461	0.01017	0.01525	0.00762	0.00572	0.00572	0.00191	0.00762	0.00508	0.00254	0.00635
13	0.01726	0.01310	0.01445	0.01223	0.01579	0.01449	0.01008	0.41718	0.19511	0.02909	0.01957	0.02654	0.01658	0.00901	0.00622	0.00197	0.00565	0.16145	0.00565	0.00860
14	0.01661	0.63440	0.02699	0.01086	0.01533	0.18593	0.01006	0.01837	0.01262	0.01357	0.00814	0.00942	0.00735	0.00511	0.00399	0.00128	0.00703	0.00319	0.00256	0.00719

[dist]
# distance from previous block
# <min> <max>
0	4

[block]
# block no. 6 follows, 41 sequences, length 21
# corresponding to MSA columns:
# 713-733
name=unknown_G
#
# <colnr> <probs for GDERKNQSTAVLIFYWHMCP>
#	G	D	E	R	K	N	Q	S	T	A	V	L	I	F	Y	W	H	M	C	P
0	0.01309	0.01100	0.01209	0.01139	0.01419	0.01250	0.00909	0.02620	0.58545	0.02239	0.02487	0.03112	0.02096	0.00958	0.00629	0.00210	0.00469	0.16912	0.00569	0.00820
1	0.01401	0.01404	0.01285	0.00989	0.01449	0.18161	0.00775	0.01631	0.01285	0.01759	0.00987	0.01151	0.00822	0.00461	0.00444	0.00099	0.00561	0.00346	0.00329	0.64662
2	0.00896	0.00708	0.00865	0.00849	0.01081	0.00619	0.00699	0.01114	0.01274	0.01684	0.03437	0.08031	0.25352	0.01286	0.00669	0.00200	0.00422	0.31055	0.00486	0.19274
3	0.00784	0.00615	0.00902	0.18396	0.01534	0.00647	0.00770	0.00947	0.01106	0.01460	0.02669	0.61863	0.03099	0.01516	0.00694	0.00223	0.00429	0.01373	0.00468	0.00503
4	0.01126	0.00832	0.01076	0.00985	0.01160	0.00942	0.00770	0.17626	0.01313	0.01826	0.01518	0.02169	0.01379	0.09540	0.54188	0.00721	0.01249	0.00608	0.00370	0.00602
5	0.01688	0.38321	0.05601	0.01657	0.18516	0.08162	0.01212	0.08940	0.01423	0.08019	0.01055	0.01183	0.00853	0.00542	0.00469	0.00147	0.00663	0.00405	0.00328	0.00815
6	0.01118	0.01084	0.01039	0.01005	0.01138	0.18103	0.00754	0.01282	0.01066	0.01315	0.01421	0.02171	0.01360	0.13534	0.50207	0.00696	0.01288	0.00587	0.00309	0.00523
7	0.00876	0.00659	0.00842	0.00908	0.01063	0.00641	0.00760	0.01181	0.05022	0.01784	0.13218	0.05737	0.19977	0.01456	0.00739	0.00233	0.00436	0.43386	0.00544	0.00537
8	0.01172	0.10481	0.18937	0.01399	0.10147	0.08478	0.01195	0.01468	0.01248	0.01605	0.04574	0.02512	0.21838	0.00998	0.03687	0.00209	0.08360	0.00666	0.00347	0.00678
9	0.01614	0.05708	0.08442	0.01675	0.02058	0.24978	0.19995	0.05587	0.07592	0.01731	0.01084	0.01319	0.00868	0.00644	0.00792	0.00183	0.14171	0.00502	0.00317	0.00739
10	0.00811	0.00652	0.00774	0.00855	0.00917	0.04878	0.00597	0.00933	0.01074	0.01412	0.02601	0.54429	0.03007	0.05555	0.18222	0.00397	0.00652	0.01292	0.00459	0.00481
11	0.01404	0.01126	0.01275	0.00938	0.01417	0.00981	0.00757	0.17960	0.01527	0.02271	0.01138	0.01274	0.00905	0.00495	0.00456	0.00107	0.00463	0.00388	0.04340	0.60777
12	0.02168	0.01524	0.01663	0.01281	0.01727	0.01669	0.01057	0.66581	0.02555	0.09459	0.01449	0.01444	0.01021	0.00789	0.02719	0.00193	0.00643	0.00523	0.00576	0.00960
13	0.01261	0.00747	0.00965	0.00874	0.00978	0.00786	0.00630	0.17428	0.01185	0.01585	0.01080	0.01656	0.00989	0.01693	0.01859	0.64522	0.00527	0.00501	0.00322	0.00412
14	0.01147	0.02959	0.76934	0.01630	0.02476	0.01328	0.02113	0.01811	0.01208	0.01811	0.01026	0.01208	0.00725	0.00543	0.00543	0.00181	0.00845	0.00423	0.00242	0.00845
15	0.00852	0.00654	0.00943	0.00924	0.01005	0.00772	0.00707	0.01023	0.00904	0.01303	0.01509	0.02370	0.01464	0.14051	0.61998	0.00820	0.07261	0.00633	0.00307	0.00498
16	0.00817	0.00613	0.00919	0.00919	0.01021	0.00715	0.00715	0.01021	0.00919	0.01328	0.01532	0.02247	0.01430	0.04290	0.77631	0.00919	0.01532	0.00613	0.00306	0.00511
17	0.01529	0.80242	0.02997	0.00979	0.01468	0.02263	0.00979	0.01713	0.01162	0.01346	0.00795	0.00918	0.00734	0.00489	0.00367	0.00122	0.00612	0.00306	0.00245	0.00734
18	0.00683	0.00570	0.00595	0.00609	0.00782	0.00483	0.00449	0.00827	0.01290	0.01560	0.07813	0.13928	0.65492	0.01479	0.00682	0.00197	0.00294	0.01249	0.00534	0.00483
19	0.01576	0.01812	0.01501	0.01356	0.01520	0.37785	0.01060	0.01730	0.01242	0.01377	0.00991	0.01372	0.00898	0.01549	0.18379	0.00353	0.24134	0.00463	0.00284	0.00618
20	0.01080	0.01017	0.01716	0.78523	0.03940	0.01271	0.01589	0.01461	0.01144	0.01461	0.01017	0.01525	0.00762	0.00572	0.00572	0.00191	0.00762	0.00508	0.00254	0.00635

[dist]
# distance from previous block
# <min> <max>
0	3

[block]
# block no. 7 follows, 41 sequences, length 66
# corresponding to MSA columns:
# 740-782,809-831
name=unknown_H
#
# <colnr> <probs for GDERKNQSTAVLIFYWHMCP>
#	G	D	E	R	K	N	Q	S	T	A	V	L	I	F	Y	W	H	M	C	P
0	0.01334	0.01233	0.02038	0.40672	0.24701	0.01373	0.07941	0.10382	0.01395	0.01871	0.01089	0.01476	0.00839	0.00560	0.00579	0.00182	0.00740	0.00524	0.00304	0.00767
1	0.01456	0.01004	0.01594	0.01248	0.01597	0.00941	0.19199	0.06259	0.04599	0.20280	0.10103	0.07502	0.16290	0.04349	0.00741	0.00205	0.00548	0.00843	0.00520	0.00723
2	0.00832	0.00555	0.00624	0.00624	0.00624	0.00555	0.00347	0.00832	0.00832	0.01109	0.01802	0.03743	0.02080	0.79898	0.02911	0.00555	0.00555	0.00832	0.00347	0.00347
3	0.00729	0.00518	0.00667	0.00761	0.00798	0.00497	0.00502	0.00817	0.01041	0.01387	0.02895	0.57606	0.06003	0.17223	0.05456	0.00332	0.00441	0.01398	0.00482	0.00445
4	0.01147	0.02959	0.76934	0.01630	0.02476	0.01328	0.02113	0.01811	0.01208	0.01811	0.01026	0.01208	0.00725	0.00543	0.00543	0.00181	0.00845	0.00423	0.00242	0.00845
5	0.01546	0.01742	0.01708	0.01492	0.01590	0.26962	0.01203	0.01678	0.01124	0.01384	0.00795	0.01178	0.00746	0.00864	0.01425	0.00216	0.52986	0.00457	0.00265	0.00638
6	0.00870	0.00622	0.00863	0.00995	0.01104	0.00614	0.00833	0.01096	0.01266	0.01654	0.03057	0.23135	0.03404	0.01628	0.00776	0.00256	0.00482	0.56304	0.00528	0.00513
7	0.01025	0.01108	0.12029	0.01001	0.01271	0.00898	0.00874	0.05162	0.18580	0.01906	0.08436	0.25802	0.11533	0.04139	0.00733	0.00217	0.00456	0.03671	0.00503	0.00654
8	0.00817	0.00613	0.00919	0.00919	0.01021	0.00715	0.00715	0.01021	0.00919	0.01328	0.01532	0.02247	0.01430	0.04290	0.77631	0.00919	0.01532	0.00613	0.00306	0.00511
9	0.00828	0.00568	0.00694	0.00694	0.00719	0.00593	0.00435	0.00877	0.00853	0.01161	0.01738	0.03386	0.01924	0.61836	0.20761	0.00642	0.00788	0.00779	0.00337	0.00386
10	0.00697	0.00498	0.00664	0.00796	0.00830	0.00465	0.00531	0.00796	0.01095	0.01460	0.03153	0.79525	0.03783	0.01792	0.00730	0.00232	0.00332	0.01626	0.00531	0.00465
11	0.00715	0.00530	0.00667	0.00741	0.00824	0.00482	0.00515	0.00855	0.01234	0.01635	0.17570	0.51281	0.17640	0.01609	0.00709	0.00215	0.00312	0.01435	0.00550	0.00482
12	0.01080	0.01017	0.01716	0.78523	0.03940	0.01271	0.01589	0.01461	0.01144	0.01461	0.01017	0.01525	0.00762	0.00572	0.00572	0.00191	0.00762	0.00508	0.00254	0.00635
13	0.01422	0.01234	0.01337	0.01263	0.04640	0.01420	0.00941	0.02985	0.72180	0.02371	0.02275	0.02104	0.01711	0.00765	0.00581	0.00193	0.00462	0.00641	0.00569	0.00905
14	0.83938	0.01106	0.00841	0.00752	0.01106	0.01283	0.00619	0.01681	0.00973	0.02566	0.00796	0.00929	0.00619	0.00531	0.00354	0.00177	0.00442	0.00310	0.00354	0.00619
15	0.16597	0.16487	0.12417	0.01000	0.01344	0.01228	0.00924	0.08972	0.01268	0.01920	0.01761	0.30075	0.01864	0.01007	0.00546	0.00187	0.00513	0.00834	0.00405	0.00654
16	0.01797	0.44390	0.02376	0.01136	0.01584	0.11108	0.01016	0.24810	0.01702	0.02084	0.01011	0.01101	0.00825	0.00568	0.00451	0.00141	0.00661	0.00384	0.02059	0.00797
17	0.00826	0.00579	0.00749	0.00749	0.00793	0.00623	0.00503	0.00912	0.00869	0.01202	0.01688	0.03108	0.01804	0.47793	0.34639	0.00709	0.00970	0.00739	0.00330	0.00416
18	0.01164	0.01102	0.01867	0.59784	0.22024	0.01293	0.01630	0.01535	0.01183	0.01563	0.01031	0.01498	0.00798	0.00556	0.00570	0.00185	0.00742	0.00509	0.00261	0.00703
19	0.01016	0.00886	0.00914	0.00856	0.00901	0.08081	0.00586	0.01065	0.00956	0.01222	0.01879	0.03199	0.08200	0.51533	0.02305	0.00430	0.14429	0.00762	0.00341	0.00438
20	0.00832	0.00555	0.00624	0.00624	0.00624	0.00555	0.00347	0.00832	0.00832	0.01109	0.01802	0.03743	0.02080	0.79898	0.02911	0.00555	0.00555	0.00832	0.00347	0.00347
21	0.01186	0.01017	0.01186	0.00847	0.01356	0.00762	0.00678	0.01440	0.01186	0.01864	0.01017	0.01186	0.00847	0.00424	0.00424	0.00085	0.00424	0.00339	0.00339	0.83395
22	0.01250	0.22375	0.55813	0.01493	0.02239	0.01568	0.04279	0.01787	0.01201	0.01695	0.00973	0.01146	0.00732	0.00528	0.00503	0.00167	0.00791	0.00402	0.00244	0.00815
23	0.00810	0.00625	0.00755	0.00811	0.00937	0.00604	0.00603	0.01119	0.08972	0.01693	0.10614	0.35912	0.21206	0.01513	0.00705	0.00218	0.00356	0.11469	0.00545	0.00531
24	0.00997	0.00785	0.00936	0.00775	0.01040	0.00668	0.00562	0.01157	0.01054	0.01559	0.04203	0.05550	0.01605	0.26992	0.09278	0.00335	0.00572	0.00609	0.00357	0.40965
25	0.01425	0.01318	0.01552	0.14247	0.12850	0.09038	0.01082	0.10728	0.01430	0.01968	0.01056	0.01283	0.00846	0.00511	0.00497	0.00132	0.00606	0.00417	0.00341	0.38673
26	0.00994	0.00497	0.00745	0.00745	0.00745	0.00497	0.00497	0.00745	0.00745	0.00994	0.00994	0.01739	0.00994	0.01987	0.02235	0.83358	0.00497	0.00497	0.00248	0.00248
27	0.01320	0.01496	0.09072	0.07543	0.38847	0.01345	0.24107	0.01728	0.01279	0.01799	0.01116	0.01486	0.00896	0.00702	0.04552	0.00218	0.00831	0.00558	0.00281	0.00822
28	0.00994	0.00497	0.00745	0.00745	0.00745	0.00497	0.00497	0.00745	0.00745	0.00994	0.00994	0.01739	0.00994	0.01987	0.02235	0.83358	0.00497	0.00497	0.00248	0.00248
29	0.00895	0.00751	0.01134	0.01435	0.18147	0.00716	0.03542	0.01069	0.01181	0.01585	0.05351	0.41536	0.12684	0.06245	0.00817	0.00230	0.00441	0.01210	0.00457	0.00575
30	0.13315	0.01095	0.01191	0.01032	0.01372	0.01189	0.00818	0.02616	0.40994	0.19899	0.08550	0.02107	0.01829	0.00760	0.00556	0.00186	0.00443	0.00616	0.00584	0.00849
31	0.01315	0.19348	0.02037	0.01382	0.01494	0.01869	0.01189	0.01454	0.00942	0.01369	0.00761	0.01175	0.00747	0.00884	0.01531	0.00221	0.60927	0.00456	0.00249	0.00651
32	0.00698	0.00567	0.00623	0.00662	0.00815	0.00491	0.00491	0.00842	0.01258	0.01538	0.05007	0.22069	0.54744	0.01535	0.00696	0.00207	0.00316	0.06428	0.00531	0.00482
33	0.01160	0.02871	0.72355	0.01679	0.02508	0.01336	0.06604	0.01813	0.01216	0.01813	0.01035	0.01228	0.00733	0.00540	0.00552	0.00182	0.00853	0.00438	0.00244	0.00841
34	0.01566	0.63941	0.02832	0.01292	0.08103	0.08686	0.03547	0.01770	0.01221	0.01413	0.00840	0.00992	0.00754	0.00500	0.00408	0.00131	0.00666	0.00342	0.00254	0.00744
35	0.00833	0.00696	0.01121	0.01171	0.05818	0.00655	0.10117	0.01005	0.01159	0.01547	0.02897	0.58233	0.06921	0.01518	0.00712	0.00222	0.00440	0.03916	0.00484	0.00535
36	0.01101	0.01038	0.01753	0.73854	0.08446	0.01276	0.01599	0.01480	0.01154	0.01487	0.01020	0.01518	0.00771	0.00568	0.00572	0.00189	0.00757	0.00508	0.00256	0.00652
37	0.00826	0.00578	0.00742	0.00742	0.00783	0.00619	0.00494	0.00908	0.00867	0.01196	0.01694	0.03146	0.01820	0.49705	0.32750	0.00700	0.00945	0.00744	0.00331	0.00412
38	0.01417	0.01520	0.02478	0.05408	0.30617	0.10853	0.28383	0.01775	0.01320	0.01734	0.01120	0.01492	0.00911	0.00843	0.07350	0.00242	0.00907	0.00562	0.00288	0.00781
39	0.00900	0.00840	0.04930	0.01058	0.01239	0.00769	0.11739	0.01099	0.01032	0.01419	0.04420	0.09462	0.05671	0.25281	0.27004	0.00544	0.00914	0.00810	0.00354	0.00514
40	0.00742	0.00526	0.00648	0.00720	0.00761	0.00498	0.00465	0.00822	0.01053	0.01392	0.06030	0.46068	0.09650	0.26270	0.01408	0.00328	0.00395	0.01315	0.00477	0.00432
41	0.01874	0.11729	0.12384	0.01366	0.01861	0.09430	0.07569	0.23049	0.08176	0.14848	0.01413	0.01434	0.01016	0.00625	0.00547	0.00169	0.00689	0.00496	0.00455	0.00869
42	0.00791	0.00597	0.00733	0.00701	0.00851	0.00546	0.00525	0.01061	0.03338	0.02104	0.56357	0.06654	0.21144	0.01240	0.00674	0.00185	0.00281	0.01081	0.00604	0.00534
43	0.02256	0.01275	0.08565	0.01137	0.01605	0.01074	0.01010	0.15209	0.05425	0.50815	0.02012	0.01923	0.01346	0.00719	0.00579	0.00180	0.00545	0.02752	0.00628	0.00944
44	0.01302	0.01438	0.03027	0.02217	0.02712	0.01393	0.62090	0.01738	0.01313	0.01788	0.01306	0.01989	0.01090	0.00623	0.00772	0.00204	0.06466	0.07485	0.00309	0.00738
45	0.01229	0.01088	0.01634	0.42570	0.12168	0.01230	0.01345	0.10327	0.01353	0.01811	0.01403	0.06161	0.04441	0.00688	0.00610	0.00181	0.02897	0.00591	0.00333	0.07942
46	0.01080	0.01017	0.01716	0.78523	0.03940	0.01271	0.01589	0.01461	0.01144	0.01461	0.01017	0.01525	0.00762	0.00572	0.00572	0.00191	0.00762	0.00508	0.00254	0.00635
47	0.01136	0.01087	0.01877	0.65197	0.12982	0.01291	0.05338	0.01517	0.01174	0.01532	0.01031	0.01512	0.00786	0.00559	0.00576	0.00188	0.00762	0.00517	0.00260	0.00676
48	0.01589	0.01416	0.09707	0.08761	0.26677	0.01303	0.01390	0.16930	0.01570	0.11068	0.01411	0.01872	0.01146	0.04734	0.00747	0.00202	0.03417	0.04821	0.00404	0.00837
49	0.01563	0.02999	0.11085	0.04211	0.14022	0.14841	0.12279	0.07081	0.03042	0.06792	0.01240	0.01654	0.01021	0.04229	0.00816	0.00201	0.08714	0.03099	0.00344	0.00766
50	0.01043	0.00939	0.01453	0.13661	0.15340	0.02854	0.05606	0.01281	0.01102	0.01500	0.01657	0.12815	0.03067	0.08013	0.20158	0.00408	0.05360	0.02798	0.00334	0.00610
51	0.01350	0.01543	0.03375	0.02411	0.02989	0.01446	0.74253	0.01832	0.01350	0.01832	0.01157	0.01543	0.00868	0.00482	0.00675	0.00193	0.00964	0.00675	0.00289	0.00771
52	0.00767	0.00556	0.00714	0.00804	0.00874	0.00526	0.00558	0.03567	0.01216	0.01621	0.09177	0.63769	0.08183	0.01673	0.00718	0.00224	0.00341	0.03678	0.00540	0.00493
53	0.01446	0.01809	0.26353	0.01746	0.11876	0.01289	0.10617	0.15543	0.03297	0.06946	0.07586	0.06040	0.01442	0.00697	0.00593	0.00182	0.00689	0.00617	0.00402	0.00831
54	0.04510	0.01459	0.01785	0.10006	0.19553	0.10216	0.05785	0.08615	0.25261	0.02100	0.01461	0.01595	0.01130	0.00643	0.00610	0.00182	0.03317	0.00541	0.00405	0.00827
55	0.01145	0.00685	0.02419	0.00844	0.01019	0.00604	0.00644	0.01334	0.01331	0.17864	0.20052	0.33500	0.06527	0.01590	0.07413	0.00265	0.00464	0.01129	0.00567	0.00605
56	0.01674	0.01500	0.12998	0.03523	0.27911	0.01272	0.01392	0.17564	0.01626	0.15458	0.01523	0.08313	0.01233	0.00702	0.00580	0.00179	0.00630	0.00607	0.00436	0.00879
57	0.01047	0.00971	0.01623	0.71716	0.03667	0.01200	0.01496	0.01403	0.01139	0.01461	0.01204	0.08357	0.01027	0.00679	0.00586	0.00194	0.00725	0.00606	0.00278	0.00620
58	0.01111	0.02069	0.45495	0.01422	0.05030	0.01121	0.03134	0.04810	0.01219	0.01762	0.05895	0.01985	0.01344	0.17197	0.03772	0.00284	0.00759	0.00566	0.00308	0.00718
59	0.01123	0.01391	0.20396	0.12850	0.05120	0.00994	0.06667	0.01558	0.04033	0.06560	0.23560	0.09136	0.02480	0.00855	0.00617	0.00187	0.00583	0.00762	0.00430	0.00697
