[name]
unknown

[dist]
# distance from previous block
# <min> <max>
1	909

[block]
# block no. 0 follows, 44 sequences, length 13
# corresponding to MSA columns:
# 1064-1076
name=unknown_A
#
# <colnr> <probs for GDERKNQSTAVLIFYWHMCP>
#	G	D	E	R	K	N	Q	S	T	A	V	L	I	F	Y	W	H	M	C	P
0	0.01463	0.15607	0.22150	0.01070	0.01518	0.07308	0.01090	0.05902	0.05199	0.12017	0.01356	0.01445	0.01011	0.00580	0.00462	0.00149	0.00575	0.00439	0.19930	0.00730
1	0.08135	0.01279	0.04143	0.07972	0.01666	0.09441	0.03567	0.06438	0.15557	0.19499	0.07460	0.01721	0.01398	0.00681	0.00616	0.00172	0.05934	0.00532	0.00462	0.03326
2	0.01633	0.03554	0.06197	0.05198	0.01614	0.15495	0.00998	0.16650	0.05508	0.12521	0.05252	0.01749	0.02449	0.00860	0.04535	0.00198	0.04657	0.03156	0.00426	0.07351
3	0.01955	0.01696	0.10768	0.01289	0.01743	0.11911	0.03850	0.36705	0.05746	0.16747	0.01402	0.01390	0.00981	0.00626	0.00539	0.00164	0.00655	0.00484	0.00486	0.00862
4	0.08856	0.17269	0.03608	0.01447	0.17131	0.06458	0.00999	0.07467	0.01363	0.01922	0.19909	0.01843	0.01854	0.00679	0.00560	0.00156	0.04228	0.00538	0.00373	0.03341
5	0.19140	0.00648	0.00727	0.00772	0.00913	0.00653	0.00569	0.01102	0.01081	0.06828	0.02586	0.47771	0.06820	0.01342	0.00609	0.00207	0.00362	0.06877	0.00480	0.00514
6	0.01374	0.06552	0.07480	0.20021	0.01980	0.01035	0.01013	0.05443	0.01248	0.14324	0.01211	0.01457	0.00932	0.04948	0.00606	0.00159	0.00553	0.00438	0.00360	0.28865
7	0.01360	0.24770	0.10514	0.01909	0.25310	0.06794	0.06126	0.01694	0.03840	0.01595	0.04100	0.01297	0.00977	0.00559	0.00589	0.00157	0.06937	0.00446	0.00277	0.00750
8	0.00947	0.00473	0.00710	0.00710	0.00710	0.00473	0.00473	0.00710	0.00710	0.00947	0.00947	0.01657	0.00947	0.01894	0.02131	0.84138	0.00473	0.00473	0.00237	0.00237
9	0.01291	0.08970	0.09988	0.05426	0.09629	0.14508	0.05662	0.05712	0.07287	0.01747	0.09357	0.02225	0.14450	0.00748	0.00548	0.00164	0.00615	0.00619	0.00374	0.00680
10	0.01235	0.00836	0.01245	0.01087	0.01363	0.00777	0.09068	0.01485	0.01281	0.15458	0.04241	0.05773	0.06461	0.01045	0.00679	0.00196	0.03384	0.30977	0.00475	0.12932
11	0.01130	0.00969	0.01130	0.00807	0.01292	0.00727	0.00646	0.01373	0.01130	0.01776	0.00969	0.01130	0.00807	0.00404	0.00404	0.00081	0.00404	0.00323	0.00323	0.84173
12	0.01795	0.04048	0.05449	0.01193	0.01612	0.06718	0.01007	0.39503	0.18804	0.06517	0.01467	0.01443	0.01071	0.00638	0.00527	0.00160	0.00578	0.00490	0.00495	0.06484

[dist]
# distance from previous block
# <min> <max>
0	15

[block]
# block no. 1 follows, 44 sequences, length 17
# corresponding to MSA columns:
# 1092-1108
name=unknown_B
#
# <colnr> <probs for GDERKNQSTAVLIFYWHMCP>
#	G	D	E	R	K	N	Q	S	T	A	V	L	I	F	Y	W	H	M	C	P
0	0.01372	0.01270	0.02016	0.04881	0.59968	0.01284	0.01500	0.06367	0.06895	0.01911	0.01126	0.01386	0.00920	0.00511	0.00532	0.00159	0.00614	0.00485	0.00311	0.06492
1	0.01264	0.14227	0.35082	0.10921	0.11095	0.06937	0.04367	0.01778	0.06272	0.01636	0.01028	0.01228	0.00788	0.00525	0.00503	0.00163	0.00735	0.00425	0.00264	0.00761
2	0.46845	0.07043	0.01083	0.00867	0.01169	0.19724	0.00695	0.01694	0.01120	0.02037	0.00927	0.01075	0.00742	0.00535	0.00382	0.00152	0.00543	0.00339	0.12431	0.00596
3	0.01528	0.01304	0.02065	0.02882	0.61312	0.01319	0.01522	0.12465	0.01455	0.07161	0.01143	0.01378	0.00906	0.00523	0.00541	0.00163	0.00628	0.00491	0.00337	0.00877
4	0.01020	0.00881	0.01292	0.01482	0.17970	0.00975	0.03310	0.01270	0.06386	0.01431	0.01541	0.11298	0.01590	0.23967	0.10324	0.00369	0.13268	0.00721	0.00333	0.00573
5	0.00830	0.00656	0.00761	0.02886	0.00971	0.00643	0.00569	0.05243	0.09127	0.01711	0.11457	0.31290	0.29130	0.01339	0.00645	0.00195	0.00335	0.01165	0.00516	0.00532
6	0.01411	0.01159	0.01234	0.01102	0.01416	0.01328	0.00860	0.02885	0.72665	0.06102	0.02215	0.02025	0.01648	0.00736	0.00554	0.00184	0.00433	0.00613	0.00561	0.00866
7	0.66161	0.01346	0.00995	0.00951	0.04324	0.15361	0.00720	0.01710	0.01053	0.02216	0.00785	0.00923	0.00622	0.00515	0.00374	0.00163	0.00534	0.00313	0.00324	0.00609
8	0.00664	0.00474	0.00633	0.00759	0.00791	0.00443	0.00506	0.00759	0.01044	0.01392	0.03005	0.80485	0.03606	0.01708	0.00696	0.00221	0.00316	0.01550	0.00506	0.00443
9	0.00844	0.00676	0.00962	0.08887	0.08151	0.00695	0.00777	0.01044	0.01166	0.01564	0.14643	0.16907	0.12230	0.07962	0.07615	0.00286	0.02244	0.12394	0.00434	0.00519
10	0.00736	0.00537	0.00692	0.00694	0.00803	0.00493	0.00505	0.00945	0.01399	0.01939	0.53742	0.22805	0.10118	0.01279	0.00656	0.00185	0.00273	0.01136	0.00570	0.00493
11	0.01780	0.02066	0.01637	0.16337	0.09726	0.49527	0.01201	0.08365	0.01517	0.01573	0.00926	0.01137	0.00743	0.00559	0.00511	0.00152	0.00868	0.00402	0.00295	0.00676
12	0.02037	0.02598	0.01545	0.01404	0.01685	0.78652	0.01053	0.02177	0.01545	0.01334	0.00843	0.00983	0.00702	0.00562	0.00492	0.00140	0.00983	0.00351	0.00281	0.00632
13	0.02072	0.01527	0.01636	0.01254	0.01691	0.01691	0.01036	0.75622	0.02563	0.03436	0.01309	0.01309	0.00927	0.00654	0.00545	0.00164	0.00600	0.00491	0.00545	0.00927
14	0.00731	0.00519	0.00695	0.00812	0.00866	0.00498	0.00592	0.00860	0.01081	0.01431	0.02878	0.54983	0.03361	0.07528	0.00865	0.00252	0.00381	0.20724	0.00492	0.00450
15	0.01650	0.01133	0.01279	0.03008	0.04308	0.03921	0.00885	0.05204	0.42586	0.21625	0.02009	0.01889	0.01453	0.00796	0.02876	0.00196	0.00505	0.00572	0.03262	0.00845
16	0.25872	0.01061	0.01317	0.10938	0.07227	0.01194	0.00958	0.01649	0.01075	0.13536	0.01038	0.01241	0.00801	0.00620	0.00739	0.00173	0.17968	0.00416	0.00349	0.11827

[dist]
# distance from previous block
# <min> <max>
4	10

[block]
# block no. 2 follows, 44 sequences, length 41
# corresponding to MSA columns:
# 1119-1159
name=unknown_C
#
# <colnr> <probs for GDERKNQSTAVLIFYWHMCP>
#	G	D	E	R	K	N	Q	S	T	A	V	L	I	F	Y	W	H	M	C	P
0	0.00784	0.00525	0.00597	0.00606	0.00608	0.00523	0.00343	0.00790	0.00810	0.01080	0.01807	0.08893	0.02094	0.75361	0.02631	0.00507	0.00514	0.00845	0.00343	0.00338
1	0.00725	0.00557	0.00674	0.00650	0.00797	0.00506	0.00489	0.00934	0.01386	0.01858	0.45369	0.04374	0.31589	0.01419	0.06047	0.00225	0.00348	0.01019	0.00544	0.00492
2	0.01146	0.00992	0.01205	0.00983	0.06564	0.00766	0.00717	0.01394	0.01138	0.01777	0.00973	0.01146	0.00811	0.00409	0.00413	0.00086	0.00421	0.00334	0.00319	0.78405
3	0.01227	0.01701	0.21798	0.01832	0.02386	0.01262	0.42115	0.06765	0.01373	0.01914	0.10754	0.01709	0.01348	0.00571	0.00605	0.00178	0.00784	0.00615	0.00324	0.00738
4	0.01341	0.02340	0.43869	0.01848	0.17534	0.15344	0.01686	0.01797	0.01266	0.03646	0.03652	0.01281	0.00901	0.00544	0.00523	0.00164	0.00778	0.00435	0.00272	0.00779
5	0.69555	0.04368	0.01069	0.01054	0.10184	0.02982	0.00744	0.01625	0.00986	0.02295	0.00793	0.00943	0.00630	0.00503	0.00365	0.00165	0.00468	0.00319	0.00324	0.00628
6	0.01628	0.07211	0.01696	0.27517	0.06166	0.43860	0.01230	0.01854	0.01349	0.01373	0.00888	0.01151	0.00718	0.00546	0.00502	0.00154	0.00854	0.00398	0.00264	0.00639
7	0.01192	0.01154	0.01987	0.29317	0.26313	0.01243	0.14018	0.01682	0.09866	0.01677	0.01260	0.05605	0.01045	0.00595	0.00569	0.00178	0.00679	0.00583	0.00306	0.00730
8	0.00690	0.00554	0.00615	0.00600	0.00764	0.00480	0.00450	0.00871	0.01350	0.01728	0.31153	0.04826	0.51429	0.01285	0.00644	0.00180	0.00269	0.01092	0.00540	0.00480
9	0.01480	0.01527	0.01757	0.12988	0.36303	0.21994	0.01329	0.04309	0.01338	0.01691	0.01057	0.01335	0.00859	0.00536	0.00511	0.00155	0.00706	0.00452	0.08943	0.00731
10	0.00947	0.00473	0.00710	0.00710	0.00710	0.00473	0.00473	0.00710	0.00710	0.00947	0.00947	0.01657	0.00947	0.01894	0.02131	0.84138	0.00473	0.00473	0.00237	0.00237
11	0.00779	0.00584	0.00876	0.00876	0.00974	0.00681	0.00681	0.00974	0.00876	0.01266	0.01460	0.02142	0.01363	0.04089	0.78680	0.00876	0.01460	0.00584	0.00292	0.00487
12	0.12676	0.01000	0.01182	0.00942	0.01320	0.00982	0.00771	0.11523	0.07231	0.46425	0.01840	0.01693	0.01228	0.00652	0.00507	0.00166	0.00454	0.00510	0.08057	0.00842
13	0.01016	0.00508	0.00508	0.00508	0.00635	0.00508	0.00381	0.01270	0.01143	0.02033	0.01778	0.02033	0.01397	0.00635	0.00381	0.00127	0.00254	0.00508	0.83867	0.00508
14	0.84691	0.01054	0.00801	0.00717	0.01054	0.01223	0.00590	0.01603	0.00928	0.02446	0.00759	0.00886	0.00590	0.00506	0.00337	0.00169	0.00422	0.00295	0.00337	0.00590
15	0.01130	0.00969	0.01130	0.00807	0.01292	0.00727	0.00646	0.01373	0.01130	0.01776	0.00969	0.01130	0.00807	0.00404	0.00404	0.00081	0.00404	0.00323	0.00323	0.84173
16	0.01356	0.01171	0.01233	0.01109	0.01418	0.01356	0.00863	0.02897	0.76455	0.02281	0.02219	0.02034	0.01664	0.00740	0.00555	0.00185	0.00431	0.00616	0.00555	0.00863
17	0.00772	0.00557	0.00729	0.00686	0.00814	0.00514	0.00514	0.01029	0.01543	0.02186	0.77152	0.04072	0.05144	0.01115	0.00643	0.00171	0.00257	0.00986	0.00600	0.00514
18	0.00779	0.00584	0.00876	0.00876	0.00974	0.00681	0.00681	0.00974	0.00876	0.01266	0.01460	0.02142	0.01363	0.04089	0.78680	0.00876	0.01460	0.00584	0.00292	0.00487
19	0.01458	0.81168	0.02857	0.00933	0.01399	0.02157	0.00933	0.01632	0.01108	0.01283	0.00758	0.00875	0.00700	0.00466	0.00350	0.00117	0.00583	0.00292	0.00233	0.00700
20	0.02006	0.01001	0.01258	0.01003	0.01360	0.00982	0.00816	0.14112	0.08402	0.45696	0.12743	0.02080	0.01834	0.00750	0.00603	0.00172	0.03107	0.00606	0.00618	0.00851
21	0.02381	0.01031	0.01329	0.01019	0.01443	0.00955	0.00842	0.15271	0.01734	0.64958	0.02005	0.01761	0.01277	0.00671	0.00548	0.00168	0.00487	0.00538	0.00652	0.00928
22	0.01193	0.01193	0.01670	0.01431	0.01431	0.01670	0.01193	0.01312	0.00835	0.01312	0.00716	0.01193	0.00716	0.00954	0.01789	0.00239	0.79843	0.00477	0.00239	0.00596
23	0.00715	0.00511	0.00691	0.00817	0.00871	0.00487	0.00595	0.00847	0.01094	0.01449	0.02977	0.62791	0.03494	0.01660	0.00709	0.00228	0.00361	0.18740	0.00505	0.00457
24	0.84691	0.01054	0.00801	0.00717	0.01054	0.01223	0.00590	0.01603	0.00928	0.02446	0.00759	0.00886	0.00590	0.00506	0.00337	0.00169	0.00422	0.00295	0.00337	0.00590
25	0.01193	0.01193	0.01670	0.01431	0.01431	0.01670	0.01193	0.01312	0.00835	0.01312	0.00716	0.01193	0.00716	0.00954	0.01789	0.00239	0.79843	0.00477	0.00239	0.00596
26	0.02446	0.00928	0.01265	0.00970	0.01392	0.00801	0.00801	0.02657	0.01560	0.77817	0.02151	0.01856	0.01350	0.00675	0.00548	0.00169	0.00464	0.00548	0.00675	0.00928
27	0.01030	0.00969	0.01635	0.79530	0.03755	0.01211	0.01514	0.01393	0.01090	0.01393	0.00969	0.01453	0.00727	0.00545	0.00545	0.00182	0.00727	0.00484	0.00242	0.00606
28	0.01478	0.01427	0.01289	0.01162	0.01466	0.15228	0.00897	0.02768	0.63011	0.02111	0.01972	0.01845	0.01492	0.00708	0.00543	0.00177	0.00530	0.00569	0.00506	0.00821
29	0.00779	0.00584	0.00876	0.00876	0.00974	0.00681	0.00681	0.00974	0.00876	0.01266	0.01460	0.02142	0.01363	0.04089	0.78680	0.00876	0.01460	0.00584	0.00292	0.00487
30	0.00740	0.00553	0.00687	0.00659	0.00797	0.00500	0.00492	0.00966	0.01461	0.02004	0.59009	0.06995	0.20742	0.01193	0.00645	0.00176	0.00263	0.01041	0.00576	0.00500
31	0.01830	0.01223	0.01368	0.01110	0.01481	0.01319	0.00896	0.32188	0.25909	0.18290	0.07025	0.01845	0.01542	0.00718	0.00556	0.00172	0.00494	0.00577	0.00579	0.00878
32	0.03655	0.00541	0.00579	0.00577	0.00620	0.00547	0.00352	0.00942	0.00887	0.01354	0.01701	0.03084	0.01786	0.57579	0.02079	0.00414	0.00455	0.00703	0.21761	0.00385
33	0.01458	0.81168	0.02857	0.00933	0.01399	0.02157	0.00933	0.01632	0.01108	0.01283	0.00758	0.00875	0.00700	0.00466	0.00350	0.00117	0.00583	0.00292	0.00233	0.00700
34	0.00828	0.00697	0.00731	0.00698	0.00900	0.00678	0.00527	0.01304	0.18891	0.01723	0.11955	0.04327	0.50039	0.03431	0.00683	0.00193	0.00318	0.00999	0.00522	0.00557
35	0.00651	0.00550	0.00564	0.00566	0.00742	0.00462	0.00422	0.00794	0.01251	0.01506	0.09041	0.07699	0.71137	0.01378	0.00646	0.00185	0.00277	0.01156	0.00511	0.00462
36	0.01030	0.00969	0.01635	0.79530	0.03755	0.01211	0.01514	0.01393	0.01090	0.01393	0.00969	0.01453	0.00727	0.00545	0.00545	0.00182	0.00727	0.00484	0.00242	0.00606
37	0.01297	0.01112	0.01635	0.59449	0.03225	0.01334	0.01391	0.20436	0.01468	0.01917	0.01056	0.01416	0.00778	0.00573	0.00545	0.00177	0.00694	0.00486	0.00320	0.00688
38	0.00654	0.00553	0.00566	0.00563	0.00742	0.00464	0.00422	0.00801	0.01266	0.01528	0.11028	0.05156	0.71679	0.01360	0.00644	0.00183	0.00275	0.01138	0.00513	0.00464
39	0.00700	0.00500	0.00673	0.00800	0.00847	0.00473	0.00568	0.00820	0.01079	0.01431	0.02985	0.68202	0.03528	0.01675	0.00705	0.00226	0.00347	0.13483	0.00505	0.00453
40	0.01190	0.03651	0.31802	0.01221	0.01704	0.01145	0.03360	0.13233	0.08857	0.02128	0.18509	0.03852	0.03605	0.00762	0.00566	0.00174	0.00581	0.02507	0.00415	0.00737

[dist]
# distance from previous block
# <min> <max>
0	1

[block]
# block no. 3 follows, 44 sequences, length 24
# corresponding to MSA columns:
# 1161-1184
name=unknown_D
#
# <colnr> <probs for GDERKNQSTAVLIFYWHMCP>
#	G	D	E	R	K	N	Q	S	T	A	V	L	I	F	Y	W	H	M	C	P
0	0.00815	0.00638	0.00946	0.00925	0.01014	0.00769	0.00727	0.01003	0.00873	0.01270	0.01395	0.02058	0.01306	0.03813	0.71903	0.00820	0.08369	0.00575	0.00287	0.00496
1	0.00747	0.00509	0.00608	0.00653	0.00665	0.00498	0.00393	0.00781	0.00882	0.01176	0.02177	0.31000	0.02561	0.52618	0.02033	0.00419	0.00453	0.01063	0.00393	0.00370
2	0.25844	0.01780	0.01518	0.01756	0.22994	0.34220	0.01095	0.01867	0.01280	0.01784	0.00870	0.01059	0.00716	0.00524	0.00460	0.00155	0.00725	0.00373	0.00294	0.00686
3	0.00779	0.00584	0.00876	0.00876	0.00974	0.00681	0.00681	0.00974	0.00876	0.01266	0.01460	0.02142	0.01363	0.04089	0.78680	0.00876	0.01460	0.00584	0.00292	0.00487
4	0.01447	0.70464	0.02688	0.07882	0.01620	0.05614	0.00990	0.01637	0.01126	0.01295	0.00780	0.00931	0.00702	0.00478	0.00374	0.00123	0.00614	0.00311	0.00236	0.00688
5	0.00761	0.00549	0.00719	0.00693	0.00812	0.00507	0.00514	0.01002	0.01494	0.02108	0.69878	0.11568	0.04993	0.01173	0.00648	0.00176	0.00263	0.01041	0.00591	0.00507
6	0.01072	0.00963	0.00911	0.00858	0.00937	0.12913	0.00596	0.01241	0.06220	0.01270	0.01501	0.02639	0.01560	0.44783	0.09047	0.00432	0.08092	0.00651	0.03854	0.00461
7	0.00806	0.00565	0.00742	0.00831	0.00900	0.00557	0.00637	0.00949	0.01075	0.01413	0.02578	0.22190	0.02912	0.24306	0.01320	0.00324	0.00468	0.36535	0.00454	0.00439
8	0.00793	0.00550	0.00683	0.00650	0.00783	0.00509	0.00488	0.01040	0.01463	0.02103	0.60648	0.03900	0.10990	0.01073	0.00608	0.00167	0.00258	0.00936	0.11849	0.00509
9	0.00798	0.00859	0.10168	0.00856	0.01090	0.00626	0.00794	0.01048	0.01259	0.01618	0.09433	0.04998	0.34253	0.01302	0.00670	0.00207	0.00425	0.28593	0.00478	0.00522
10	0.02037	0.02598	0.01545	0.01404	0.01685	0.78652	0.01053	0.02177	0.01545	0.01334	0.00843	0.00983	0.00702	0.00562	0.00492	0.00140	0.00983	0.00351	0.00281	0.00632
11	0.00662	0.00553	0.00577	0.00571	0.00747	0.00468	0.00428	0.00817	0.01285	0.01573	0.15543	0.05082	0.67136	0.01343	0.00644	0.00182	0.00273	0.01128	0.00519	0.00468
12	0.01356	0.01171	0.01233	0.01109	0.01418	0.01356	0.00863	0.02897	0.76455	0.02281	0.02219	0.02034	0.01664	0.00740	0.00555	0.00185	0.00431	0.00616	0.00555	0.00863
13	0.01458	0.81168	0.02857	0.00933	0.01399	0.02157	0.00933	0.01632	0.01108	0.01283	0.00758	0.00875	0.00700	0.00466	0.00350	0.00117	0.00583	0.00292	0.00233	0.00700
14	0.00672	0.00553	0.00591	0.00581	0.00753	0.00472	0.00436	0.00836	0.01308	0.01629	0.21160	0.04990	0.61484	0.01323	0.00644	0.00181	0.00272	0.01115	0.00527	0.00472
15	0.01436	0.76528	0.07308	0.00970	0.01456	0.02104	0.00997	0.01638	0.01110	0.01309	0.00771	0.00891	0.00699	0.00469	0.00360	0.00120	0.00596	0.00298	0.00233	0.00706
16	0.01458	0.81168	0.02857	0.00933	0.01399	0.02157	0.00933	0.01632	0.01108	0.01283	0.00758	0.00875	0.00700	0.00466	0.00350	0.00117	0.00583	0.00292	0.00233	0.00700
17	0.01349	0.01295	0.02213	0.03346	0.77440	0.01295	0.01673	0.01673	0.01241	0.01781	0.01025	0.01349	0.00864	0.00486	0.00540	0.00162	0.00648	0.00486	0.00270	0.00864
18	0.00644	0.00552	0.00552	0.00552	0.00736	0.00460	0.00414	0.00782	0.01243	0.01473	0.05523	0.05247	0.77218	0.01381	0.00644	0.00184	0.00276	0.01151	0.00506	0.00460
19	0.00644	0.00552	0.00552	0.00552	0.00736	0.00460	0.00414	0.00782	0.01243	0.01473	0.05523	0.05247	0.77218	0.01381	0.00644	0.00184	0.00276	0.01151	0.00506	0.00460
20	0.01519	0.01319	0.02307	0.02640	0.43870	0.01296	0.19824	0.08318	0.01404	0.10308	0.01194	0.01432	0.00914	0.00515	0.00567	0.00168	0.00691	0.00532	0.00340	0.00844
21	0.01044	0.00983	0.01661	0.76160	0.07015	0.01215	0.01521	0.01405	0.01097	0.01410	0.00971	0.01449	0.00733	0.00542	0.00545	0.00181	0.00723	0.00485	0.00243	0.00617
22	0.02122	0.01310	0.01481	0.01141	0.01562	0.01377	0.00941	0.50986	0.02212	0.25246	0.01735	0.01636	0.04273	0.00691	0.00550	0.00166	0.00546	0.00536	0.00582	0.00908
23	0.01292	0.01576	0.20492	0.04757	0.01609	0.12510	0.01095	0.08110	0.04929	0.07449	0.09049	0.16719	0.06338	0.00892	0.00575	0.00178	0.00591	0.00744	0.00418	0.00676

[dist]
# distance from previous block
# <min> <max>
0	30

[block]
# block no. 4 follows, 44 sequences, length 58
# corresponding to MSA columns:
# 1215-1272
name=unknown_E
#
# <colnr> <probs for GDERKNQSTAVLIFYWHMCP>
#	G	D	E	R	K	N	Q	S	T	A	V	L	I	F	Y	W	H	M	C	P
0	0.01307	0.09743	0.45063	0.01574	0.04372	0.08479	0.11689	0.01781	0.01229	0.05676	0.01165	0.01322	0.03096	0.00543	0.00523	0.00166	0.00778	0.00453	0.00275	0.00768
1	0.01103	0.02093	0.46145	0.05309	0.14036	0.01188	0.09567	0.01597	0.01165	0.01685	0.01225	0.10113	0.01060	0.00641	0.00556	0.00178	0.00735	0.00573	0.00273	0.00758
2	0.37054	0.01166	0.01512	0.12382	0.25813	0.02490	0.03473	0.01590	0.01064	0.01973	0.00882	0.01152	0.00714	0.00536	0.00543	0.00173	0.06100	0.00406	0.00293	0.00685
3	0.00933	0.06057	0.06543	0.01142	0.13131	0.00788	0.00799	0.01199	0.01337	0.01875	0.32484	0.03229	0.17470	0.00929	0.00570	0.00164	0.00383	0.00800	0.09577	0.00592
4	0.08249	0.12653	0.07973	0.01302	0.05873	0.21105	0.01066	0.22232	0.02756	0.02112	0.01008	0.01116	0.00789	0.00549	0.00472	0.00144	0.00678	0.00390	0.00356	0.09177
5	0.00809	0.00564	0.00648	0.00624	0.00673	0.00546	0.00378	0.00849	0.00861	0.01169	0.04243	0.03411	0.04789	0.66120	0.05971	0.00489	0.00545	0.00770	0.00343	0.06197
6	0.01420	0.01321	0.01358	0.01298	0.06510	0.14485	0.04222	0.15475	0.21746	0.02040	0.01891	0.22242	0.01781	0.00918	0.00582	0.00181	0.00564	0.00785	0.00462	0.00719
7	0.01210	0.20452	0.49875	0.01431	0.02104	0.01484	0.06805	0.01795	0.06838	0.01669	0.01031	0.01177	0.00776	0.00519	0.00491	0.00162	0.00735	0.00410	0.00259	0.00781
8	0.00687	0.00490	0.00646	0.00741	0.00786	0.00458	0.00500	0.00803	0.01113	0.01504	0.14759	0.65068	0.03782	0.04954	0.00775	0.00226	0.00316	0.01428	0.00514	0.00449
9	0.02376	0.00993	0.01300	0.01002	0.01421	0.00904	0.00826	0.09648	0.03986	0.68348	0.02072	0.01809	0.01319	0.00675	0.00548	0.00169	0.00476	0.00545	0.00659	0.00926
10	0.01302	0.01132	0.01683	0.52643	0.09064	0.01345	0.01405	0.18567	0.01434	0.01893	0.01043	0.01403	0.00784	0.00580	0.00588	0.00178	0.03458	0.00486	0.00314	0.00700
11	0.01198	0.01394	0.12204	0.08216	0.31052	0.01366	0.01479	0.01490	0.01058	0.01553	0.00943	0.01334	0.00815	0.00901	0.06401	0.00240	0.26903	0.00478	0.00254	0.00721
12	0.00913	0.00492	0.00724	0.00724	0.00737	0.00505	0.00491	0.00752	0.00738	0.00998	0.01071	0.01858	0.01077	0.07806	0.12481	0.66982	0.00610	0.00511	0.00251	0.00277
13	0.01093	0.02820	0.78016	0.01554	0.02360	0.01266	0.02014	0.01727	0.01151	0.01727	0.00978	0.01151	0.00691	0.00518	0.00518	0.00173	0.00806	0.00403	0.00230	0.00806
14	0.01113	0.01106	0.04317	0.06317	0.24181	0.06446	0.01148	0.01344	0.01086	0.01491	0.01378	0.10618	0.01346	0.01568	0.18253	0.01712	0.10701	0.03708	0.01533	0.00634
15	0.01151	0.15095	0.66241	0.01457	0.02209	0.01406	0.01845	0.01712	0.01144	0.01657	0.00944	0.01108	0.00692	0.00510	0.00492	0.00164	0.00771	0.00385	0.00231	0.00789
16	0.00793	0.00529	0.00595	0.00595	0.00595	0.00529	0.00330	0.00793	0.00793	0.01057	0.01718	0.03568	0.01982	0.80840	0.02775	0.00529	0.00529	0.00793	0.00330	0.00330
17	0.00900	0.00490	0.00675	0.00675	0.00675	0.00490	0.00430	0.00736	0.00736	0.00981	0.01184	0.02244	0.01265	0.26147	0.02329	0.58453	0.00490	0.00572	0.00265	0.00265
18	0.01475	0.10496	0.33049	0.06972	0.05959	0.23306	0.02780	0.06748	0.01355	0.01664	0.00943	0.01122	0.00724	0.00533	0.00500	0.00157	0.00808	0.00397	0.00270	0.00741
19	0.01498	0.75687	0.02765	0.00966	0.01419	0.07494	0.00941	0.01670	0.01138	0.01286	0.00764	0.00882	0.00700	0.00473	0.00360	0.00118	0.00611	0.00296	0.00237	0.00695
20	0.00864	0.00617	0.00861	0.00987	0.01106	0.00615	0.00853	0.01104	0.01240	0.01615	0.02895	0.11335	0.03170	0.01520	0.00749	0.00249	0.00489	0.68732	0.00502	0.00498
21	0.01383	0.01124	0.01867	0.02098	0.30697	0.01129	0.13282	0.01762	0.07320	0.13033	0.01679	0.11652	0.03810	0.00745	0.00663	0.00182	0.05729	0.00687	0.00390	0.00768
22	0.02007	0.03658	0.01553	0.03966	0.13414	0.04516	0.01020	0.21313	0.01728	0.35230	0.01761	0.01697	0.04298	0.00654	0.00542	0.00165	0.00555	0.00531	0.00526	0.00868
23	0.00664	0.00477	0.00630	0.00753	0.00789	0.00443	0.00503	0.00760	0.01050	0.01394	0.03084	0.78109	0.05930	0.01698	0.00694	0.00220	0.00315	0.01537	0.00506	0.00443
24	0.25020	0.04717	0.01381	0.01198	0.01500	0.54622	0.00921	0.01999	0.01359	0.01642	0.00817	0.00952	0.00671	0.00543	0.00444	0.00148	0.00814	0.00334	0.00295	0.00623
25	0.00784	0.00554	0.00707	0.00668	0.00799	0.00512	0.00501	0.01036	0.01504	0.02149	0.69214	0.03974	0.07579	0.01091	0.00625	0.00169	0.00258	0.00959	0.06405	0.00512
26	0.01112	0.03278	0.07674	0.16774	0.17399	0.01041	0.01145	0.10668	0.01297	0.01756	0.01758	0.30084	0.01823	0.00965	0.00591	0.00187	0.00548	0.00861	0.00381	0.00659
27	0.00802	0.00624	0.00863	0.00867	0.01013	0.00558	0.03747	0.00960	0.01099	0.01507	0.02553	0.52859	0.02935	0.01400	0.00651	0.00200	0.00383	0.11474	0.00464	0.15042
28	0.01130	0.00969	0.01130	0.00807	0.01292	0.00727	0.00646	0.01373	0.01130	0.01776	0.00969	0.01130	0.00807	0.00404	0.00404	0.00081	0.00404	0.00323	0.00323	0.84173
29	0.01517	0.30598	0.01884	0.01094	0.01459	0.13366	0.00922	0.04411	0.35486	0.01806	0.01451	0.01431	0.01145	0.00611	0.00470	0.00153	0.00575	0.00454	0.00396	0.00770
30	0.01343	0.00754	0.00913	0.00788	0.01027	0.00720	0.00624	0.10494	0.01566	0.19471	0.28720	0.03086	0.10263	0.00920	0.00571	0.00167	0.00356	0.03309	0.14258	0.00652
31	0.00669	0.00553	0.00587	0.00578	0.00752	0.00471	0.00434	0.00831	0.01301	0.01612	0.19524	0.05017	0.63130	0.01329	0.00644	0.00182	0.00272	0.01118	0.00525	0.00471
32	0.01356	0.01171	0.01233	0.01109	0.01418	0.01356	0.00863	0.02897	0.76455	0.02281	0.02219	0.02034	0.01664	0.00740	0.00555	0.00185	0.00431	0.00616	0.00555	0.00863
33	0.01030	0.00969	0.01635	0.79530	0.03755	0.01211	0.01514	0.01393	0.01090	0.01393	0.00969	0.01453	0.00727	0.00545	0.00545	0.00182	0.00727	0.00484	0.00242	0.00606
34	0.00772	0.00557	0.00729	0.00686	0.00814	0.00514	0.00514	0.01029	0.01543	0.02186	0.77152	0.04072	0.05144	0.01115	0.00643	0.00171	0.00257	0.00986	0.00600	0.00514
35	0.02072	0.01527	0.01636	0.01254	0.01691	0.01691	0.01036	0.75622	0.02563	0.03436	0.01309	0.01309	0.00927	0.00654	0.00545	0.00164	0.00600	0.00491	0.00545	0.00927
36	0.01138	0.12366	0.68858	0.01478	0.02243	0.01375	0.01883	0.01715	0.01146	0.01672	0.00952	0.01117	0.00692	0.00512	0.00497	0.00166	0.00779	0.00389	0.00231	0.00793
37	0.00802	0.00591	0.00811	0.00800	0.00859	0.00671	0.00579	0.00924	0.00845	0.01193	0.01519	0.02609	0.01555	0.31367	0.48128	0.00723	0.04631	0.00654	0.00303	0.00436
38	0.00715	0.00553	0.00656	0.00665	0.00807	0.00494	0.00504	0.00902	0.01332	0.01739	0.31152	0.13122	0.36008	0.01331	0.00660	0.00190	0.00295	0.07855	0.00540	0.00482
39	0.05624	0.17104	0.07428	0.00941	0.01407	0.07655	0.00843	0.01569	0.03507	0.01700	0.03155	0.01170	0.00909	0.00475	0.00417	0.00110	0.00517	0.00352	0.00311	0.44806
40	0.01187	0.19101	0.55727	0.01489	0.02201	0.01462	0.08226	0.01709	0.01154	0.01635	0.00943	0.01121	0.00704	0.00502	0.00494	0.00162	0.00769	0.00401	0.00235	0.00777
41	0.00666	0.00553	0.00582	0.00575	0.00750	0.00470	0.00431	0.00825	0.01294	0.01595	0.17786	0.05046	0.64879	0.01335	0.00644	0.00182	0.00273	0.01122	0.00522	0.00470
42	0.00729	0.00606	0.00801	0.00744	0.00914	0.00537	0.05692	0.00917	0.01303	0.01686	0.25550	0.15867	0.40069	0.01288	0.00652	0.00186	0.00322	0.01127	0.00517	0.00492
43	0.01498	0.21212	0.05469	0.09023	0.25612	0.01523	0.03574	0.08892	0.01320	0.09089	0.01066	0.01269	0.00843	0.00558	0.00593	0.00160	0.06750	0.00444	0.00320	0.00784
44	0.00765	0.00543	0.00719	0.00741	0.00787	0.00578	0.00508	0.00863	0.00871	0.01202	0.01830	0.16138	0.02000	0.35101	0.34255	0.00622	0.00883	0.00835	0.00344	0.00415
45	0.00650	0.00553	0.00560	0.00558	0.00740	0.00463	0.00419	0.00793	0.01256	0.01505	0.08724	0.05194	0.73997	0.01369	0.00644	0.00184	0.00275	0.01143	0.00510	0.00463
46	0.04977	0.05146	0.46336	0.01584	0.08665	0.01305	0.04574	0.11696	0.01337	0.01957	0.01156	0.06715	0.00943	0.00612	0.00527	0.00172	0.00709	0.00503	0.00303	0.00786
47	0.01327	0.01256	0.04210	0.14129	0.45477	0.01281	0.01459	0.01926	0.17502	0.04024	0.01306	0.01522	0.01025	0.00556	0.00543	0.00170	0.00612	0.00513	0.00338	0.00825
48	0.00644	0.00552	0.00552	0.00552	0.00736	0.00460	0.00414	0.00782	0.01243	0.01473	0.05523	0.05247	0.77218	0.01381	0.00644	0.00184	0.00276	0.01151	0.00506	0.00460
49	0.00694	0.00672	0.04795	0.00665	0.00859	0.00516	0.00545	0.00871	0.01242	0.01545	0.10681	0.12866	0.55329	0.01354	0.00649	0.00190	0.00320	0.05226	0.00499	0.00484
50	0.01446	0.18277	0.23561	0.01712	0.19133	0.04322	0.01397	0.09156	0.01333	0.07671	0.01094	0.01268	0.00851	0.00759	0.05561	0.00202	0.00725	0.00429	0.00312	0.00791
51	0.01857	0.02308	0.01561	0.15327	0.02054	0.64851	0.01135	0.02037	0.01464	0.01345	0.00865	0.01067	0.00707	0.00559	0.00501	0.00148	0.00937	0.00375	0.00274	0.00627
52	0.58663	0.01130	0.01242	0.01538	0.24910	0.01246	0.00929	0.01625	0.01026	0.02238	0.00842	0.01030	0.00676	0.00500	0.00401	0.00167	0.00492	0.00355	0.00316	0.00676
53	0.00781	0.00574	0.00824	0.00824	0.00903	0.00653	0.00616	0.00940	0.00861	0.01227	0.01508	0.02408	0.01479	0.18440	0.64487	0.00811	0.01286	0.00623	0.00299	0.00458
54	0.06716	0.00934	0.01241	0.00957	0.01374	0.00823	0.00790	0.02602	0.01528	0.73904	0.02079	0.01805	0.01310	0.00666	0.00537	0.00169	0.00462	0.00535	0.00657	0.00910
55	0.00779	0.00584	0.00876	0.00876	0.00974	0.00681	0.00681	0.00974	0.00876	0.01266	0.01460	0.02142	0.01363	0.04089	0.78680	0.00876	0.01460	0.00584	0.00292	0.00487
56	0.00979	0.01920	0.46072	0.01260	0.01803	0.00990	0.04554	0.01463	0.01297	0.01885	0.28018	0.02274	0.03697	0.00743	0.00570	0.00173	0.00607	0.00633	0.00368	0.00693
57	0.02025	0.01427	0.01542	0.01190	0.01605	0.01564	0.00981	0.66693	0.02415	0.07531	0.01387	0.01387	0.00981	0.00654	0.00535	0.00162	0.00570	0.00495	0.05956	0.00900

[dist]
# distance from previous block
# <min> <max>
0	1

[block]
# block no. 5 follows, 44 sequences, length 12
# corresponding to MSA columns:
# 1274-1285
name=unknown_F
#
# <colnr> <probs for GDERKNQSTAVLIFYWHMCP>
#	G	D	E	R	K	N	Q	S	T	A	V	L	I	F	Y	W	H	M	C	P
0	0.04816	0.20386	0.36393	0.01633	0.05758	0.01497	0.18798	0.01702	0.01167	0.01662	0.00950	0.01160	0.00728	0.00490	0.00502	0.00162	0.00757	0.00433	0.00248	0.00758
1	0.84691	0.01054	0.00801	0.00717	0.01054	0.01223	0.00590	0.01603	0.00928	0.02446	0.00759	0.00886	0.00590	0.00506	0.00337	0.00169	0.00422	0.00295	0.00337	0.00590
2	0.02072	0.01527	0.01636	0.01254	0.01691	0.01691	0.01036	0.75622	0.02563	0.03436	0.01309	0.01309	0.00927	0.00654	0.00545	0.00164	0.00600	0.00491	0.00545	0.00927
3	0.00762	0.00557	0.00715	0.00676	0.00809	0.00510	0.00507	0.01010	0.01521	0.02133	0.71762	0.04161	0.10568	0.01135	0.00643	0.00172	0.00259	0.00998	0.00593	0.00510
4	0.00779	0.00584	0.00876	0.00876	0.00974	0.00681	0.00681	0.00974	0.00876	0.01266	0.01460	0.02142	0.01363	0.04089	0.78680	0.00876	0.01460	0.00584	0.00292	0.00487
5	0.00793	0.00529	0.00595	0.00595	0.00595	0.00529	0.00330	0.00793	0.00793	0.01057	0.01718	0.03568	0.01982	0.80840	0.02775	0.00529	0.00529	0.00793	0.00330	0.00330
6	0.01458	0.81168	0.02857	0.00933	0.01399	0.02157	0.00933	0.01632	0.01108	0.01283	0.00758	0.00875	0.00700	0.00466	0.00350	0.00117	0.00583	0.00292	0.00233	0.00700
7	0.00851	0.00723	0.00755	0.00717	0.00931	0.00712	0.00546	0.01387	0.22011	0.01756	0.10697	0.04261	0.50258	0.01181	0.00620	0.00183	0.00317	0.00989	0.00528	0.00576
8	0.01350	0.32130	0.21053	0.01443	0.01988	0.05721	0.18558	0.01825	0.07985	0.01592	0.01028	0.01191	0.00814	0.00507	0.00485	0.00153	0.00723	0.00433	0.00274	0.00745
9	0.01889	0.01424	0.16619	0.07290	0.01817	0.01120	0.01140	0.13275	0.09916	0.37213	0.01707	0.01622	0.01142	0.00638	0.00542	0.00172	0.00569	0.00513	0.00520	0.00871
10	0.00793	0.00529	0.00595	0.00595	0.00595	0.00529	0.00330	0.00793	0.00793	0.01057	0.01718	0.03568	0.01982	0.80840	0.02775	0.00529	0.00529	0.00793	0.00330	0.00330
11	0.04783	0.07165	0.01857	0.32045	0.29507	0.01336	0.01399	0.07749	0.03397	0.01766	0.01157	0.01460	0.02974	0.00555	0.00523	0.00168	0.00643	0.00486	0.00297	0.00734

[dist]
# distance from previous block
# <min> <max>
0	2

[block]
# block no. 6 follows, 44 sequences, length 30
# corresponding to MSA columns:
# 1288-1317
name=unknown_G
#
# <colnr> <probs for GDERKNQSTAVLIFYWHMCP>
#	G	D	E	R	K	N	Q	S	T	A	V	L	I	F	Y	W	H	M	C	P
0	0.16991	0.08726	0.24531	0.01281	0.07411	0.01277	0.01205	0.11119	0.01300	0.04044	0.00993	0.01127	0.00756	0.00508	0.00453	0.00147	0.00589	0.00379	0.00323	0.16839
1	0.06885	0.02669	0.01953	0.02728	0.57514	0.07369	0.01438	0.01721	0.01255	0.05962	0.01189	0.03429	0.02394	0.00552	0.00526	0.00162	0.00633	0.00503	0.00308	0.00810
2	0.01193	0.01193	0.01670	0.01431	0.01431	0.01670	0.01193	0.01312	0.00835	0.01312	0.00716	0.01193	0.00716	0.00954	0.01789	0.00239	0.79843	0.00477	0.00239	0.00596
3	0.01036	0.00856	0.00835	0.00781	0.00908	0.10592	0.00552	0.01253	0.05167	0.04704	0.32250	0.03306	0.04785	0.27714	0.02718	0.00300	0.00480	0.00800	0.00462	0.00501
4	0.00779	0.00584	0.00876	0.00876	0.00974	0.00681	0.00681	0.00974	0.00876	0.01266	0.01460	0.02142	0.01363	0.04089	0.78680	0.00876	0.01460	0.00584	0.00292	0.00487
5	0.26930	0.00965	0.01127	0.00895	0.01291	0.00927	0.00739	0.02343	0.01372	0.55379	0.01737	0.01567	0.01124	0.00625	0.00485	0.00169	0.00451	0.00473	0.00574	0.00827
6	0.01121	0.01063	0.01801	0.57631	0.24936	0.01235	0.01560	0.01473	0.01134	0.01505	0.00985	0.01424	0.00766	0.00528	0.00544	0.00176	0.00704	0.00485	0.00250	0.00680
7	0.00817	0.00584	0.00808	0.00934	0.01032	0.00574	0.00771	0.01023	0.01194	0.01563	0.02921	0.27517	0.03272	0.01564	0.00737	0.00242	0.00449	0.53010	0.00503	0.00485
8	0.01093	0.02820	0.78016	0.01554	0.02360	0.01266	0.02014	0.01727	0.01151	0.01727	0.00978	0.01151	0.00691	0.00518	0.00518	0.00173	0.00806	0.00403	0.00230	0.00806
9	0.01138	0.00998	0.01200	0.00887	0.01310	0.00848	0.00716	0.01365	0.01093	0.01717	0.00937	0.01138	0.00796	0.00474	0.00581	0.00101	0.10586	0.00343	0.00312	0.73460
10	0.05740	0.01228	0.01308	0.01360	0.11214	0.09631	0.00936	0.17310	0.17965	0.02120	0.01802	0.16328	0.01682	0.00919	0.00615	0.02449	0.00540	0.05681	0.00453	0.00718
11	0.05977	0.01505	0.01597	0.01229	0.01661	0.01669	0.01015	0.72124	0.02486	0.03389	0.01283	0.01289	0.00911	0.00647	0.00536	0.00164	0.00591	0.00482	0.00536	0.00911
12	0.00777	0.00553	0.00710	0.00679	0.00778	0.00529	0.00486	0.00974	0.01333	0.01876	0.55450	0.03828	0.04192	0.18708	0.06521	0.00298	0.00400	0.00916	0.00520	0.00472
13	0.01830	0.01667	0.01899	0.01976	0.23490	0.25553	0.10715	0.06795	0.01493	0.17441	0.01228	0.01352	0.00913	0.00556	0.00540	0.00159	0.00747	0.00477	0.00375	0.00792
14	0.01353	0.70835	0.02561	0.00884	0.01314	0.01940	0.00866	0.01523	0.01125	0.01307	0.01369	0.01435	0.10508	0.00584	0.00388	0.00125	0.00544	0.00402	0.00268	0.00669
15	0.00989	0.01734	0.37170	0.01535	0.11456	0.00989	0.05254	0.01392	0.01157	0.01651	0.04820	0.24214	0.03531	0.00898	0.00587	0.00186	0.00616	0.00797	0.00339	0.00685
16	0.08698	0.01844	0.11175	0.01217	0.01603	0.26166	0.01052	0.13740	0.16619	0.07234	0.01330	0.01361	0.00992	0.00612	0.00503	0.00161	0.00677	0.00448	0.03808	0.00759
17	0.01100	0.01017	0.01700	0.48074	0.24107	0.01160	0.01477	0.01438	0.01154	0.01532	0.01231	0.02026	0.01074	0.00652	0.00570	0.00185	0.00676	0.09879	0.00283	0.00665
18	0.00815	0.00640	0.00707	0.00676	0.00863	0.00598	0.00511	0.01166	0.10968	0.03640	0.24520	0.06400	0.44058	0.01217	0.00631	0.00181	0.00297	0.01033	0.00542	0.00538
19	0.00842	0.00541	0.00710	0.00791	0.00867	0.00510	0.00545	0.01005	0.04160	0.07833	0.02901	0.70698	0.03338	0.01582	0.00678	0.00216	0.00333	0.01428	0.00522	0.00501
20	0.01207	0.25278	0.52876	0.01411	0.02107	0.01528	0.05174	0.01700	0.01145	0.01600	0.00921	0.01087	0.00700	0.00500	0.00476	0.00157	0.00747	0.00382	0.00233	0.00772
21	0.73447	0.01037	0.00865	0.00752	0.01100	0.01165	0.00619	0.01747	0.01014	0.12751	0.00949	0.01018	0.00694	0.00529	0.00366	0.00169	0.00427	0.00330	0.00384	0.00637
22	0.01093	0.02820	0.78016	0.01554	0.02360	0.01266	0.02014	0.01727	0.01151	0.01727	0.00978	0.01151	0.00691	0.00518	0.00518	0.00173	0.00806	0.00403	0.00230	0.00806
23	0.73976	0.01281	0.10699	0.00824	0.01222	0.01229	0.00773	0.01618	0.00956	0.02354	0.00787	0.00920	0.00603	0.00508	0.00361	0.00169	0.00471	0.00309	0.00324	0.00618
24	0.01610	0.29593	0.13638	0.01104	0.01575	0.01573	0.01072	0.16348	0.10062	0.12321	0.05049	0.01426	0.01162	0.00603	0.00479	0.00152	0.00571	0.00454	0.00408	0.00801
25	0.00681	0.00481	0.00628	0.00738	0.00766	0.00454	0.00484	0.00763	0.01012	0.01349	0.02840	0.70625	0.03398	0.11851	0.00962	0.00261	0.00344	0.01453	0.00484	0.00428
26	0.77244	0.01136	0.00856	0.00767	0.01100	0.05074	0.00624	0.01683	0.03987	0.02384	0.00822	0.00937	0.00639	0.00518	0.00354	0.00168	0.00450	0.00311	0.00343	0.00603
27	0.00958	0.05684	0.39157	0.01132	0.01615	0.00967	0.01285	0.01385	0.01285	0.01828	0.26455	0.04389	0.07483	0.00832	0.00572	0.00174	0.00557	0.03194	0.00387	0.00662
28	0.00868	0.00727	0.00864	0.00799	0.00955	0.00768	0.00619	0.01252	0.12133	0.01846	0.32338	0.03800	0.28309	0.01129	0.00780	0.00186	0.10635	0.00922	0.00515	0.00557
29	0.04011	0.01301	0.01395	0.01116	0.01461	0.01432	0.00891	0.55583	0.05864	0.02915	0.01501	0.06739	0.01263	0.11001	0.00836	0.00215	0.00559	0.00599	0.00510	0.00807

[dist]
# distance from previous block
# <min> <max>
0	1

[block]
# block no. 7 follows, 44 sequences, length 29
# corresponding to MSA columns:
# 1319-1347
name=unknown_H
#
# <colnr> <probs for GDERKNQSTAVLIFYWHMCP>
#	G	D	E	R	K	N	Q	S	T	A	V	L	I	F	Y	W	H	M	C	P
0	0.01432	0.10505	0.18936	0.01889	0.22105	0.17795	0.01422	0.01841	0.06998	0.01606	0.01004	0.01211	0.00818	0.00579	0.00645	0.00165	0.09588	0.00427	0.00278	0.00754
1	0.01349	0.01295	0.02213	0.03346	0.77440	0.01295	0.01673	0.01673	0.01241	0.01781	0.01025	0.01349	0.00864	0.00486	0.00540	0.00162	0.00648	0.00486	0.00270	0.00864
2	0.01291	0.01236	0.02108	0.17133	0.64105	0.01280	0.01644	0.01622	0.01214	0.01711	0.01015	0.01368	0.00839	0.00496	0.00541	0.00165	0.00662	0.00486	0.00265	0.00817
3	0.01878	0.01924	0.01552	0.01318	0.01604	0.36892	0.01040	0.27570	0.01775	0.02092	0.01025	0.01173	0.00812	0.00657	0.00702	0.00163	0.12772	0.00425	0.03902	0.00724
4	0.01591	0.01222	0.01468	0.01317	0.11224	0.01179	0.00938	0.29230	0.03521	0.06787	0.01201	0.01289	0.00911	0.00532	0.00486	0.00130	0.00512	0.00427	0.00425	0.35611
5	0.01003	0.00743	0.00997	0.03627	0.01146	0.00830	0.02543	0.10614	0.01185	0.01704	0.01776	0.13783	0.03816	0.02310	0.34102	0.00478	0.05048	0.00715	0.13026	0.00555
6	0.01458	0.81168	0.02857	0.00933	0.01399	0.02157	0.00933	0.01632	0.01108	0.01283	0.00758	0.00875	0.00700	0.00466	0.00350	0.00117	0.00583	0.00292	0.00233	0.00700
7	0.00793	0.00529	0.00595	0.00595	0.00595	0.00529	0.00330	0.00793	0.00793	0.01057	0.01718	0.03568	0.01982	0.80840	0.02775	0.00529	0.00529	0.00793	0.00330	0.00330
8	0.02446	0.00928	0.01265	0.00970	0.01392	0.00801	0.00801	0.02657	0.01560	0.77817	0.02151	0.01856	0.01350	0.00675	0.00548	0.00169	0.00464	0.00548	0.00675	0.00928
9	0.00664	0.00474	0.00633	0.00759	0.00791	0.00443	0.00506	0.00759	0.01044	0.01392	0.03005	0.80485	0.03606	0.01708	0.00696	0.00221	0.00316	0.01550	0.00506	0.00443
10	0.00947	0.00473	0.00710	0.00710	0.00710	0.00473	0.00473	0.00710	0.00710	0.00947	0.00947	0.01657	0.00947	0.01894	0.02131	0.84138	0.00473	0.00473	0.00237	0.00237
11	0.01349	0.01295	0.02213	0.03346	0.77440	0.01295	0.01673	0.01673	0.01241	0.01781	0.01025	0.01349	0.00864	0.00486	0.00540	0.00162	0.00648	0.00486	0.00270	0.00864
12	0.01657	0.01376	0.01970	0.04652	0.40602	0.01444	0.03566	0.31671	0.01782	0.04201	0.01167	0.01351	0.00895	0.00559	0.00545	0.00164	0.00634	0.00494	0.00390	0.00879
13	0.02238	0.01262	0.01472	0.01128	0.01558	0.01297	0.00932	0.43294	0.02119	0.36391	0.01682	0.01551	0.01114	0.00663	0.00547	0.00166	0.00540	0.00516	0.00603	0.00927
14	0.01349	0.01295	0.02213	0.03346	0.77440	0.01295	0.01673	0.01673	0.01241	0.01781	0.01025	0.01349	0.00864	0.00486	0.00540	0.00162	0.00648	0.00486	0.00270	0.00864
15	0.01150	0.03445	0.15720	0.00951	0.01477	0.00859	0.00911	0.01465	0.01165	0.03790	0.04587	0.01285	0.01001	0.00468	0.00439	0.00106	0.00479	0.00374	0.00325	0.60001
16	0.25267	0.14490	0.05160	0.01143	0.01494	0.41109	0.00949	0.01908	0.01283	0.01659	0.00812	0.00946	0.00670	0.00529	0.00427	0.00146	0.00753	0.00328	0.00287	0.00639
17	0.01093	0.02820	0.78016	0.01554	0.02360	0.01266	0.02014	0.01727	0.01151	0.01727	0.00978	0.01151	0.00691	0.00518	0.00518	0.00173	0.00806	0.00403	0.00230	0.00806
18	0.01130	0.00969	0.01130	0.00807	0.01292	0.00727	0.00646	0.01373	0.01130	0.01776	0.00969	0.01130	0.00807	0.00404	0.00404	0.00081	0.00404	0.00323	0.00323	0.84173
19	0.01322	0.01003	0.01150	0.00990	0.01185	0.02868	0.00767	0.27913	0.01490	0.02043	0.01404	0.02050	0.01278	0.19401	0.21977	0.00439	0.07206	0.00579	0.04313	0.00624
20	0.00947	0.00473	0.00710	0.00710	0.00710	0.00473	0.00473	0.00710	0.00710	0.00947	0.00947	0.01657	0.00947	0.01894	0.02131	0.84138	0.00473	0.00473	0.00237	0.00237
21	0.01432	0.58322	0.14392	0.01056	0.01567	0.05473	0.01096	0.04218	0.01186	0.01455	0.00826	0.00951	0.00712	0.00482	0.00392	0.00126	0.00627	0.00320	0.00250	0.05115
22	0.02037	0.01493	0.01598	0.01229	0.01655	0.01651	0.01014	0.73136	0.02516	0.03389	0.01325	0.01333	0.00943	0.00654	0.00540	0.00162	0.00588	0.00491	0.03331	0.00913
23	0.01129	0.00972	0.01182	0.00963	0.06099	0.00754	0.00706	0.01377	0.01155	0.01794	0.04195	0.01269	0.00994	0.00439	0.00422	0.00090	0.00413	0.00361	0.00331	0.75353
24	0.00947	0.00473	0.00710	0.00710	0.00710	0.00473	0.00473	0.00710	0.00710	0.00947	0.00947	0.01657	0.00947	0.01894	0.02131	0.84138	0.00473	0.00473	0.00237	0.00237
25	0.84691	0.01054	0.00801	0.00717	0.01054	0.01223	0.00590	0.01603	0.00928	0.02446	0.00759	0.00886	0.00590	0.00506	0.00337	0.00169	0.00422	0.00295	0.00337	0.00590
26	0.01372	0.01366	0.04580	0.07922	0.52987	0.07178	0.01479	0.01679	0.01248	0.04243	0.01088	0.03302	0.00916	0.00527	0.00528	0.00157	0.00649	0.00487	0.00291	0.08001
27	0.84691	0.01054	0.00801	0.00717	0.01054	0.01223	0.00590	0.01603	0.00928	0.02446	0.00759	0.00886	0.00590	0.00506	0.00337	0.00169	0.00422	0.00295	0.00337	0.00590
28	0.01030	0.00969	0.01635	0.79530	0.03755	0.01211	0.01514	0.01393	0.01090	0.01393	0.00969	0.01453	0.00727	0.00545	0.00545	0.00182	0.00727	0.00484	0.00242	0.00606

[dist]
# distance from previous block
# <min> <max>
0	2

[block]
# block no. 8 follows, 44 sequences, length 15
# corresponding to MSA columns:
# 1350-1364
name=unknown_I
#
# <colnr> <probs for GDERKNQSTAVLIFYWHMCP>
#	G	D	E	R	K	N	Q	S	T	A	V	L	I	F	Y	W	H	M	C	P
0	0.00947	0.00473	0.00710	0.00710	0.00710	0.00473	0.00473	0.00710	0.00710	0.00947	0.00947	0.01657	0.00947	0.01894	0.02131	0.84138	0.00473	0.00473	0.00237	0.00237
1	0.01193	0.01193	0.01670	0.01431	0.01431	0.01670	0.01193	0.01312	0.00835	0.01312	0.00716	0.01193	0.00716	0.00954	0.01789	0.00239	0.79843	0.00477	0.00239	0.00596
2	0.00644	0.00552	0.00552	0.00552	0.00736	0.00460	0.00414	0.00782	0.01243	0.01473	0.05523	0.05247	0.77218	0.01381	0.00644	0.00184	0.00276	0.01151	0.00506	0.00460
3	0.01093	0.02820	0.78016	0.01554	0.02360	0.01266	0.02014	0.01727	0.01151	0.01727	0.00978	0.01151	0.00691	0.00518	0.00518	0.00173	0.00806	0.00403	0.00230	0.00806
4	0.01016	0.00508	0.00508	0.00508	0.00635	0.00508	0.00381	0.01270	0.01143	0.02033	0.01778	0.02033	0.01397	0.00635	0.00381	0.00127	0.00254	0.00508	0.83867	0.00508
5	0.02072	0.01527	0.01636	0.01254	0.01691	0.01691	0.01036	0.75622	0.02563	0.03436	0.01309	0.01309	0.00927	0.00654	0.00545	0.00164	0.00600	0.00491	0.00545	0.00927
6	0.01801	0.00970	0.01179	0.00984	0.01323	0.00974	0.00786	0.02526	0.30178	0.38617	0.12425	0.02227	0.01988	0.00760	0.00564	0.00175	0.00423	0.00634	0.00619	0.00847
