[name]
unknown

[dist]
# distance from previous block
# <min> <max>
6	462

[block]
# block no. 0 follows, 42 sequences, length 55
# corresponding to MSA columns:
# 554-608
name=unknown_A
#
# <colnr> <probs for GDERKNQSTAVLIFYWHMCP>
#	G	D	E	R	K	N	Q	S	T	A	V	L	I	F	Y	W	H	M	C	P
0	0.60627	0.08091	0.04640	0.00919	0.04266	0.01295	0.00760	0.01640	0.01021	0.02282	0.00829	0.00973	0.00660	0.00507	0.00374	0.00159	0.00476	0.00321	0.00329	0.09832
1	0.00993	0.07856	0.10321	0.00941	0.01175	0.00871	0.00812	0.09232	0.01370	0.01861	0.16598	0.40153	0.03096	0.01264	0.00637	0.00197	0.00432	0.01110	0.00487	0.00595
2	0.10812	0.07363	0.08067	0.01106	0.01514	0.01435	0.00981	0.39442	0.01985	0.02838	0.14429	0.01781	0.01661	0.00715	0.00534	0.00167	0.00542	0.00551	0.03275	0.00801
3	0.02017	0.00895	0.01174	0.00956	0.01308	0.00834	0.00774	0.02374	0.09071	0.51962	0.05251	0.02189	0.04196	0.01135	0.09134	0.00255	0.00564	0.00615	0.04448	0.00846
4	0.01167	0.01000	0.01167	0.00834	0.01334	0.00750	0.00667	0.01417	0.01167	0.01834	0.01000	0.01167	0.00834	0.00417	0.00417	0.00083	0.00417	0.00333	0.00333	0.83663
5	0.01705	0.43170	0.02218	0.01026	0.01482	0.03495	0.00928	0.12112	0.06933	0.12119	0.01193	0.01221	0.00931	0.00555	0.00442	0.00137	0.00567	0.00395	0.00383	0.08990
6	0.01505	0.80561	0.02949	0.00963	0.01444	0.02227	0.00963	0.01685	0.01143	0.01324	0.00782	0.00903	0.00722	0.00481	0.00361	0.00120	0.00602	0.00301	0.00241	0.00722
7	0.00686	0.00490	0.00653	0.00784	0.00816	0.00457	0.00522	0.00784	0.01077	0.01437	0.03102	0.79855	0.03722	0.01763	0.00718	0.00229	0.00326	0.01600	0.00522	0.00457
8	0.01299	0.01013	0.01058	0.00967	0.01232	0.01149	0.00748	0.02509	0.54349	0.02281	0.02160	0.02099	0.01639	0.00733	0.00521	0.00174	0.00393	0.00604	0.24285	0.00786
9	0.01556	0.01810	0.15218	0.02087	0.23949	0.16442	0.09848	0.04336	0.01408	0.08327	0.01318	0.01820	0.01096	0.00644	0.00578	0.00177	0.00765	0.07487	0.00343	0.00790
10	0.00697	0.00495	0.00650	0.00769	0.00799	0.00465	0.00507	0.00787	0.01055	0.01407	0.02986	0.73224	0.03576	0.08593	0.00905	0.00256	0.00346	0.01532	0.00507	0.00447
11	0.01400	0.01209	0.01273	0.01145	0.01463	0.01400	0.00891	0.02990	0.75695	0.02354	0.02291	0.02100	0.01718	0.00764	0.00573	0.00191	0.00445	0.00636	0.00573	0.00891
12	0.01184	0.01162	0.01633	0.01414	0.01425	0.01611	0.01173	0.01316	0.00867	0.01349	0.00824	0.01340	0.00813	0.01343	0.10273	0.00319	0.70596	0.00505	0.00252	0.00603
13	0.00686	0.00490	0.00653	0.00784	0.00816	0.00457	0.00522	0.00784	0.01077	0.01437	0.03102	0.79855	0.03722	0.01763	0.00718	0.00229	0.00326	0.01600	0.00522	0.00457
14	0.01373	0.01422	0.01707	0.01467	0.01520	0.11052	0.01207	0.04280	0.01020	0.01441	0.00778	0.01209	0.00745	0.00924	0.01634	0.00231	0.66616	0.00477	0.00264	0.00633
15	0.01197	0.09425	0.57826	0.01683	0.02438	0.01407	0.14744	0.01777	0.01209	0.01746	0.01013	0.01221	0.00738	0.00519	0.00542	0.00175	0.00832	0.00449	0.00246	0.00809
16	0.02286	0.00965	0.01282	0.00972	0.01418	0.00814	0.00799	0.02510	0.01533	0.63869	0.02006	0.01784	0.01295	0.00647	0.00540	0.00158	0.00468	0.00525	0.00633	0.15498
17	0.02101	0.01363	0.01529	0.01184	0.01604	0.01452	0.00973	0.53715	0.02343	0.18431	0.08063	0.01715	0.01425	0.00721	0.00572	0.00171	0.00560	0.00563	0.00595	0.00920
18	0.00712	0.00572	0.00635	0.00619	0.00789	0.00495	0.00465	0.00899	0.01394	0.01784	0.31024	0.04982	0.50996	0.01327	0.00665	0.00185	0.00278	0.01127	0.00557	0.00495
19	0.00686	0.00490	0.00653	0.00784	0.00816	0.00457	0.00522	0.00784	0.01077	0.01437	0.03102	0.79855	0.03722	0.01763	0.00718	0.00229	0.00326	0.01600	0.00522	0.00457
20	0.01275	0.11590	0.02022	0.01488	0.01601	0.01763	0.07589	0.01436	0.00939	0.01389	0.00779	0.01213	0.00747	0.00875	0.01550	0.00225	0.62144	0.00482	0.00249	0.00642
21	0.02248	0.01450	0.01575	0.01218	0.01657	0.05002	0.01001	0.50831	0.02301	0.24518	0.01578	0.01497	0.01071	0.00677	0.00561	0.00169	0.00597	0.00517	0.00589	0.00943
22	0.00684	0.00498	0.00645	0.00762	0.00811	0.00459	0.00513	0.00786	0.01098	0.01445	0.03367	0.72248	0.11157	0.01729	0.00713	0.00225	0.00322	0.01558	0.00522	0.00459
23	0.01855	0.13645	0.01814	0.01385	0.01649	0.52929	0.01096	0.02001	0.01394	0.01365	0.00833	0.01039	0.00727	0.00641	0.00734	0.00160	0.15425	0.00378	0.00275	0.00656
24	0.01050	0.07672	0.01038	0.04411	0.01124	0.00870	0.00662	0.08731	0.06824	0.01892	0.11012	0.23768	0.11140	0.01148	0.00654	0.03555	0.00394	0.00937	0.12535	0.00583
25	0.01063	0.01000	0.01688	0.78870	0.03876	0.01250	0.01563	0.01438	0.01125	0.01438	0.01000	0.01500	0.00750	0.00563	0.00563	0.00188	0.00750	0.00500	0.00250	0.00625
26	0.00818	0.00546	0.00614	0.00614	0.00614	0.00546	0.00341	0.00818	0.00818	0.01091	0.01773	0.03683	0.02046	0.80222	0.02864	0.00546	0.00546	0.00818	0.00341	0.00341
27	0.01581	0.52722	0.05093	0.04051	0.11187	0.05442	0.01123	0.05829	0.01292	0.05715	0.00948	0.01081	0.00795	0.00516	0.00428	0.00137	0.00636	0.00366	0.00291	0.00767
28	0.00859	0.00761	0.00877	0.04104	0.07589	0.04197	0.00665	0.01088	0.03884	0.01659	0.14507	0.17501	0.37690	0.01268	0.00650	0.00191	0.00381	0.01091	0.00495	0.00545
29	0.01505	0.80561	0.02949	0.00963	0.01444	0.02227	0.00963	0.01685	0.01143	0.01324	0.00782	0.00903	0.00722	0.00481	0.00361	0.00120	0.00602	0.00301	0.00241	0.00722
30	0.01271	0.06429	0.39543	0.01941	0.20837	0.01269	0.05060	0.01739	0.01250	0.06426	0.01499	0.01652	0.07403	0.00608	0.00550	0.00174	0.00714	0.00519	0.00304	0.00814
31	0.00665	0.00570	0.00570	0.00570	0.00760	0.00475	0.00428	0.00808	0.01283	0.01520	0.05701	0.05416	0.76483	0.01425	0.00665	0.00190	0.00285	0.01188	0.00523	0.00475
32	0.00804	0.00603	0.00904	0.00904	0.01005	0.00703	0.00703	0.01005	0.00904	0.01306	0.01507	0.02211	0.01407	0.04221	0.77992	0.00904	0.01507	0.00603	0.00301	0.00502
33	0.01489	0.01253	0.01323	0.01163	0.01498	0.01442	0.00912	0.11708	0.66832	0.02499	0.02177	0.02009	0.01626	0.00753	0.00571	0.00188	0.00466	0.00621	0.00571	0.00899
34	0.00786	0.00532	0.00623	0.00656	0.00664	0.00524	0.00386	0.00810	0.00882	0.01176	0.02101	0.22480	0.02460	0.60861	0.02335	0.00467	0.00492	0.01011	0.00386	0.00370
35	0.01400	0.01209	0.01273	0.01145	0.01463	0.01400	0.00891	0.02990	0.75695	0.02354	0.02291	0.02100	0.01718	0.00764	0.00573	0.00191	0.00445	0.00636	0.00573	0.00891
36	0.84197	0.01088	0.00827	0.00740	0.01088	0.01262	0.00609	0.01654	0.00958	0.02525	0.00784	0.00914	0.00609	0.00522	0.00348	0.00174	0.00435	0.00305	0.00348	0.00609
37	0.01317	0.01167	0.01416	0.04883	0.12463	0.04067	0.00914	0.07888	0.01328	0.01947	0.01034	0.01225	0.00844	0.00465	0.00460	0.00110	0.00511	0.00382	0.00340	0.57238
38	0.00665	0.00570	0.00570	0.00570	0.00760	0.00475	0.00428	0.00808	0.01283	0.01520	0.05701	0.05416	0.76483	0.01425	0.00665	0.00190	0.00285	0.01188	0.00523	0.00475
39	0.00686	0.00490	0.00653	0.00784	0.00816	0.00457	0.00522	0.00784	0.01077	0.01437	0.03102	0.79855	0.03722	0.01763	0.00718	0.00229	0.00326	0.01600	0.00522	0.00457
40	0.00665	0.00570	0.00570	0.00570	0.00760	0.00475	0.00428	0.00808	0.01283	0.01520	0.05701	0.05416	0.76483	0.01425	0.00665	0.00190	0.00285	0.01188	0.00523	0.00475
41	0.02525	0.00958	0.01306	0.01001	0.01437	0.00827	0.00827	0.02743	0.01611	0.77102	0.02220	0.01915	0.01393	0.00697	0.00566	0.00174	0.00479	0.00566	0.00697	0.00958
42	0.00782	0.00575	0.00732	0.00693	0.00832	0.00525	0.00520	0.01034	0.01559	0.02175	0.68600	0.04338	0.13175	0.01181	0.00664	0.00178	0.00268	0.01037	0.00609	0.00525
43	0.02102	0.02682	0.01595	0.01450	0.01740	0.77963	0.01087	0.02247	0.01595	0.01377	0.00870	0.01015	0.00725	0.00580	0.00507	0.00145	0.01015	0.00362	0.00290	0.00652
44	0.01167	0.01000	0.01167	0.00834	0.01334	0.00750	0.00667	0.01417	0.01167	0.01834	0.01000	0.01167	0.00834	0.00417	0.00417	0.00083	0.00417	0.00333	0.00333	0.83663
45	0.00817	0.00551	0.00643	0.00643	0.00654	0.00562	0.00378	0.00837	0.00827	0.01113	0.01746	0.03532	0.01981	0.72456	0.10541	0.00582	0.00644	0.00796	0.00337	0.00357
46	0.01335	0.01278	0.02179	0.16713	0.63906	0.01322	0.01698	0.01676	0.01254	0.01768	0.01048	0.01412	0.00867	0.00512	0.00558	0.00171	0.00683	0.00501	0.00274	0.00845
47	0.01244	0.03995	0.01612	0.01409	0.07095	0.05140	0.13537	0.03999	0.25381	0.01933	0.05015	0.04791	0.15541	0.00879	0.00635	0.00188	0.02048	0.04374	0.00457	0.00727
48	0.00671	0.00546	0.00595	0.00633	0.00777	0.00470	0.00456	0.00801	0.01222	0.01495	0.04931	0.27481	0.54915	0.01525	0.00681	0.00201	0.00297	0.01310	0.00523	0.00470
49	0.03788	0.04298	0.06810	0.04498	0.25079	0.10113	0.02932	0.01762	0.03991	0.04525	0.01065	0.01291	0.00864	0.00551	0.00612	0.00153	0.07000	0.00438	0.00313	0.19915
50	0.36709	0.16631	0.01541	0.04084	0.04122	0.23976	0.00895	0.01816	0.01197	0.01871	0.00840	0.01005	0.00695	0.00602	0.01871	0.00169	0.00678	0.00341	0.00304	0.00652
51	0.00709	0.00503	0.00658	0.00760	0.00798	0.00473	0.00505	0.00811	0.01096	0.01473	0.09348	0.65486	0.03689	0.09727	0.00933	0.00256	0.00344	0.01469	0.00512	0.00452
52	0.00805	0.00598	0.00879	0.00879	0.00971	0.00690	0.00672	0.00989	0.00897	0.01288	0.01531	0.02339	0.01463	0.10837	0.71452	0.00873	0.01424	0.00622	0.00305	0.00488
53	0.01868	0.26536	0.04606	0.01197	0.01648	0.08488	0.01056	0.40312	0.03403	0.02550	0.01146	0.01203	0.00878	0.00603	0.00491	0.00152	0.00646	0.00429	0.01946	0.00843
54	0.01454	0.50316	0.02280	0.01037	0.01419	0.07518	0.00960	0.06987	0.01310	0.01563	0.01292	0.02071	0.01263	0.00842	0.03075	0.00180	0.00648	0.14775	0.00325	0.00686

[dist]
# distance from previous block
# <min> <max>
0	80

[block]
# block no. 1 follows, 42 sequences, length 17
# corresponding to MSA columns:
# 712-728
name=unknown_B
#
# <colnr> <probs for GDERKNQSTAVLIFYWHMCP>
#	G	D	E	R	K	N	Q	S	T	A	V	L	I	F	Y	W	H	M	C	P
0	0.01445	0.04517	0.03441	0.01081	0.03233	0.01111	0.04047	0.21852	0.07596	0.08630	0.13545	0.04462	0.12761	0.00857	0.00577	0.00171	0.00475	0.00716	0.05901	0.03584
1	0.01167	0.01000	0.01167	0.00834	0.01334	0.00750	0.00667	0.01417	0.01167	0.01834	0.01000	0.01167	0.00834	0.00417	0.00417	0.00083	0.00417	0.00333	0.00333	0.83663
2	0.01231	0.01231	0.01724	0.01477	0.01477	0.01724	0.01231	0.01354	0.00862	0.01354	0.00739	0.01231	0.00739	0.00985	0.01847	0.00246	0.79192	0.00492	0.00246	0.00616
3	0.00756	0.00574	0.00697	0.00666	0.00816	0.00514	0.00499	0.00984	0.01498	0.02031	0.54781	0.04575	0.27085	0.01235	0.00664	0.00181	0.00271	0.01070	0.00590	0.00514
4	0.00817	0.00549	0.00633	0.00633	0.00639	0.00556	0.00365	0.00830	0.00824	0.01105	0.01756	0.03587	0.02004	0.75289	0.07741	0.00569	0.00608	0.00804	0.00338	0.00351
5	0.14506	0.01268	0.01406	0.01101	0.01525	0.01332	0.00907	0.35121	0.05347	0.29370	0.01617	0.01520	0.01094	0.00664	0.00532	0.00173	0.00534	0.00503	0.00579	0.00902
6	0.01241	0.01016	0.01109	0.00990	0.01260	0.01116	0.00769	0.08996	0.42334	0.02364	0.22302	0.02892	0.09384	0.00919	0.00604	0.00185	0.00399	0.00776	0.00580	0.00763
7	0.02332	0.01196	0.01445	0.01115	0.01551	0.01190	0.00919	0.29199	0.05349	0.46732	0.01905	0.01717	0.01248	0.00692	0.00565	0.00173	0.00529	0.00547	0.00642	0.00954
8	0.01810	0.01965	0.01687	0.13101	0.05812	0.39422	0.04150	0.16431	0.01688	0.01877	0.01142	0.01540	0.00952	0.00651	0.00553	0.00166	0.00845	0.05141	0.00352	0.00716
9	0.01857	0.19425	0.05807	0.01606	0.15966	0.01625	0.01187	0.30506	0.01826	0.12985	0.01272	0.01329	0.00940	0.00594	0.00515	0.00159	0.00616	0.00463	0.00438	0.00885
10	0.02525	0.00958	0.01306	0.01001	0.01437	0.00827	0.00827	0.02743	0.01611	0.77102	0.02220	0.01915	0.01393	0.00697	0.00566	0.00174	0.00479	0.00566	0.00697	0.00958
11	0.00804	0.00603	0.00904	0.00904	0.01005	0.00703	0.00703	0.01005	0.00904	0.01306	0.01507	0.02211	0.01407	0.04221	0.77992	0.00904	0.01507	0.00603	0.00301	0.00502
12	0.01195	0.01426	0.13438	0.01279	0.01601	0.09907	0.11495	0.06810	0.07855	0.01739	0.01867	0.25601	0.01889	0.06930	0.04122	0.00250	0.00674	0.00871	0.00401	0.00650
13	0.71900	0.01225	0.00974	0.00921	0.04231	0.06351	0.00706	0.04830	0.01085	0.02465	0.00825	0.00959	0.00643	0.00532	0.00376	0.00172	0.00491	0.00325	0.00351	0.00639
14	0.00845	0.00611	0.00829	0.00928	0.01049	0.00595	0.00774	0.01074	0.01299	0.01705	0.11826	0.16288	0.08911	0.01527	0.00748	0.00240	0.00445	0.49266	0.00531	0.00508
15	0.01111	0.00700	0.00754	0.00718	0.00890	0.00745	0.00547	0.04535	0.14923	0.02125	0.05651	0.05534	0.01762	0.01010	0.06141	0.00207	0.00404	0.00621	0.51017	0.00605
16	0.01665	0.04948	0.01870	0.01954	0.23932	0.17343	0.07313	0.05412	0.12258	0.10508	0.03502	0.04228	0.01246	0.00644	0.00559	0.00169	0.00682	0.00556	0.00401	0.00809

[dist]
# distance from previous block
# <min> <max>
0	1

[block]
# block no. 2 follows, 42 sequences, length 33
# corresponding to MSA columns:
# 743-775
name=unknown_C
#
# <colnr> <probs for GDERKNQSTAVLIFYWHMCP>
#	G	D	E	R	K	N	Q	S	T	A	V	L	I	F	Y	W	H	M	C	P
0	0.14683	0.07229	0.07276	0.05893	0.14812	0.30955	0.06339	0.03480	0.01360	0.01743	0.00929	0.01138	0.00750	0.00541	0.00498	0.00160	0.00796	0.00409	0.00293	0.00717
1	0.01439	0.01490	0.02368	0.06336	0.53233	0.09089	0.14257	0.01780	0.01314	0.01768	0.01051	0.01381	0.00862	0.00507	0.00571	0.00170	0.00755	0.00515	0.00280	0.00833
2	0.01937	0.01460	0.01519	0.01180	0.01597	0.04524	0.00965	0.57721	0.02319	0.03156	0.01349	0.01396	0.00985	0.00646	0.00530	0.00156	0.00580	0.00487	0.08894	0.08601
3	0.01328	0.01518	0.03321	0.02372	0.02941	0.01423	0.74668	0.01803	0.01328	0.01803	0.01139	0.01518	0.00854	0.00474	0.00664	0.00190	0.00949	0.00664	0.00285	0.00759
4	0.01474	0.01246	0.01315	0.01160	0.01492	0.01435	0.00909	0.10249	0.68315	0.02475	0.02196	0.02024	0.01641	0.00755	0.00572	0.00189	0.00463	0.00623	0.00572	0.00897
5	0.00674	0.00570	0.00583	0.00580	0.00766	0.00479	0.00435	0.00825	0.01304	0.01572	0.10629	0.05331	0.71523	0.01406	0.00665	0.00189	0.00284	0.01176	0.00529	0.00479
6	0.00686	0.00490	0.00653	0.00784	0.00816	0.00457	0.00522	0.00784	0.01077	0.01437	0.03102	0.79855	0.03722	0.01763	0.00718	0.00229	0.00326	0.01600	0.00522	0.00457
7	0.00665	0.00570	0.00570	0.00570	0.00760	0.00475	0.00428	0.00808	0.01283	0.01520	0.05701	0.05416	0.76483	0.01425	0.00665	0.00190	0.00285	0.01188	0.00523	0.00475
8	0.02139	0.01576	0.01689	0.01295	0.01745	0.01745	0.01070	0.74835	0.02646	0.03547	0.01351	0.01351	0.00957	0.00676	0.00563	0.00169	0.00619	0.00507	0.00563	0.00957
9	0.84197	0.01088	0.00827	0.00740	0.01088	0.01262	0.00609	0.01654	0.00958	0.02525	0.00784	0.00914	0.00609	0.00522	0.00348	0.00174	0.00435	0.00305	0.00348	0.00609
10	0.01129	0.02911	0.77306	0.01604	0.02436	0.01307	0.02079	0.01782	0.01188	0.01782	0.01010	0.01188	0.00713	0.00535	0.00535	0.00178	0.00832	0.00416	0.00238	0.00832
11	0.02139	0.01576	0.01689	0.01295	0.01745	0.01745	0.01070	0.74835	0.02646	0.03547	0.01351	0.01351	0.00957	0.00676	0.00563	0.00169	0.00619	0.00507	0.00563	0.00957
12	0.84197	0.01088	0.00827	0.00740	0.01088	0.01262	0.00609	0.01654	0.00958	0.02525	0.00784	0.00914	0.00609	0.00522	0.00348	0.00174	0.00435	0.00305	0.00348	0.00609
13	0.02525	0.00958	0.01306	0.01001	0.01437	0.00827	0.00827	0.02743	0.01611	0.77102	0.02220	0.01915	0.01393	0.00697	0.00566	0.00174	0.00479	0.00566	0.00697	0.00958
14	0.84197	0.01088	0.00827	0.00740	0.01088	0.01262	0.00609	0.01654	0.00958	0.02525	0.00784	0.00914	0.00609	0.00522	0.00348	0.00174	0.00435	0.00305	0.00348	0.00609
15	0.01393	0.01337	0.02284	0.03454	0.76712	0.01337	0.01727	0.01727	0.01281	0.01839	0.01059	0.01393	0.00891	0.00501	0.00557	0.00167	0.00669	0.00501	0.00279	0.00891
16	0.01400	0.01209	0.01273	0.01145	0.01463	0.01400	0.00891	0.02990	0.75695	0.02354	0.02291	0.02100	0.01718	0.00764	0.00573	0.00191	0.00445	0.00636	0.00573	0.00891
17	0.01129	0.02911	0.77306	0.01604	0.02436	0.01307	0.02079	0.01782	0.01188	0.01782	0.01010	0.01188	0.00713	0.00535	0.00535	0.00178	0.00832	0.00416	0.00238	0.00832
18	0.02019	0.01517	0.01621	0.01271	0.01700	0.01689	0.01041	0.63190	0.14486	0.03353	0.01503	0.01472	0.01080	0.00690	0.00565	0.00172	0.00591	0.00528	0.00565	0.00946
19	0.01400	0.01209	0.01273	0.01145	0.01463	0.01400	0.00891	0.02990	0.75695	0.02354	0.02291	0.02100	0.01718	0.00764	0.00573	0.00191	0.00445	0.00636	0.00573	0.00891
20	0.01393	0.01337	0.02284	0.03454	0.76712	0.01337	0.01727	0.01727	0.01281	0.01839	0.01059	0.01393	0.00891	0.00501	0.00557	0.00167	0.00669	0.00501	0.00279	0.00891
21	0.00827	0.00606	0.00822	0.00812	0.00869	0.00682	0.00581	0.00945	0.00869	0.01223	0.01582	0.02755	0.01633	0.34209	0.45155	0.00736	0.04253	0.00684	0.00315	0.00443
22	0.00969	0.00614	0.00808	0.00737	0.00900	0.00561	0.00561	0.01230	0.01595	0.09747	0.68989	0.03975	0.04918	0.01105	0.00654	0.00177	0.00287	0.00973	0.00627	0.00574
23	0.00849	0.00606	0.00840	0.00970	0.01074	0.00598	0.00806	0.01065	0.01238	0.01619	0.03012	0.25689	0.03366	0.01609	0.00762	0.00251	0.00468	0.54158	0.00519	0.00502
24	0.01371	0.01355	0.02431	0.05930	0.62194	0.01348	0.13544	0.01729	0.01284	0.01819	0.01069	0.01417	0.00880	0.00499	0.00575	0.00172	0.00717	0.00528	0.00279	0.00861
25	0.00832	0.00585	0.00719	0.00709	0.00730	0.00625	0.00453	0.00879	0.00838	0.01147	0.01676	0.03275	0.01860	0.61044	0.18705	0.00610	0.03839	0.00760	0.00329	0.00386
26	0.00686	0.00490	0.00653	0.00784	0.00816	0.00457	0.00522	0.00784	0.01077	0.01437	0.03102	0.79855	0.03722	0.01763	0.00718	0.00229	0.00326	0.01600	0.00522	0.00457
27	0.02256	0.00962	0.01239	0.00978	0.01373	0.00887	0.00799	0.05530	0.08454	0.59650	0.02153	0.01928	0.01410	0.00698	0.00549	0.00171	0.00460	0.00566	0.09030	0.00908
28	0.01091	0.00683	0.00715	0.00664	0.00848	0.00692	0.00509	0.08729	0.05765	0.02176	0.09361	0.02781	0.14507	0.00840	0.00492	0.00153	0.00313	0.00687	0.48411	0.00582
29	0.02118	0.00953	0.01423	0.01104	0.01502	0.00842	0.08252	0.02370	0.01567	0.56912	0.11605	0.02346	0.01912	0.00767	0.00597	0.00179	0.00501	0.03546	0.00638	0.00866
30	0.75761	0.01028	0.00810	0.00744	0.01061	0.01181	0.00601	0.01566	0.00970	0.02415	0.01018	0.08889	0.00924	0.00648	0.00386	0.00180	0.00424	0.00436	0.00366	0.00594
31	0.02078	0.01333	0.01488	0.01155	0.01575	0.01407	0.00949	0.50878	0.02272	0.20155	0.01989	0.01891	0.08687	0.00756	0.00574	0.00172	0.00553	0.00589	0.00589	0.00909
32	0.01486	0.38250	0.17026	0.09022	0.01921	0.04852	0.01247	0.13534	0.01430	0.01824	0.03916	0.01226	0.00942	0.00562	0.00466	0.00150	0.00668	0.00408	0.00310	0.00762

[dist]
# distance from previous block
# <min> <max>
2	47

[block]
# block no. 3 follows, 42 sequences, length 44
# corresponding to MSA columns:
# 823-866
name=unknown_D
#
# <colnr> <probs for GDERKNQSTAVLIFYWHMCP>
#	G	D	E	R	K	N	Q	S	T	A	V	L	I	F	Y	W	H	M	C	P
0	0.01058	0.00909	0.01206	0.01138	0.04470	0.03791	0.08322	0.06107	0.07264	0.01710	0.02172	0.37158	0.02349	0.09532	0.00870	0.00229	0.00494	0.01036	0.00445	0.09740
1	0.00987	0.00627	0.00735	0.00677	0.00874	0.00548	0.00511	0.01168	0.01392	0.12803	0.25845	0.04430	0.39519	0.06418	0.00795	0.00207	0.00325	0.01022	0.00565	0.00554
2	0.01129	0.02911	0.77306	0.01604	0.02436	0.01307	0.02079	0.01782	0.01188	0.01782	0.01010	0.01188	0.00713	0.00535	0.00535	0.00178	0.00832	0.00416	0.00238	0.00832
3	0.01690	0.14751	0.01638	0.01077	0.01441	0.01344	0.04018	0.28306	0.01819	0.12833	0.09824	0.05542	0.01711	0.00771	0.00545	0.00166	0.00523	0.03391	0.07827	0.00783
4	0.01344	0.01475	0.03072	0.02631	0.20616	0.01403	0.57191	0.01785	0.01317	0.01811	0.01119	0.01488	0.00863	0.00481	0.00638	0.00184	0.00882	0.00625	0.00283	0.00791
5	0.00829	0.00590	0.00718	0.00677	0.00841	0.00526	0.00511	0.01054	0.01496	0.05229	0.50906	0.04489	0.27620	0.01218	0.00660	0.00181	0.00281	0.01052	0.00592	0.00532
6	0.00683	0.00498	0.00644	0.00761	0.00810	0.00459	0.00512	0.00786	0.01099	0.01445	0.03377	0.71977	0.11422	0.01727	0.00713	0.00224	0.00322	0.01556	0.00522	0.00459
7	0.01176	0.05394	0.62005	0.01713	0.02488	0.01359	0.14495	0.01782	0.01211	0.01770	0.01024	0.01235	0.00737	0.00522	0.00551	0.00178	0.00844	0.00454	0.00246	0.00815
8	0.02139	0.01576	0.01689	0.01295	0.01745	0.01745	0.01070	0.74835	0.02646	0.03547	0.01351	0.01351	0.00957	0.00676	0.00563	0.00169	0.00619	0.00507	0.00563	0.00957
9	0.02102	0.02682	0.01595	0.01450	0.01740	0.77963	0.01087	0.02247	0.01595	0.01377	0.00870	0.01015	0.00725	0.00580	0.00507	0.00145	0.01015	0.00362	0.00290	0.00652
10	0.01167	0.01000	0.01167	0.00834	0.01334	0.00750	0.00667	0.01417	0.01167	0.01834	0.01000	0.01167	0.00834	0.00417	0.00417	0.00083	0.00417	0.00333	0.00333	0.83663
11	0.00686	0.00490	0.00653	0.00784	0.00816	0.00457	0.00522	0.00784	0.01077	0.01437	0.03102	0.79855	0.03722	0.01763	0.00718	0.00229	0.00326	0.01600	0.00522	0.00457
12	0.00686	0.00490	0.00653	0.00784	0.00816	0.00457	0.00522	0.00784	0.01077	0.01437	0.03102	0.79855	0.03722	0.01763	0.00718	0.00229	0.00326	0.01600	0.00522	0.00457
13	0.01129	0.02911	0.77306	0.01604	0.02436	0.01307	0.02079	0.01782	0.01188	0.01782	0.01010	0.01188	0.00713	0.00535	0.00535	0.00178	0.00832	0.00416	0.00238	0.00832
14	0.02358	0.01084	0.01367	0.01063	0.01491	0.01033	0.00873	0.14812	0.08508	0.58026	0.02081	0.01838	0.01350	0.00699	0.00566	0.00175	0.00499	0.00562	0.00663	0.00952
15	0.00818	0.00546	0.00614	0.00614	0.00614	0.00546	0.00341	0.00818	0.00818	0.01091	0.01773	0.03683	0.02046	0.80222	0.02864	0.00546	0.00546	0.00818	0.00341	0.00341
16	0.84197	0.01088	0.00827	0.00740	0.01088	0.01262	0.00609	0.01654	0.00958	0.02525	0.00784	0.00914	0.00609	0.00522	0.00348	0.00174	0.00435	0.00305	0.00348	0.00609
17	0.02102	0.02682	0.01595	0.01450	0.01740	0.77963	0.01087	0.02247	0.01595	0.01377	0.00870	0.01015	0.00725	0.00580	0.00507	0.00145	0.01015	0.00362	0.00290	0.00652
18	0.02451	0.01077	0.01380	0.01058	0.01496	0.01004	0.00874	0.16603	0.01810	0.62960	0.02053	0.01807	0.01309	0.00692	0.00565	0.00173	0.00506	0.00555	0.00671	0.00958
19	0.01415	0.01257	0.02008	0.32484	0.13999	0.01380	0.13963	0.19124	0.01550	0.02094	0.01153	0.01477	0.00868	0.00569	0.00572	0.00178	0.00720	0.00531	0.03893	0.00763
20	0.01400	0.01209	0.01273	0.01145	0.01463	0.01400	0.00891	0.02990	0.75695	0.02354	0.02291	0.02100	0.01718	0.00764	0.00573	0.00191	0.00445	0.00636	0.00573	0.00891
21	0.00702	0.00507	0.00664	0.00762	0.00817	0.00469	0.00519	0.00827	0.01166	0.01566	0.14440	0.64856	0.07310	0.01654	0.00708	0.00219	0.00315	0.01492	0.00537	0.00469
22	0.01063	0.01000	0.01688	0.78870	0.03876	0.01250	0.01563	0.01438	0.01125	0.01438	0.01000	0.01500	0.00750	0.00563	0.00563	0.00188	0.00750	0.00500	0.00250	0.00625
23	0.02102	0.02682	0.01595	0.01450	0.01740	0.77963	0.01087	0.02247	0.01595	0.01377	0.00870	0.01015	0.00725	0.00580	0.00507	0.00145	0.01015	0.00362	0.00290	0.00652
24	0.01620	0.27841	0.01880	0.01144	0.01439	0.28119	0.00949	0.01775	0.01272	0.05447	0.01131	0.01636	0.01051	0.08025	0.04113	0.00222	0.06896	0.04482	0.00310	0.00647
25	0.02102	0.02682	0.01595	0.01450	0.01740	0.77963	0.01087	0.02247	0.01595	0.01377	0.00870	0.01015	0.00725	0.00580	0.00507	0.00145	0.01015	0.00362	0.00290	0.00652
26	0.02139	0.01576	0.01689	0.01295	0.01745	0.01745	0.01070	0.74835	0.02646	0.03547	0.01351	0.01351	0.00957	0.00676	0.00563	0.00169	0.00619	0.00507	0.00563	0.00957
27	0.02139	0.01576	0.01689	0.01295	0.01745	0.01745	0.01070	0.74835	0.02646	0.03547	0.01351	0.01351	0.00957	0.00676	0.00563	0.00169	0.00619	0.00507	0.00563	0.00957
28	0.01063	0.01000	0.01688	0.78870	0.03876	0.01250	0.01563	0.01438	0.01125	0.01438	0.01000	0.01500	0.00750	0.00563	0.00563	0.00188	0.00750	0.00500	0.00250	0.00625
29	0.00817	0.00553	0.00651	0.00651	0.00664	0.00566	0.00388	0.00843	0.00830	0.01119	0.01739	0.03492	0.01963	0.70389	0.12585	0.00592	0.00670	0.00791	0.00336	0.00362
30	0.84197	0.01088	0.00827	0.00740	0.01088	0.01262	0.00609	0.01654	0.00958	0.02525	0.00784	0.00914	0.00609	0.00522	0.00348	0.00174	0.00435	0.00305	0.00348	0.00609
31	0.01393	0.01337	0.02284	0.03454	0.76712	0.01337	0.01727	0.01727	0.01281	0.01839	0.01059	0.01393	0.00891	0.00501	0.00557	0.00167	0.00669	0.00501	0.00279	0.00891
32	0.00812	0.00570	0.00738	0.00738	0.00781	0.00613	0.00496	0.00898	0.00855	0.01183	0.01659	0.03052	0.01772	0.47659	0.35053	0.00699	0.00958	0.00726	0.00324	0.00410
33	0.00665	0.00570	0.00570	0.00570	0.00760	0.00475	0.00428	0.00808	0.01283	0.01520	0.05701	0.05416	0.76483	0.01425	0.00665	0.00190	0.00285	0.01188	0.00523	0.00475
34	0.01146	0.06389	0.73976	0.01575	0.02391	0.01348	0.02029	0.01778	0.01186	0.01762	0.01000	0.01175	0.00713	0.00532	0.00527	0.00176	0.00821	0.00411	0.00238	0.00827
35	0.00687	0.00504	0.00646	0.00752	0.00810	0.00462	0.00510	0.00798	0.01125	0.01480	0.06330	0.67035	0.13405	0.01694	0.00709	0.00221	0.00319	0.01522	0.00526	0.00462
36	0.01291	0.01406	0.02924	0.04961	0.02685	0.01387	0.60073	0.01714	0.01266	0.01766	0.01141	0.01528	0.00878	0.00538	0.00756	0.00191	0.08395	0.00633	0.05741	0.00725
37	0.00814	0.00562	0.00696	0.00696	0.00724	0.00590	0.00443	0.00871	0.00843	0.01152	0.01698	0.03267	0.01865	0.58758	0.24082	0.00647	0.00817	0.00758	0.00330	0.00387
38	0.06955	0.08846	0.04803	0.13184	0.01892	0.01360	0.05526	0.25323	0.03080	0.05298	0.07798	0.01865	0.04552	0.03474	0.00622	0.00183	0.00587	0.00567	0.03337	0.00748
39	0.01111	0.01234	0.09396	0.01624	0.19696	0.06006	0.03909	0.01529	0.09001	0.01813	0.13666	0.14807	0.11962	0.00956	0.00613	0.00184	0.00530	0.00846	0.00428	0.00686
40	0.01473	0.26144	0.10134	0.04070	0.01564	0.08076	0.01014	0.11669	0.04855	0.04526	0.04683	0.07129	0.01319	0.00684	0.00489	0.00154	0.00588	0.00528	0.08325	0.02577
41	0.05296	0.01542	0.06619	0.09863	0.14880	0.11327	0.01249	0.15733	0.09349	0.05569	0.04184	0.01505	0.01111	0.00665	0.00678	0.00179	0.08565	0.00506	0.00392	0.00789
42	0.01575	0.04227	0.01691	0.09981	0.18647	0.13639	0.01153	0.12359	0.04689	0.05034	0.01140	0.01317	0.00895	0.00544	0.00510	0.00145	0.00645	0.00440	0.00360	0.21009
43	0.24236	0.08255	0.01490	0.01386	0.12380	0.21961	0.00960	0.07733	0.01397	0.04622	0.03534	0.01542	0.07047	0.00641	0.00483	0.00162	0.00639	0.00467	0.00365	0.00699

[dist]
# distance from previous block
# <min> <max>
0	8

[block]
# block no. 4 follows, 42 sequences, length 42
# corresponding to MSA columns:
# 886-927
name=unknown_E
#
# <colnr> <probs for GDERKNQSTAVLIFYWHMCP>
#	G	D	E	R	K	N	Q	S	T	A	V	L	I	F	Y	W	H	M	C	P
0	0.01357	0.01241	0.01984	0.23224	0.45552	0.01322	0.01553	0.09811	0.01393	0.01909	0.01278	0.01592	0.04147	0.00577	0.00564	0.00174	0.00668	0.00531	0.00313	0.00810
1	0.45347	0.00996	0.00953	0.00841	0.01154	0.01079	0.00678	0.09199	0.01285	0.12815	0.04357	0.10697	0.04395	0.00801	0.00483	0.00184	0.00439	0.03170	0.00462	0.00665
2	0.01251	0.01187	0.02045	0.26612	0.35209	0.01278	0.09953	0.01628	0.02873	0.01720	0.01121	0.01501	0.00895	0.00554	0.00611	0.00177	0.03813	0.00524	0.06293	0.00755
3	0.00681	0.00507	0.00635	0.00738	0.00804	0.00461	0.00502	0.00789	0.01121	0.01454	0.03656	0.63967	0.19252	0.01691	0.00707	0.00220	0.00318	0.01512	0.00522	0.00461
4	0.01070	0.00643	0.00701	0.00662	0.00825	0.00662	0.00507	0.06621	0.04277	0.02130	0.10672	0.02480	0.05960	0.01075	0.07295	0.00213	0.00407	0.00628	0.52606	0.00567
5	0.70006	0.01173	0.00976	0.00836	0.01202	0.01346	0.00689	0.14310	0.01250	0.02702	0.00882	0.00990	0.00670	0.00549	0.00385	0.00173	0.00467	0.00340	0.00385	0.00670
6	0.02525	0.00958	0.01306	0.01001	0.01437	0.00827	0.00827	0.02743	0.01611	0.77102	0.02220	0.01915	0.01393	0.00697	0.00566	0.00174	0.00479	0.00566	0.00697	0.00958
7	0.01294	0.01151	0.01788	0.26020	0.34218	0.01256	0.01428	0.06149	0.08383	0.01882	0.01301	0.01715	0.01053	0.00604	0.00556	0.00176	0.00634	0.03023	0.06596	0.00773
8	0.00665	0.00570	0.00570	0.00570	0.00760	0.00475	0.00428	0.00808	0.01283	0.01520	0.05701	0.05416	0.76483	0.01425	0.00665	0.00190	0.00285	0.01188	0.00523	0.00475
9	0.01198	0.01576	0.16728	0.14882	0.02193	0.11545	0.13506	0.04191	0.01270	0.01630	0.01555	0.20495	0.01517	0.01000	0.03970	0.00221	0.00761	0.00765	0.00339	0.00658
10	0.01400	0.01209	0.01273	0.01145	0.01463	0.01400	0.00891	0.02990	0.75695	0.02354	0.02291	0.02100	0.01718	0.00764	0.00573	0.00191	0.00445	0.00636	0.00573	0.00891
11	0.00804	0.00603	0.00904	0.00904	0.01005	0.00703	0.00703	0.01005	0.00904	0.01306	0.01507	0.02211	0.01407	0.04221	0.77992	0.00904	0.01507	0.00603	0.00301	0.00502
12	0.00686	0.00490	0.00653	0.00784	0.00816	0.00457	0.00522	0.00784	0.01077	0.01437	0.03102	0.79855	0.03722	0.01763	0.00718	0.00229	0.00326	0.01600	0.00522	0.00457
13	0.00686	0.00490	0.00653	0.00784	0.00816	0.00457	0.00522	0.00784	0.01077	0.01437	0.03102	0.79855	0.03722	0.01763	0.00718	0.00229	0.00326	0.01600	0.00522	0.00457
14	0.01129	0.02911	0.77306	0.01604	0.02436	0.01307	0.02079	0.01782	0.01188	0.01782	0.01010	0.01188	0.00713	0.00535	0.00535	0.00178	0.00832	0.00416	0.00238	0.00832
15	0.01393	0.01337	0.02284	0.03454	0.76712	0.01337	0.01727	0.01727	0.01281	0.01839	0.01059	0.01393	0.00891	0.00501	0.00557	0.00167	0.00669	0.00501	0.00279	0.00891
16	0.00792	0.00575	0.00746	0.00703	0.00838	0.00529	0.00527	0.01053	0.01582	0.02231	0.73967	0.04246	0.07774	0.01160	0.00664	0.00177	0.00266	0.01024	0.00616	0.00529
17	0.01063	0.01000	0.01688	0.78870	0.03876	0.01250	0.01563	0.01438	0.01125	0.01438	0.01000	0.01500	0.00750	0.00563	0.00563	0.00188	0.00750	0.00500	0.00250	0.00625
18	0.00768	0.00574	0.00713	0.00679	0.00824	0.00519	0.00509	0.01008	0.01527	0.02100	0.61330	0.04462	0.20492	0.01209	0.00664	0.00180	0.00270	0.01054	0.00599	0.00519
19	0.01149	0.00596	0.00625	0.00589	0.00760	0.00586	0.00449	0.01462	0.04220	0.06190	0.01840	0.02049	0.01425	0.00652	0.00411	0.00134	0.00288	0.00523	0.71958	0.04094
20	0.01316	0.30884	0.02439	0.01391	0.01760	0.01620	0.21079	0.04714	0.01175	0.01538	0.01058	0.01474	0.00944	0.05898	0.11325	0.00288	0.09633	0.00503	0.00282	0.00677
21	0.01328	0.01518	0.03321	0.02372	0.02941	0.01423	0.74668	0.01803	0.01328	0.01803	0.01139	0.01518	0.00854	0.00474	0.00664	0.00190	0.00949	0.00664	0.00285	0.00759
22	0.01328	0.01518	0.03321	0.02372	0.02941	0.01423	0.74668	0.01803	0.01328	0.01803	0.01139	0.01518	0.00854	0.00474	0.00664	0.00190	0.00949	0.00664	0.00285	0.00759
23	0.01241	0.09919	0.46555	0.01699	0.10535	0.01386	0.04681	0.03914	0.01228	0.01784	0.00996	0.01202	0.00759	0.00536	0.00572	0.00166	0.04082	0.00423	0.00263	0.08059
24	0.84197	0.01088	0.00827	0.00740	0.01088	0.01262	0.00609	0.01654	0.00958	0.02525	0.00784	0.00914	0.00609	0.00522	0.00348	0.00174	0.00435	0.00305	0.00348	0.00609
25	0.01129	0.02911	0.77306	0.01604	0.02436	0.01307	0.02079	0.01782	0.01188	0.01782	0.01010	0.01188	0.00713	0.00535	0.00535	0.00178	0.00832	0.00416	0.00238	0.00832
26	0.01063	0.01000	0.01688	0.78870	0.03876	0.01250	0.01563	0.01438	0.01125	0.01438	0.01000	0.01500	0.00750	0.00563	0.00563	0.00188	0.00750	0.00500	0.00250	0.00625
27	0.02102	0.02682	0.01595	0.01450	0.01740	0.77963	0.01087	0.02247	0.01595	0.01377	0.00870	0.01015	0.00725	0.00580	0.00507	0.00145	0.01015	0.00362	0.00290	0.00652
28	0.00807	0.00591	0.00842	0.00842	0.00921	0.00670	0.00626	0.00965	0.00886	0.01260	0.01564	0.02527	0.01544	0.20552	0.61849	0.00827	0.01301	0.00649	0.00310	0.00468
29	0.01231	0.01231	0.01724	0.01477	0.01477	0.01724	0.01231	0.01354	0.00862	0.01354	0.00739	0.01231	0.00739	0.00985	0.01847	0.00246	0.79192	0.00492	0.00246	0.00616
30	0.00672	0.00570	0.00580	0.00578	0.00765	0.00478	0.00433	0.00822	0.01300	0.01560	0.09560	0.05350	0.72599	0.01410	0.00665	0.00189	0.00284	0.01178	0.00528	0.00478
31	0.00818	0.00546	0.00614	0.00614	0.00614	0.00546	0.00341	0.00818	0.00818	0.01091	0.01773	0.03683	0.02046	0.80222	0.02864	0.00546	0.00546	0.00818	0.00341	0.00341
32	0.00912	0.00762	0.01112	0.01050	0.01125	0.00962	0.00837	0.01094	0.00894	0.01319	0.01312	0.01962	0.01237	0.03399	0.58666	0.00737	0.21224	0.00575	0.00287	0.00531
33	0.01328	0.01518	0.03321	0.02372	0.02941	0.01423	0.74668	0.01803	0.01328	0.01803	0.01139	0.01518	0.00854	0.00474	0.00664	0.00190	0.00949	0.00664	0.00285	0.00759
34	0.00705	0.00501	0.00646	0.00761	0.00813	0.00466	0.00518	0.00817	0.01104	0.01478	0.03256	0.68710	0.09562	0.01683	0.00701	0.00222	0.00325	0.03148	0.04122	0.00463
35	0.01105	0.00650	0.00679	0.00645	0.00811	0.00675	0.00491	0.03913	0.10650	0.02193	0.08967	0.02274	0.01829	0.00717	0.00447	0.00144	0.00297	0.00585	0.62342	0.00585
36	0.02018	0.01158	0.01589	0.12288	0.13698	0.01175	0.01123	0.16850	0.04845	0.36811	0.01696	0.01670	0.01151	0.00646	0.00564	0.00175	0.00573	0.00538	0.00537	0.00898
37	0.02525	0.00958	0.01306	0.01001	0.01437	0.00827	0.00827	0.02743	0.01611	0.77102	0.02220	0.01915	0.01393	0.00697	0.00566	0.00174	0.00479	0.00566	0.00697	0.00958
38	0.02021	0.00976	0.01190	0.00964	0.01304	0.05005	0.00772	0.05385	0.01589	0.49556	0.15858	0.02351	0.02093	0.04143	0.03963	0.00219	0.00521	0.00648	0.00623	0.00817
39	0.01504	0.01640	0.11960	0.14160	0.21288	0.08137	0.14707	0.09465	0.03503	0.06439	0.01175	0.01419	0.00884	0.00555	0.00572	0.00175	0.00761	0.00515	0.00334	0.00808
40	0.01199	0.01433	0.19614	0.15927	0.09322	0.01157	0.01353	0.01624	0.05683	0.07230	0.02888	0.02014	0.04017	0.04351	0.07632	0.00270	0.09544	0.03698	0.00339	0.00706
41	0.06107	0.00987	0.01105	0.00942	0.01240	0.05704	0.00748	0.09302	0.02951	0.29724	0.04866	0.07009	0.09976	0.01342	0.11613	0.00280	0.00623	0.00686	0.04058	0.00736

[dist]
# distance from previous block
# <min> <max>
9	127

[block]
# block no. 5 follows, 42 sequences, length 15
# corresponding to MSA columns:
# 1069-1083
name=unknown_F
#
# <colnr> <probs for GDERKNQSTAVLIFYWHMCP>
#	G	D	E	R	K	N	Q	S	T	A	V	L	I	F	Y	W	H	M	C	P
0	0.23194	0.15657	0.01618	0.01236	0.06162	0.26048	0.00932	0.06603	0.01313	0.01817	0.00936	0.01218	0.00817	0.06359	0.00672	0.00184	0.03860	0.00393	0.00316	0.00665
1	0.06871	0.01017	0.04903	0.00960	0.01266	0.03222	0.02879	0.09018	0.03285	0.18453	0.19993	0.06179	0.13542	0.00975	0.00607	0.00184	0.00454	0.04950	0.00549	0.00694
2	0.01419	0.01570	0.10998	0.07013	0.28376	0.06890	0.06242	0.09720	0.10735	0.02000	0.01492	0.01664	0.05317	0.00615	0.00562	0.00171	0.00673	0.00543	0.00356	0.03643
3	0.01468	0.05806	0.03265	0.01143	0.04556	0.05850	0.05504	0.05645	0.01348	0.10697	0.02644	0.01332	0.00982	0.00502	0.00474	0.00119	0.00534	0.00413	0.00378	0.47341
4	0.00907	0.00679	0.01058	0.00980	0.01135	0.00644	0.09411	0.01038	0.01188	0.01565	0.13624	0.08189	0.14605	0.01457	0.01083	0.21185	0.00476	0.19868	0.00438	0.00470
5	0.01423	0.06431	0.28773	0.05554	0.22740	0.03212	0.04587	0.10517	0.03145	0.04267	0.01111	0.01316	0.00845	0.00563	0.00582	0.00173	0.03138	0.00468	0.00314	0.00839
6	0.00714	0.00565	0.00617	0.00642	0.00779	0.00500	0.00467	0.00839	0.01186	0.01456	0.04536	0.13185	0.49923	0.14318	0.01039	0.00258	0.00353	0.07674	0.00493	0.00455
7	0.01618	0.65961	0.02700	0.01047	0.01500	0.13223	0.00985	0.04797	0.01271	0.01424	0.00819	0.00938	0.00732	0.00504	0.00391	0.00126	0.00663	0.00318	0.00261	0.00722
8	0.00732	0.00520	0.00691	0.00811	0.00857	0.00495	0.00571	0.00849	0.01092	0.01449	0.02975	0.61730	0.03508	0.08043	0.00901	0.00259	0.00375	0.13176	0.00507	0.00458
9	0.01775	0.01430	0.01591	0.04606	0.10296	0.05903	0.01088	0.34943	0.21246	0.05495	0.04661	0.01676	0.01322	0.00689	0.00566	0.00174	0.00588	0.00554	0.00512	0.00884
10	0.11372	0.10079	0.01387	0.06176	0.02992	0.12008	0.00890	0.01571	0.03323	0.07430	0.03613	0.16063	0.01557	0.01233	0.08698	0.00259	0.09670	0.00673	0.00377	0.00629
11	0.00797	0.00552	0.00622	0.00622	0.00653	0.00544	0.00371	0.00826	0.00886	0.01160	0.02294	0.03844	0.12132	0.65698	0.06336	0.00515	0.00558	0.00858	0.00364	0.00367
12	0.01177	0.01559	0.20087	0.20651	0.20230	0.01216	0.12680	0.01610	0.01245	0.01768	0.06572	0.01634	0.01162	0.00576	0.00568	0.00177	0.00717	0.00544	0.05081	0.00745
13	0.22406	0.08362	0.12354	0.01098	0.01585	0.01445	0.01025	0.26875	0.03478	0.02559	0.01081	0.01170	0.00815	0.00564	0.00466	0.00155	0.00567	0.00402	0.00400	0.13191
14	0.01361	0.06066	0.07198	0.14452	0.01971	0.11320	0.01244	0.06331	0.01189	0.01580	0.01031	0.01359	0.03078	0.00757	0.01066	0.00194	0.33136	0.00473	0.00286	0.05908

[dist]
# distance from previous block
# <min> <max>
0	2

[block]
# block no. 6 follows, 42 sequences, length 7
# corresponding to MSA columns:
# 1086-1092
name=unknown_G
#
# <colnr> <probs for GDERKNQSTAVLIFYWHMCP>
#	G	D	E	R	K	N	Q	S	T	A	V	L	I	F	Y	W	H	M	C	P
0	0.00816	0.00556	0.00664	0.00664	0.00682	0.00573	0.00404	0.00851	0.00833	0.01129	0.01727	0.03427	0.01935	0.67009	0.15925	0.00608	0.00713	0.00781	0.00334	0.00369
1	0.01250	0.01246	0.01758	0.52471	0.16470	0.09123	0.01500	0.01673	0.06047	0.01563	0.01081	0.01471	0.00836	0.00567	0.00557	0.00180	0.00743	0.00495	0.00280	0.00693
2	0.00746	0.00584	0.00739	0.00739	0.00870	0.00594	0.00557	0.00906	0.01058	0.01380	0.03307	0.03688	0.33296	0.09131	0.39174	0.00573	0.00912	0.00868	0.00398	0.00478
3	0.00703	0.00511	0.00664	0.00754	0.00816	0.00471	0.00517	0.00834	0.01183	0.01586	0.16054	0.60925	0.09641	0.01630	0.00705	0.00217	0.00313	0.01467	0.00539	0.00471
4	0.01242	0.01237	0.07479	0.09512	0.01750	0.01100	0.00966	0.02056	0.29890	0.01987	0.01498	0.01564	0.01155	0.00576	0.00502	0.00144	0.00498	0.00475	0.00409	0.35958
5	0.08186	0.07701	0.04654	0.01841	0.26668	0.01219	0.01188	0.01701	0.01225	0.11080	0.01365	0.01910	0.01172	0.00692	0.00661	0.00175	0.08603	0.08346	0.04465	0.07146
6	0.01728	0.20297	0.01808	0.01115	0.01504	0.01629	0.00944	0.43671	0.02039	0.02692	0.07573	0.09509	0.01542	0.00779	0.00539	0.00164	0.00556	0.00611	0.00486	0.00815

[dist]
# distance from previous block
# <min> <max>
2	7

[block]
# block no. 7 follows, 42 sequences, length 45
# corresponding to MSA columns:
# 1100-1144
name=unknown_H
#
# <colnr> <probs for GDERKNQSTAVLIFYWHMCP>
#	G	D	E	R	K	N	Q	S	T	A	V	L	I	F	Y	W	H	M	C	P
0	0.16824	0.20402	0.15203	0.14584	0.02075	0.01433	0.09788	0.01573	0.01141	0.01724	0.01318	0.04769	0.05741	0.00627	0.00494	0.00169	0.00645	0.00511	0.00297	0.00681
1	0.01102	0.22602	0.07050	0.00860	0.01173	0.01107	0.00781	0.01431	0.05892	0.05023	0.30749	0.03058	0.15225	0.00926	0.00562	0.00165	0.00422	0.00764	0.00472	0.00636
2	0.01439	0.23790	0.01607	0.00992	0.01252	0.21849	0.00784	0.01731	0.09866	0.01446	0.01316	0.01896	0.01241	0.21979	0.01100	0.00250	0.00657	0.00510	0.05688	0.00608
3	0.01379	0.54602	0.27807	0.01177	0.01776	0.01919	0.01336	0.01718	0.01158	0.01477	0.00858	0.00998	0.00719	0.00499	0.00419	0.00140	0.00679	0.00339	0.00240	0.00759
4	0.00836	0.00533	0.00657	0.00720	0.00798	0.00496	0.00491	0.00954	0.01109	0.05320	0.03028	0.49520	0.10972	0.10679	0.00915	0.00247	0.00347	0.01281	0.10617	0.00479
5	0.01349	0.08999	0.43976	0.01392	0.02009	0.01369	0.01585	0.06203	0.01266	0.07789	0.01075	0.01234	0.00797	0.00592	0.00665	0.00171	0.09860	0.00424	0.00305	0.08938
6	0.01319	0.01652	0.21415	0.01465	0.01916	0.07335	0.19749	0.01756	0.05640	0.08298	0.01527	0.07321	0.01326	0.10883	0.00880	0.00229	0.00720	0.01925	0.03940	0.00705
7	0.00808	0.00541	0.00617	0.00628	0.00630	0.00538	0.00356	0.00816	0.00839	0.01119	0.01881	0.09881	0.02182	0.73838	0.02690	0.00520	0.00528	0.00882	0.00356	0.00350
8	0.01370	0.13632	0.52360	0.01478	0.02164	0.12986	0.01732	0.04932	0.01305	0.01732	0.00972	0.01129	0.00726	0.00540	0.00508	0.00165	0.00818	0.00396	0.00260	0.00795
9	0.01563	0.10338	0.16918	0.12090	0.05207	0.01431	0.01279	0.17439	0.13257	0.09598	0.01411	0.01494	0.01032	0.00618	0.00530	0.00170	0.00625	0.00491	0.03679	0.00830
10	0.01442	0.01298	0.01292	0.01164	0.01480	0.06052	0.00903	0.02945	0.71193	0.02295	0.02204	0.02034	0.01658	0.00752	0.00569	0.00188	0.00480	0.00620	0.00555	0.00876
11	0.00721	0.00526	0.00679	0.00737	0.00819	0.00484	0.00516	0.00880	0.01272	0.01722	0.28163	0.47080	0.11271	0.01523	0.00695	0.00207	0.00302	0.01363	0.00555	0.00484
12	0.01105	0.00745	0.01040	0.01051	0.04893	0.00811	0.00766	0.01342	0.04274	0.10986	0.01908	0.05903	0.04562	0.12109	0.35430	0.00558	0.06469	0.05072	0.00394	0.00583
13	0.02525	0.00958	0.01306	0.01001	0.01437	0.00827	0.00827	0.02743	0.01611	0.77102	0.02220	0.01915	0.01393	0.00697	0.00566	0.00174	0.00479	0.00566	0.00697	0.00958
14	0.00895	0.00653	0.00877	0.00970	0.01098	0.00656	0.00808	0.01218	0.06106	0.01759	0.11509	0.16146	0.03450	0.01486	0.00743	0.00241	0.00457	0.49860	0.00534	0.00535
15	0.01271	0.06110	0.03750	0.21663	0.02740	0.01370	0.35527	0.06329	0.01310	0.01769	0.01207	0.05442	0.00990	0.00605	0.00648	0.00185	0.03871	0.00620	0.03887	0.00705
16	0.01399	0.01120	0.01209	0.01081	0.01387	0.01261	0.00842	0.02744	0.62410	0.07145	0.08224	0.02372	0.04677	0.00813	0.00583	0.00189	0.00428	0.00682	0.00583	0.00852
17	0.00757	0.00572	0.00707	0.00739	0.00871	0.00522	0.00566	0.00954	0.01353	0.01784	0.28619	0.18496	0.26166	0.01416	0.00694	0.00205	0.00328	0.14197	0.00554	0.00499
18	0.84197	0.01088	0.00827	0.00740	0.01088	0.01262	0.00609	0.01654	0.00958	0.02525	0.00784	0.00914	0.00609	0.00522	0.00348	0.00174	0.00435	0.00305	0.00348	0.00609
19	0.00716	0.00571	0.00621	0.00644	0.00791	0.00504	0.00478	0.00850	0.01207	0.01474	0.04670	0.09806	0.52953	0.12526	0.00990	0.00250	0.00352	0.09639	0.00497	0.00460
