[name]
unknown

[dist]
# distance from previous block
# <min> <max>
0	83

[block]
# block no. 0 follows, 41 sequences, length 36
# corresponding to MSA columns:
# 134-169
name=unknown_A
#
# <colnr> <probs for GDERKNQSTAVLIFYWHMCP>
#	G	D	E	R	K	N	Q	S	T	A	V	L	I	F	Y	W	H	M	C	P
0	0.01386	0.16934	0.05418	0.01079	0.01399	0.01204	0.00982	0.13562	0.01560	0.08090	0.08629	0.03670	0.02297	0.01052	0.00629	0.00201	0.00551	0.30173	0.00487	0.00696
1	0.01575	0.01563	0.14462	0.01822	0.20553	0.01342	0.01328	0.24556	0.07267	0.06345	0.04825	0.08831	0.01452	0.00749	0.00586	0.00181	0.00615	0.00637	0.00450	0.00863
2	0.01253	0.01067	0.01406	0.01665	0.20197	0.01149	0.01029	0.07737	0.25691	0.02041	0.02143	0.25735	0.02071	0.01022	0.00661	0.00200	0.02787	0.00899	0.00480	0.00767
3	0.01401	0.01130	0.01856	0.21059	0.40372	0.01184	0.01457	0.01723	0.01268	0.10281	0.01274	0.01605	0.01000	0.00839	0.06323	0.00230	0.00718	0.00526	0.04956	0.00798
4	0.01589	0.01673	0.06940	0.01187	0.01518	0.21998	0.00977	0.07478	0.32022	0.02120	0.01692	0.01711	0.01293	0.00683	0.00529	0.00168	0.00620	0.00526	0.14499	0.00776
5	0.01238	0.00949	0.01083	0.00850	0.01214	0.00848	0.00674	0.13728	0.01536	0.02262	0.16516	0.02173	0.05718	0.00700	0.00509	0.00130	0.00402	0.00576	0.10294	0.38599
6	0.00949	0.00615	0.00803	0.00788	0.00903	0.00624	0.00571	0.01083	0.01043	0.08325	0.02513	0.10815	0.13818	0.22207	0.31722	0.00574	0.00871	0.00861	0.00412	0.00503
7	0.00854	0.00705	0.01070	0.00995	0.01109	0.00713	0.08353	0.01031	0.01213	0.01668	0.20184	0.38291	0.05420	0.07263	0.00979	0.00240	0.07693	0.01208	0.00489	0.00522
8	0.01417	0.46475	0.15055	0.01066	0.01534	0.01781	0.01081	0.08831	0.01269	0.01612	0.01054	0.01466	0.00972	0.13272	0.00826	0.00207	0.00644	0.00431	0.00293	0.00715
9	0.02219	0.01461	0.01621	0.01250	0.01699	0.01573	0.01030	0.57061	0.05693	0.18050	0.01591	0.01521	0.01095	0.00695	0.00573	0.00174	0.00593	0.00533	0.00600	0.00970
10	0.02500	0.01080	0.01394	0.01068	0.01513	0.00999	0.00883	0.14963	0.01816	0.64298	0.02106	0.01849	0.01341	0.00704	0.00575	0.00176	0.00511	0.00565	0.00685	0.00973
11	0.00968	0.00620	0.00783	0.00831	0.00928	0.00602	0.00573	0.01208	0.08009	0.09000	0.02816	0.55048	0.03143	0.11443	0.00976	0.00264	0.00387	0.01330	0.00530	0.00541
12	0.01508	0.01103	0.01391	0.01153	0.01386	0.01257	0.04974	0.23684	0.01600	0.06279	0.01556	0.08842	0.01328	0.00847	0.00852	0.00187	0.18749	0.00632	0.21953	0.00719
13	0.00712	0.00573	0.00635	0.00637	0.00799	0.00495	0.00471	0.00884	0.01363	0.01726	0.23336	0.12565	0.50972	0.01412	0.00681	0.00194	0.00289	0.01205	0.00556	0.00495
14	0.00745	0.00582	0.00675	0.00652	0.00815	0.00512	0.00489	0.00954	0.01466	0.01930	0.41924	0.04871	0.39728	0.01305	0.00675	0.00186	0.00279	0.01118	0.00582	0.00512
15	0.01416	0.01359	0.02322	0.03511	0.76330	0.01359	0.01755	0.01755	0.01302	0.01869	0.01076	0.01416	0.00906	0.00510	0.00566	0.00170	0.00680	0.00510	0.00283	0.00906
16	0.83938	0.01106	0.00841	0.00752	0.01106	0.01283	0.00619	0.01681	0.00973	0.02566	0.00796	0.00929	0.00619	0.00531	0.00354	0.00177	0.00442	0.00310	0.00354	0.00619
17	0.02364	0.01034	0.01316	0.01021	0.01437	0.00962	0.00839	0.14157	0.01765	0.58053	0.02078	0.01872	0.01349	0.00701	0.00558	0.00172	0.00489	0.00562	0.08338	0.00932
18	0.01468	0.00787	0.00970	0.00859	0.01117	0.00722	0.00663	0.08332	0.01510	0.27202	0.07447	0.22539	0.21628	0.01198	0.00646	0.00195	0.00397	0.01025	0.00600	0.00693
19	0.01244	0.00705	0.00723	0.00659	0.00844	0.00732	0.00510	0.13071	0.01439	0.02369	0.01787	0.02011	0.01387	0.00670	0.00428	0.00139	0.00325	0.00530	0.69823	0.00604
20	0.00954	0.00779	0.00885	0.00839	0.01044	0.00805	0.00646	0.01577	0.23257	0.01974	0.22466	0.03895	0.25796	0.01465	0.08317	0.00265	0.00465	0.03394	0.00549	0.00627
21	0.01375	0.00728	0.00912	0.00830	0.01068	0.00657	0.00633	0.01628	0.05530	0.27085	0.10240	0.23259	0.21278	0.01224	0.00651	0.00197	0.00375	0.01055	0.00603	0.00673
22	0.00770	0.00529	0.00642	0.00703	0.00718	0.00513	0.00431	0.00816	0.00952	0.01270	0.02420	0.38414	0.02859	0.44164	0.01913	0.00407	0.00453	0.01195	0.00431	0.00401
23	0.17212	0.01375	0.01942	0.01649	0.09296	0.01442	0.19489	0.28298	0.01789	0.02666	0.08115	0.01606	0.01284	0.00633	0.00566	0.00179	0.00650	0.00564	0.00436	0.00808
24	0.00703	0.00559	0.00614	0.00642	0.00777	0.00489	0.00455	0.00831	0.01230	0.01528	0.08850	0.22420	0.48402	0.08800	0.00896	0.00235	0.00323	0.01259	0.00520	0.00469
25	0.01403	0.09038	0.01571	0.01216	0.09336	0.01137	0.00887	0.13222	0.01437	0.02092	0.01058	0.01214	0.00862	0.00481	0.00457	0.00111	0.00502	0.00382	0.00361	0.53230
26	0.14640	0.01192	0.01251	0.01119	0.01409	0.01407	0.00883	0.02599	0.53798	0.02317	0.04075	0.01915	0.01572	0.00771	0.00677	0.00196	0.08255	0.00589	0.00514	0.00821
27	0.28112	0.01245	0.01436	0.01413	0.13456	0.01313	0.00983	0.21344	0.01653	0.21689	0.01368	0.01386	0.00963	0.00614	0.00503	0.00174	0.00542	0.00464	0.00491	0.00850
28	0.04736	0.00985	0.01585	0.55115	0.10529	0.01163	0.01394	0.01439	0.01228	0.01685	0.13060	0.01929	0.01515	0.00660	0.00578	0.00186	0.00661	0.00584	0.00322	0.00646
29	0.09370	0.01311	0.01376	0.01162	0.01533	0.01479	0.00928	0.23568	0.43250	0.06917	0.01905	0.01791	0.01399	0.00724	0.00558	0.00185	0.00505	0.00573	0.00565	0.00902
30	0.01422	0.01250	0.01459	0.01541	0.13508	0.01412	0.01042	0.02833	0.63413	0.02309	0.02127	0.02019	0.01611	0.00733	0.00579	0.00190	0.00489	0.00625	0.00534	0.00905
31	0.01185	0.01597	0.20906	0.11833	0.30639	0.01204	0.07481	0.01585	0.01229	0.01735	0.01396	0.13932	0.01301	0.00730	0.00596	0.00187	0.00699	0.00680	0.00309	0.00775
32	0.01997	0.01662	0.01806	0.01696	0.13732	0.09698	0.01206	0.51064	0.02253	0.02969	0.01239	0.01337	0.00925	0.00666	0.00638	0.00173	0.05054	0.00498	0.00479	0.00910
33	0.00933	0.00611	0.00735	0.00693	0.00848	0.00550	0.00505	0.01111	0.01382	0.08766	0.33749	0.06934	0.25571	0.13876	0.01027	0.00246	0.00344	0.01031	0.00559	0.00529
34	0.01395	0.01380	0.05415	0.06762	0.53172	0.01377	0.01605	0.06893	0.01366	0.01946	0.04928	0.01541	0.01113	0.00607	0.00693	0.00180	0.07928	0.00532	0.00315	0.00849
35	0.01292	0.01300	0.01496	0.24104	0.17398	0.16712	0.01154	0.01503	0.01181	0.01428	0.01236	0.02062	0.01179	0.24194	0.01256	0.00286	0.00739	0.00576	0.00296	0.00611

[dist]
# distance from previous block
# <min> <max>
1	41

[block]
# block no. 1 follows, 41 sequences, length 10
# corresponding to MSA columns:
# 211-220
name=unknown_B
#
# <colnr> <probs for GDERKNQSTAVLIFYWHMCP>
#	G	D	E	R	K	N	Q	S	T	A	V	L	I	F	Y	W	H	M	C	P
0	0.01542	0.01694	0.01535	0.01624	0.13509	0.31176	0.01088	0.01834	0.07491	0.01518	0.01193	0.01638	0.01072	0.08820	0.11083	0.00310	0.11379	0.00509	0.00318	0.00667
1	0.04054	0.01197	0.01258	0.03426	0.12900	0.15293	0.00915	0.03548	0.01512	0.08223	0.26451	0.05517	0.08221	0.00930	0.00611	0.00179	0.00539	0.04077	0.00483	0.00666
2	0.49232	0.01073	0.00978	0.00837	0.01172	0.01189	0.00681	0.13389	0.01376	0.07970	0.07615	0.01487	0.01234	0.00638	0.00437	0.00172	0.00443	0.00447	0.08944	0.00686
3	0.01111	0.00802	0.00903	0.00802	0.00995	0.00812	0.00603	0.15927	0.04077	0.02240	0.29068	0.03536	0.14569	0.13739	0.00987	0.00237	0.00397	0.00867	0.07728	0.00599
4	0.00968	0.00915	0.00845	0.00891	0.01036	0.12934	0.00674	0.01123	0.01289	0.01528	0.03573	0.29243	0.25394	0.01450	0.00691	0.00213	0.00471	0.15755	0.00492	0.00515
5	0.01353	0.01091	0.01192	0.01070	0.01352	0.01243	0.00837	0.10103	0.47084	0.02304	0.02154	0.02165	0.03657	0.01342	0.12978	0.00303	0.00625	0.00633	0.07711	0.00805
6	0.00964	0.00711	0.00851	0.00829	0.00981	0.00699	0.00610	0.12740	0.01530	0.02056	0.24155	0.35484	0.13400	0.01389	0.00682	0.00202	0.00356	0.01221	0.00566	0.00570
7	0.25151	0.01229	0.01339	0.04169	0.19532	0.08617	0.00994	0.06029	0.05650	0.02095	0.01447	0.13904	0.01351	0.00768	0.00518	0.00180	0.00552	0.00628	0.05147	0.00702
8	0.01703	0.01365	0.01518	0.03978	0.09248	0.06155	0.00998	0.32342	0.01870	0.04219	0.01266	0.01389	0.00963	0.00586	0.00513	0.00144	0.00575	0.00460	0.07631	0.23078
9	0.00942	0.00872	0.00992	0.01199	0.13052	0.07334	0.00741	0.01120	0.01312	0.01644	0.11490	0.23018	0.31568	0.01279	0.00658	0.00194	0.00426	0.01109	0.00481	0.00568

[dist]
# distance from previous block
# <min> <max>
0	3

[block]
# block no. 2 follows, 41 sequences, length 106
# corresponding to MSA columns:
# 224,225,247-298,331-354,356-383
name=unknown_C
#
# <colnr> <probs for GDERKNQSTAVLIFYWHMCP>
#	G	D	E	R	K	N	Q	S	T	A	V	L	I	F	Y	W	H	M	C	P
0	0.01366	0.02065	0.37892	0.01761	0.08472	0.01269	0.13738	0.07922	0.01416	0.07778	0.03262	0.01849	0.03044	0.00655	0.00593	0.00186	0.00758	0.04798	0.00351	0.00823
1	0.01081	0.00897	0.01057	0.00831	0.01222	0.00706	0.00652	0.01302	0.01170	0.01750	0.01619	0.06036	0.05194	0.07332	0.00695	0.00153	0.00433	0.07066	0.00376	0.60428
2	0.01744	0.08247	0.01598	0.01244	0.01607	0.16264	0.00992	0.19394	0.37961	0.02395	0.01699	0.01642	0.01286	0.00695	0.00549	0.00174	0.00619	0.00534	0.00496	0.00860
3	0.01327	0.31360	0.18454	0.01018	0.01495	0.01388	0.01062	0.01614	0.01277	0.10282	0.04484	0.02367	0.20133	0.00791	0.00518	0.00161	0.00557	0.00614	0.00382	0.00717
4	0.05968	0.12761	0.01757	0.01230	0.01581	0.09884	0.01023	0.30111	0.07420	0.06330	0.04398	0.01442	0.01133	0.00713	0.00714	0.00176	0.11601	0.00492	0.00450	0.00815
5	0.01286	0.10389	0.20770	0.01760	0.02318	0.01442	0.31986	0.01918	0.11805	0.01811	0.01284	0.01536	0.00991	0.00860	0.07066	0.00244	0.00871	0.00564	0.00316	0.00783
6	0.00872	0.00830	0.07197	0.01135	0.06916	0.00742	0.00852	0.01080	0.01028	0.01456	0.04332	0.19659	0.01978	0.02901	0.41489	0.04758	0.01043	0.00827	0.00358	0.00546
7	0.01469	0.21769	0.27529	0.01279	0.01809	0.12377	0.01333	0.02015	0.11392	0.05644	0.07004	0.01512	0.01266	0.00625	0.00512	0.00163	0.00697	0.00471	0.00351	0.00783
8	0.01116	0.30244	0.12490	0.01033	0.01353	0.01353	0.00978	0.01337	0.01145	0.01504	0.05455	0.29595	0.02071	0.01042	0.00656	0.00183	0.06592	0.00852	0.00368	0.00634
9	0.00725	0.00535	0.00630	0.00691	0.00761	0.00493	0.00457	0.00812	0.01088	0.01395	0.03560	0.39340	0.23872	0.21464	0.01267	0.00303	0.00376	0.01306	0.00484	0.00440
10	0.01496	0.01559	0.02198	0.08229	0.46789	0.14643	0.09661	0.01818	0.01348	0.01765	0.01081	0.01401	0.00886	0.00532	0.00563	0.00168	0.00761	0.00504	0.03786	0.00814
11	0.01604	0.01698	0.02174	0.02233	0.24429	0.18696	0.17978	0.05790	0.15786	0.01943	0.01308	0.01495	0.01025	0.00582	0.00583	0.00175	0.00778	0.00542	0.00360	0.00823
12	0.00691	0.00523	0.00638	0.00730	0.00812	0.00470	0.00502	0.00804	0.01159	0.01486	0.03956	0.57006	0.25783	0.01688	0.00714	0.00220	0.00319	0.01499	0.00531	0.00470
13	0.00783	0.00649	0.00696	0.00685	0.00872	0.00599	0.00512	0.01113	0.09925	0.01742	0.15072	0.11163	0.51414	0.01360	0.00669	0.00195	0.00309	0.01153	0.00551	0.00538
14	0.01507	0.10958	0.08319	0.13980	0.19987	0.01550	0.07277	0.14592	0.03644	0.04412	0.01135	0.01383	0.00885	0.00604	0.00662	0.00178	0.07271	0.00497	0.00342	0.00818
15	0.01574	0.05752	0.07997	0.01654	0.02087	0.20466	0.25281	0.07995	0.03910	0.04130	0.01205	0.01476	0.00952	0.01091	0.11570	0.00278	0.00975	0.00534	0.00334	0.00739
16	0.01369	0.01299	0.02201	0.03294	0.70479	0.01296	0.01661	0.01703	0.01327	0.01902	0.06887	0.01637	0.01254	0.00561	0.00575	0.00171	0.00648	0.00550	0.00310	0.00878
17	0.00687	0.00567	0.00603	0.00621	0.00786	0.00483	0.00456	0.00832	0.01289	0.01575	0.09396	0.16920	0.60839	0.01486	0.00684	0.00198	0.00295	0.01262	0.00537	0.00483
18	0.01463	0.10705	0.17137	0.01732	0.12565	0.01317	0.15231	0.07744	0.01420	0.11183	0.01741	0.06402	0.07404	0.00703	0.00580	0.00178	0.00678	0.00634	0.00384	0.00800
19	0.01147	0.02959	0.76934	0.01630	0.02476	0.01328	0.02113	0.01811	0.01208	0.01811	0.01026	0.01208	0.00725	0.00543	0.00543	0.00181	0.00845	0.00423	0.00242	0.00845
20	0.01912	0.10972	0.07354	0.01391	0.01749	0.54809	0.02919	0.04221	0.01538	0.01546	0.00968	0.01124	0.00791	0.00580	0.00500	0.00148	0.00911	0.00388	0.05492	0.00688
21	0.04311	0.00944	0.01166	0.06947	0.01445	0.00954	0.00808	0.16597	0.01693	0.24462	0.16054	0.08752	0.02215	0.00862	0.00579	0.00177	0.00456	0.00720	0.10099	0.00759
22	0.01354	0.01199	0.01506	0.05329	0.14643	0.04305	0.03023	0.10901	0.01411	0.02000	0.01328	0.01586	0.04406	0.04100	0.00609	0.00148	0.00553	0.00473	0.00361	0.40765
23	0.00820	0.00556	0.00620	0.00620	0.00635	0.00549	0.00353	0.00831	0.00868	0.01143	0.02112	0.03880	0.07818	0.73816	0.02738	0.00527	0.00534	0.00861	0.00361	0.00357
24	0.01014	0.00930	0.01615	0.31004	0.04531	0.01059	0.11564	0.01317	0.01089	0.01475	0.01375	0.07829	0.01250	0.02977	0.25692	0.00437	0.03281	0.00657	0.00300	0.00604
25	0.01456	0.01307	0.01134	0.01008	0.01242	0.22531	0.00771	0.07267	0.01704	0.09088	0.42033	0.02911	0.03360	0.00924	0.00612	0.00170	0.00534	0.00762	0.00537	0.00649
26	0.00794	0.00563	0.00724	0.00756	0.00806	0.00580	0.00514	0.00889	0.00953	0.01288	0.02257	0.19830	0.06025	0.35152	0.23463	0.00561	0.00770	0.03254	0.00390	0.00431
27	0.01402	0.01779	0.14117	0.01952	0.16348	0.15521	0.16347	0.01905	0.09924	0.01779	0.01458	0.10913	0.01293	0.00713	0.00595	0.00182	0.00756	0.00655	0.01596	0.00764
28	0.00785	0.00600	0.00734	0.00769	0.00921	0.00549	0.00613	0.00995	0.01377	0.01782	0.22694	0.09193	0.32524	0.01434	0.00713	0.00213	0.00358	0.22681	0.00555	0.00510
29	0.01378	0.18563	0.08601	0.01280	0.06785	0.12934	0.01049	0.01619	0.01223	0.01599	0.01126	0.08270	0.01058	0.00653	0.00596	0.00145	0.07198	0.00487	0.00309	0.25125
30	0.01262	0.01127	0.01763	0.61696	0.09243	0.01349	0.01530	0.11890	0.01376	0.01799	0.01072	0.01495	0.00804	0.00583	0.00571	0.00186	0.00737	0.00509	0.00302	0.00704
31	0.01733	0.14439	0.09595	0.02822	0.14761	0.01574	0.03589	0.24580	0.07752	0.09056	0.01325	0.01404	0.00989	0.00602	0.00534	0.00165	0.00636	0.00486	0.00427	0.03531
32	0.00854	0.01099	0.17973	0.00934	0.01186	0.00702	0.00871	0.01112	0.01215	0.01673	0.17626	0.23128	0.09946	0.14274	0.01036	0.00261	0.00478	0.04625	0.00455	0.00552
33	0.02566	0.00973	0.01327	0.01018	0.01460	0.00841	0.00841	0.02788	0.01637	0.76726	0.02257	0.01947	0.01416	0.00708	0.00575	0.00177	0.00487	0.00575	0.00708	0.00973
34	0.01364	0.15812	0.47351	0.01524	0.05562	0.01499	0.01693	0.05673	0.07383	0.05233	0.01169	0.01285	0.00862	0.00566	0.00520	0.00171	0.00738	0.00437	0.00310	0.00846
35	0.01834	0.01341	0.01816	0.12709	0.24285	0.02431	0.01312	0.27791	0.02749	0.14877	0.01408	0.01574	0.01034	0.00633	0.00573	0.00176	0.00641	0.01464	0.00460	0.00895
36	0.00812	0.00618	0.00772	0.06743	0.01084	0.00589	0.00611	0.00995	0.01285	0.02713	0.18537	0.12361	0.29774	0.10576	0.00948	0.00245	0.00390	0.09937	0.00510	0.00501
37	0.00817	0.00613	0.00919	0.00919	0.01021	0.00715	0.00715	0.01021	0.00919	0.01328	0.01532	0.02247	0.01430	0.04290	0.77631	0.00919	0.01532	0.00613	0.00306	0.00511
38	0.67410	0.01172	0.01224	0.01214	0.10146	0.01306	0.06800	0.01703	0.01043	0.02424	0.00859	0.01037	0.00674	0.00524	0.00405	0.00177	0.00513	0.00363	0.00340	0.00666
39	0.01456	0.42310	0.24537	0.01358	0.05647	0.01871	0.01376	0.08355	0.01308	0.01717	0.00928	0.01087	0.00763	0.00550	0.00524	0.00153	0.04613	0.00380	0.00276	0.00792
40	0.01786	0.01484	0.12125	0.01148	0.01581	0.01333	0.01047	0.39470	0.03421	0.09127	0.01532	0.01591	0.01106	0.00665	0.00528	0.00165	0.00559	0.00514	0.19969	0.00850
41	0.00823	0.00689	0.00869	0.00843	0.00971	0.00745	0.00662	0.00984	0.01117	0.01455	0.03511	0.03990	0.35940	0.05538	0.22326	0.00424	0.11869	0.06317	0.00420	0.00508
42	0.00761	0.00560	0.00801	0.00862	0.00933	0.00599	0.00630	0.00917	0.01001	0.01389	0.02283	0.38037	0.02520	0.03133	0.42016	0.00601	0.00976	0.01082	0.00410	0.00489
43	0.01475	0.69220	0.13543	0.01072	0.01612	0.02130	0.01141	0.01727	0.01169	0.01412	0.00828	0.00959	0.00733	0.00497	0.00392	0.00131	0.00645	0.00323	0.00244	0.00750
44	0.01733	0.11916	0.20846	0.01347	0.01830	0.23092	0.01293	0.15928	0.01607	0.06535	0.01142	0.01286	0.00879	0.00902	0.07002	0.00224	0.00863	0.00436	0.00355	0.00784
45	0.01002	0.12039	0.01248	0.08228	0.07474	0.00955	0.00722	0.01120	0.00960	0.01270	0.01487	0.02730	0.01576	0.44006	0.12499	0.00477	0.00728	0.00669	0.00313	0.00499
46	0.40731	0.01190	0.05119	0.01099	0.03742	0.01178	0.07481	0.01806	0.10551	0.04129	0.07916	0.03720	0.01355	0.00646	0.00479	0.00175	0.00500	0.00509	0.00406	0.07268
47	0.00979	0.00613	0.00762	0.00741	0.00906	0.00545	0.00549	0.01163	0.01398	0.11838	0.27753	0.23808	0.24083	0.01347	0.00676	0.00197	0.00320	0.01174	0.00587	0.00563
48	0.01409	0.01097	0.01329	0.01155	0.08344	0.00955	0.00831	0.12853	0.01472	0.07248	0.01598	0.01682	0.07771	0.00585	0.00493	0.00122	0.00472	0.00478	0.00413	0.49692
49	0.01765	0.01347	0.04139	0.01861	0.22866	0.01278	0.04860	0.22671	0.01741	0.15368	0.01512	0.01594	0.03405	0.00612	0.00557	0.00162	0.00602	0.00526	0.00455	0.12680
50	0.01768	0.20574	0.18538	0.01347	0.01848	0.23195	0.01288	0.19249	0.03572	0.02029	0.01048	0.01153	0.00816	0.00584	0.00502	0.00156	0.00782	0.00408	0.00345	0.00800
51	0.00884	0.07954	0.00930	0.00719	0.00921	0.04637	0.00562	0.01084	0.01437	0.01827	0.33971	0.04350	0.36273	0.01202	0.00639	0.00179	0.00349	0.01011	0.00533	0.00538
52	0.01559	0.01710	0.04230	0.02086	0.22462	0.21125	0.15384	0.08942	0.01545	0.01901	0.05357	0.01850	0.07942	0.00663	0.00590	0.00172	0.00770	0.00593	0.00355	0.00764
53	0.01195	0.03061	0.36650	0.10984	0.12562	0.01264	0.01636	0.04245	0.08722	0.01864	0.01658	0.01955	0.07312	0.00690	0.00574	0.00185	0.00702	0.03616	0.00331	0.00793
54	0.00728	0.00538	0.00681	0.00736	0.00828	0.00491	0.00518	0.00888	0.01293	0.01733	0.26238	0.43802	0.16339	0.01541	0.00704	0.00209	0.00306	0.01372	0.00562	0.00491
55	0.01394	0.01516	0.01715	0.53452	0.06419	0.22934	0.01458	0.01707	0.01286	0.01461	0.00982	0.01380	0.00761	0.00574	0.00556	0.00177	0.00835	0.00469	0.00267	0.00655
56	0.00692	0.00518	0.00643	0.00742	0.00815	0.00469	0.00507	0.00803	0.01147	0.01481	0.03811	0.61069	0.21813	0.01706	0.00717	0.00223	0.00321	0.01522	0.00531	0.00469
57	0.00792	0.00579	0.00694	0.00665	0.00817	0.00523	0.00499	0.01026	0.01497	0.02069	0.50349	0.04456	0.25154	0.01210	0.00654	0.00180	0.00275	0.01045	0.06993	0.00523
58	0.01256	0.00768	0.00886	0.00787	0.01051	0.00711	0.00614	0.01646	0.11979	0.19901	0.13747	0.04003	0.38116	0.01137	0.00638	0.00188	0.00358	0.00952	0.00594	0.00669
59	0.00706	0.00505	0.00672	0.00790	0.00832	0.00470	0.00532	0.00818	0.01136	0.01525	0.08802	0.73691	0.03908	0.01744	0.00726	0.00228	0.00327	0.01580	0.00539	0.00470
60	0.01234	0.18032	0.30233	0.12331	0.04509	0.01375	0.01444	0.01649	0.01187	0.01680	0.00977	0.01195	0.00767	0.00506	0.00483	0.00147	0.00678	0.00393	0.00269	0.20912
61	0.01404	0.08803	0.54137	0.01531	0.02238	0.12317	0.01795	0.07976	0.01388	0.01867	0.01017	0.01174	0.00748	0.00558	0.00528	0.00171	0.00836	0.00414	0.00277	0.00821
62	0.00976	0.00508	0.00711	0.00711	0.00722	0.00508	0.00468	0.00803	0.00793	0.01098	0.01177	0.02055	0.01185	0.12997	0.02190	0.65096	0.00487	0.00547	0.06683	0.00284
63	0.01716	0.01992	0.01406	0.01295	0.01551	0.47184	0.00983	0.02127	0.14023	0.01553	0.01277	0.01495	0.01066	0.01460	0.18009	0.00330	0.01046	0.00471	0.00346	0.00670
64	0.00683	0.00568	0.00597	0.00615	0.00783	0.00482	0.00452	0.00826	0.01284	0.01557	0.07666	0.16022	0.63520	0.01489	0.00684	0.00198	0.00295	0.01261	0.00534	0.00482
65	0.02144	0.02518	0.01639	0.01444	0.01769	0.63545	0.01102	0.15657	0.01819	0.01809	0.00975	0.01095	0.00781	0.00607	0.00526	0.00152	0.00957	0.00396	0.00346	0.00721
66	0.02124	0.00875	0.01119	0.00893	0.01248	0.00793	0.00726	0.05438	0.01558	0.52433	0.02108	0.01975	0.01411	0.00695	0.00525	0.00164	0.00430	0.00561	0.24074	0.00848
67	0.02010	0.02287	0.01574	0.01394	0.01717	0.52596	0.01066	0.12778	0.15432	0.01900	0.01222	0.01285	0.00958	0.00638	0.00536	0.00159	0.00866	0.00441	0.00388	0.00752
68	0.01188	0.00909	0.01292	0.28184	0.07860	0.00987	0.01069	0.04634	0.05871	0.07596	0.04715	0.02898	0.15833	0.00875	0.00599	0.00189	0.00542	0.06719	0.07376	0.00663
69	0.05237	0.01957	0.01521	0.06344	0.03914	0.43249	0.01088	0.04900	0.01402	0.01545	0.01003	0.01303	0.00860	0.01225	0.12980	0.00288	0.09791	0.00439	0.00303	0.00651
70	0.01321	0.03677	0.01574	0.23172	0.07481	0.04889	0.03349	0.01615	0.01236	0.06299	0.01087	0.01340	0.00854	0.00501	0.00496	0.00134	0.00595	0.00424	0.00327	0.39628
71	0.00845	0.00642	0.00784	0.00738	0.00899	0.00611	0.00557	0.01218	0.08247	0.02189	0.58635	0.04267	0.15852	0.01176	0.00666	0.00183	0.00289	0.01026	0.00610	0.00564
72	0.00713	0.00510	0.00678	0.00785	0.00833	0.00475	0.00532	0.00837	0.01171	0.01581	0.13704	0.68629	0.04017	0.01702	0.00722	0.00225	0.00323	0.01540	0.00545	0.00475
73	0.01303	0.01271	0.02108	0.25939	0.43973	0.03684	0.05930	0.01651	0.01248	0.01702	0.01080	0.01486	0.00881	0.00719	0.04450	0.00215	0.00775	0.00520	0.00276	0.00789
74	0.01903	0.08384	0.01768	0.01338	0.01679	0.19201	0.01090	0.34095	0.08819	0.02460	0.01208	0.01309	0.00937	0.00703	0.00739	0.00176	0.12460	0.00474	0.00433	0.00823
75	0.01437	0.01236	0.01301	0.01167	0.01493	0.01429	0.00909	0.04399	0.73914	0.02416	0.02310	0.02120	0.01731	0.00774	0.00582	0.00194	0.00456	0.00644	0.00582	0.00907
76	0.65295	0.01184	0.01126	0.01193	0.11891	0.01335	0.00821	0.07807	0.01165	0.02554	0.00885	0.01036	0.00690	0.00541	0.00403	0.00176	0.00492	0.00355	0.00362	0.00690
77	0.01072	0.08211	0.05425	0.01224	0.01475	0.01021	0.13681	0.07349	0.01284	0.01718	0.02201	0.40038	0.02423	0.02298	0.00746	0.00214	0.03890	0.04682	0.00436	0.00614
78	0.00697	0.00574	0.00613	0.00616	0.00789	0.00490	0.00457	0.00856	0.01333	0.01646	0.15670	0.11066	0.60344	0.01435	0.00680	0.00194	0.00290	0.01215	0.00545	0.00490
79	0.32058	0.01254	0.01652	0.08274	0.30857	0.02331	0.03257	0.06164	0.01276	0.06361	0.01051	0.01270	0.00817	0.00545	0.00491	0.00175	0.00597	0.00442	0.00348	0.00779
80	0.01521	0.17946	0.16212	0.08178	0.11593	0.19498	0.05868	0.01938	0.06425	0.01626	0.01041	0.01247	0.00836	0.00568	0.00560	0.00164	0.03291	0.00438	0.00288	0.00763
81	0.00705	0.00581	0.00620	0.00610	0.00791	0.00495	0.00458	0.00878	0.01373	0.01710	0.21256	0.05233	0.60533	0.01387	0.00676	0.00190	0.00285	0.01169	0.00553	0.00495
82	0.01410	0.15477	0.14177	0.03692	0.04350	0.01419	0.09142	0.07147	0.17877	0.05763	0.04990	0.05165	0.01420	0.00688	0.00548	0.00174	0.00609	0.00587	0.04570	0.00795
83	0.00721	0.00576	0.00614	0.00607	0.00760	0.00503	0.00435	0.00860	0.01271	0.01582	0.15350	0.05032	0.53497	0.14458	0.01048	0.00251	0.00331	0.01120	0.00515	0.00468
84	0.01566	0.09655	0.25764	0.01433	0.03955	0.30508	0.01362	0.03091	0.07138	0.01662	0.01459	0.01555	0.07155	0.00651	0.00532	0.00164	0.00810	0.00478	0.00319	0.00743
85	0.07982	0.01768	0.09353	0.04651	0.23814	0.16786	0.06916	0.11734	0.03751	0.02041	0.01330	0.01514	0.04633	0.00610	0.00553	0.00172	0.00740	0.00509	0.00347	0.00797
86	0.00944	0.00611	0.00721	0.00694	0.00809	0.00561	0.00465	0.01040	0.01110	0.07736	0.08842	0.15398	0.16216	0.36324	0.01659	0.00352	0.00436	0.00993	0.00462	0.04628
87	0.01431	0.01308	0.01986	0.02351	0.35114	0.03438	0.10106	0.12039	0.08400	0.02095	0.01582	0.09186	0.01435	0.00760	0.00613	0.00187	0.00651	0.06100	0.00395	0.00822
88	0.00835	0.00634	0.00885	0.00881	0.00951	0.00718	0.00654	0.00990	0.00985	0.01395	0.08011	0.13611	0.02154	0.15994	0.41891	0.00647	0.07086	0.00821	0.00368	0.00488
89	0.01364	0.22595	0.01825	0.01516	0.16510	0.15025	0.01011	0.03303	0.01316	0.01584	0.03997	0.19904	0.06031	0.00899	0.00552	0.00169	0.00606	0.00749	0.00365	0.00678
90	0.06654	0.07752	0.08036	0.01282	0.05311	0.09531	0.01057	0.02090	0.14289	0.13033	0.01358	0.01434	0.01036	0.00644	0.00672	0.00166	0.10229	0.00463	0.00403	0.14558
91	0.01657	0.07023	0.28021	0.01536	0.05799	0.14525	0.01466	0.19459	0.06026	0.04008	0.01170	0.01285	0.00875	0.00618	0.00596	0.00173	0.04106	0.00453	0.00365	0.00839
92	0.01630	0.01766	0.05797	0.02455	0.37424	0.18700	0.04580	0.08757	0.07520	0.01949	0.01154	0.01374	0.00927	0.00580	0.00597	0.00171	0.02952	0.00492	0.00334	0.00840
93	0.01533	0.08624	0.23538	0.04250	0.13912	0.07733	0.13991	0.15827	0.01560	0.02087	0.01092	0.01300	0.00828	0.00555	0.00559	0.00172	0.00791	0.00486	0.00325	0.00836
94	0.01734	0.01262	0.01600	0.01290	0.01668	0.01343	0.09430	0.24858	0.24343	0.13184	0.01925	0.05890	0.01521	0.04164	0.00702	0.00204	0.00573	0.02897	0.00549	0.00863
95	0.00697	0.00498	0.00664	0.00796	0.00830	0.00465	0.00531	0.00796	0.01095	0.01460	0.03153	0.79525	0.03783	0.01792	0.00730	0.00232	0.00332	0.01626	0.00531	0.00465
96	0.01122	0.14000	0.31567	0.01281	0.05393	0.01186	0.01298	0.03944	0.01233	0.01735	0.01779	0.19917	0.04749	0.00882	0.00556	0.00180	0.00601	0.00739	0.07137	0.00704
97	0.00744	0.00565	0.00685	0.00691	0.00823	0.00506	0.00505	0.00939	0.01410	0.01883	0.38584	0.20385	0.27425	0.01388	0.00687	0.00195	0.00289	0.01213	0.00578	0.00506
98	0.04237	0.01759	0.08026	0.01527	0.05447	0.15739	0.01250	0.20421	0.03777	0.02082	0.01024	0.01263	0.00837	0.00759	0.01025	0.00197	0.29041	0.00472	0.00355	0.00763
99	0.00815	0.00551	0.00626	0.00637	0.00646	0.00545	0.00365	0.00829	0.00869	0.01153	0.02049	0.10025	0.04739	0.70814	0.02656	0.00516	0.00527	0.00910	0.00368	0.00361
100	0.01646	0.01410	0.05476	0.01688	0.15486	0.09534	0.07745	0.13368	0.01655	0.14297	0.15176	0.03535	0.01881	0.00752	0.00632	0.00178	0.02625	0.01651	0.00469	0.00797
101	0.00800	0.00582	0.00738	0.00701	0.00830	0.00536	0.00516	0.01039	0.01532	0.02140	0.64499	0.04333	0.10953	0.07296	0.00848	0.00210	0.00294	0.01033	0.00600	0.00520
102	0.01521	0.05634	0.08426	0.01257	0.01619	0.18021	0.07817	0.09008	0.05929	0.07737	0.13469	0.02164	0.06524	0.01058	0.07058	0.00234	0.00744	0.00626	0.00433	0.00719
103	0.01327	0.01295	0.01259	0.00981	0.01397	0.14261	0.00771	0.01557	0.01280	0.01791	0.06795	0.01402	0.01176	0.00540	0.00534	0.00112	0.04554	0.00406	0.00349	0.58215
104	0.16911	0.01154	0.03818	0.01527	0.18162	0.01076	0.01021	0.05492	0.03510	0.16445	0.01503	0.05316	0.01238	0.00677	0.00524	0.00167	0.00523	0.04796	0.00436	0.15703
105	0.01185	0.12065	0.06817	0.01240	0.07614	0.01177	0.00968	0.09496	0.03642	0.01774	0.04072	0.12847	0.01624	0.04042	0.20311	0.00376	0.04730	0.00684	0.00373	0.04964

[dist]
# distance from previous block
# <min> <max>
14	75

[block]
# block no. 3 follows, 41 sequences, length 17
# corresponding to MSA columns:
# 459-475
name=unknown_D
#
# <colnr> <probs for GDERKNQSTAVLIFYWHMCP>
#	G	D	E	R	K	N	Q	S	T	A	V	L	I	F	Y	W	H	M	C	P
0	0.01035	0.22323	0.01241	0.00713	0.00940	0.00982	0.00590	0.01221	0.01195	0.01659	0.02723	0.16500	0.19127	0.01003	0.00515	0.00162	0.00378	0.00825	0.26305	0.00564
1	0.00918	0.00747	0.00886	0.00781	0.01054	0.00604	0.00578	0.01092	0.01163	0.01648	0.02577	0.30494	0.13967	0.02948	0.00634	0.00167	0.00372	0.00958	0.00440	0.37973
2	0.01575	0.01425	0.10009	0.01608	0.13638	0.01231	0.05674	0.16551	0.05254	0.10699	0.01415	0.05482	0.01128	0.00650	0.00601	0.00163	0.03552	0.00547	0.00424	0.18373
3	0.01399	0.13846	0.02094	0.08020	0.40440	0.01424	0.01379	0.09851	0.01398	0.01898	0.01339	0.11819	0.01262	0.00703	0.00558	0.00172	0.00622	0.00627	0.00341	0.00807
4	0.14939	0.01852	0.05457	0.04232	0.01766	0.30851	0.07689	0.09107	0.01518	0.07170	0.04862	0.01492	0.01105	0.04789	0.00652	0.00187	0.00770	0.00482	0.00375	0.00704
5	0.01536	0.01564	0.02045	0.11145	0.34447	0.16066	0.08006	0.08098	0.01472	0.01867	0.01226	0.01776	0.01056	0.00633	0.00586	0.00178	0.00766	0.06415	0.00328	0.00791
6	0.00866	0.00631	0.00769	0.00738	0.00848	0.00621	0.00520	0.01177	0.08106	0.01938	0.45432	0.07630	0.04078	0.22681	0.01280	0.00286	0.00367	0.00973	0.00543	0.00517
7	0.00752	0.00565	0.00705	0.00802	0.00883	0.00538	0.00563	0.00962	0.05717	0.01546	0.03495	0.59143	0.14608	0.01665	0.00716	0.00226	0.00345	0.05738	0.00534	0.00498
8	0.01126	0.00948	0.01119	0.00827	0.01276	0.00727	0.00656	0.01383	0.01255	0.01933	0.12999	0.01679	0.01574	0.00543	0.00464	0.00100	0.00399	0.00450	0.00385	0.70160
9	0.01312	0.01013	0.01199	0.00863	0.01365	0.00770	0.00693	0.01563	0.01227	0.08699	0.01130	0.01256	0.00899	0.00450	0.00437	0.00093	0.00429	0.00360	0.00373	0.75869
10	0.17048	0.01410	0.01456	0.01145	0.01577	0.01537	0.00938	0.46222	0.08832	0.03105	0.01314	0.01340	0.00964	0.00636	0.00516	0.00165	0.00555	0.00469	0.00506	0.10262
11	0.38384	0.01450	0.21751	0.01006	0.01408	0.01072	0.01007	0.01475	0.01071	0.02056	0.01504	0.22487	0.01513	0.00879	0.00509	0.00193	0.00523	0.00701	0.00371	0.00639
12	0.01165	0.01119	0.13072	0.00960	0.01274	0.00838	0.00875	0.09666	0.03123	0.08947	0.32745	0.10209	0.11576	0.01053	0.00636	0.00185	0.00434	0.00902	0.00547	0.00671
13	0.01308	0.35469	0.45832	0.01356	0.02052	0.01722	0.01636	0.01770	0.01189	0.01616	0.00929	0.01086	0.00729	0.00521	0.00469	0.00156	0.00747	0.00374	0.00243	0.00799
14	0.06845	0.06355	0.01457	0.01171	0.01459	0.19622	0.05979	0.14019	0.01515	0.01903	0.01923	0.10016	0.09825	0.01369	0.11604	0.00283	0.00794	0.02800	0.00402	0.00659
15	0.01156	0.10247	0.05381	0.01001	0.01262	0.11842	0.04626	0.01354	0.01319	0.05271	0.09653	0.23834	0.18553	0.01146	0.00620	0.00186	0.00518	0.00980	0.00454	0.00597
16	0.05489	0.10118	0.05770	0.06011	0.01694	0.17256	0.01012	0.14553	0.01491	0.01949	0.01091	0.01318	0.00893	0.01080	0.11391	0.00252	0.00810	0.00425	0.00346	0.17050

[dist]
# distance from previous block
# <min> <max>
0	9

[block]
# block no. 4 follows, 41 sequences, length 10
# corresponding to MSA columns:
# 487-496
name=unknown_E
#
# <colnr> <probs for GDERKNQSTAVLIFYWHMCP>
#	G	D	E	R	K	N	Q	S	T	A	V	L	I	F	Y	W	H	M	C	P
0	0.09912	0.28010	0.15581	0.01163	0.01689	0.01680	0.01156	0.19964	0.01597	0.12472	0.01182	0.01226	0.00874	0.00582	0.00477	0.00158	0.00624	0.00416	0.00400	0.00835
1	0.01579	0.01633	0.13814	0.01810	0.12743	0.05273	0.17414	0.14982	0.05489	0.07825	0.01377	0.01545	0.01021	0.00592	0.00567	0.00173	0.00703	0.00541	0.10090	0.00827
2	0.01022	0.04636	0.10549	0.00909	0.01125	0.00896	0.00766	0.06049	0.07319	0.01584	0.03719	0.07680	0.05735	0.33073	0.12107	0.00434	0.00690	0.00764	0.00386	0.00557
3	0.00952	0.00955	0.08203	0.00983	0.01243	0.00765	0.07059	0.06644	0.01512	0.02065	0.34929	0.14082	0.16038	0.01148	0.00662	0.00190	0.00423	0.01017	0.00529	0.00601
4	0.01591	0.12905	0.18340	0.01318	0.01786	0.16823	0.01240	0.09168	0.27032	0.02034	0.01448	0.01468	0.01105	0.00639	0.00529	0.00170	0.00694	0.00482	0.00402	0.00826
5	0.00916	0.00761	0.00879	0.00755	0.01055	0.00607	0.00570	0.01101	0.01199	0.01672	0.02957	0.21280	0.24032	0.01058	0.00573	0.00153	0.00362	0.00907	0.00442	0.38721
6	0.00885	0.00531	0.00674	0.00674	0.00700	0.00518	0.00428	0.00790	0.00857	0.01116	0.01978	0.03061	0.11751	0.33181	0.02292	0.38697	0.00491	0.00729	0.00327	0.00320
7	0.13613	0.27405	0.09574	0.01121	0.01542	0.14592	0.01024	0.10195	0.06243	0.01891	0.01077	0.01313	0.00912	0.06529	0.00637	0.00183	0.00670	0.00415	0.00336	0.00726
8	0.01134	0.00946	0.00985	0.00907	0.01108	0.07398	0.00697	0.11346	0.06517	0.02224	0.37200	0.10767	0.10558	0.01133	0.00652	0.00187	0.00418	0.04634	0.00566	0.00621
9	0.09560	0.07176	0.14569	0.01630	0.10473	0.22115	0.05657	0.11979	0.01555	0.08447	0.01118	0.01245	0.00842	0.00577	0.00524	0.00165	0.00770	0.00441	0.00360	0.00798

[dist]
# distance from previous block
# <min> <max>
0	10

[block]
# block no. 5 follows, 41 sequences, length 30
# corresponding to MSA columns:
# 507-524,536-547
name=unknown_F
#
# <colnr> <probs for GDERKNQSTAVLIFYWHMCP>
#	G	D	E	R	K	N	Q	S	T	A	V	L	I	F	Y	W	H	M	C	P
0	0.12025	0.20568	0.22773	0.01410	0.05890	0.12629	0.04050	0.05955	0.01304	0.01814	0.00982	0.01178	0.00790	0.00779	0.05407	0.00208	0.00793	0.00404	0.00292	0.00750
1	0.52556	0.01262	0.08153	0.00885	0.01234	0.04944	0.00781	0.01641	0.03918	0.02331	0.11640	0.05769	0.01525	0.00703	0.00455	0.00180	0.00480	0.00510	0.00397	0.00634
2	0.00695	0.00580	0.00606	0.00599	0.00784	0.00491	0.00449	0.00857	0.01348	0.01651	0.15719	0.05331	0.66107	0.01409	0.00676	0.00191	0.00287	0.01183	0.00545	0.00491
3	0.01716	0.56348	0.02573	0.01131	0.01561	0.25486	0.01018	0.01889	0.01304	0.01362	0.00823	0.00953	0.00735	0.00520	0.00413	0.00130	0.00741	0.00325	0.00260	0.00712
4	0.00817	0.00613	0.00919	0.00919	0.01021	0.00715	0.00715	0.01021	0.00919	0.01328	0.01532	0.02247	0.01430	0.04290	0.77631	0.00919	0.01532	0.00613	0.00306	0.00511
5	0.01892	0.17800	0.08219	0.01366	0.01752	0.49433	0.01153	0.04424	0.06005	0.01553	0.00982	0.01102	0.00804	0.00580	0.00495	0.00149	0.00886	0.00382	0.00307	0.00717
6	0.01416	0.01359	0.02322	0.03511	0.76330	0.01359	0.01755	0.01755	0.01302	0.01869	0.01076	0.01416	0.00906	0.00510	0.00566	0.00170	0.00680	0.00510	0.00283	0.00906
7	0.00696	0.00502	0.00660	0.00786	0.00827	0.00466	0.00526	0.00798	0.01105	0.01464	0.03284	0.75838	0.07385	0.01775	0.00727	0.00230	0.00330	0.01605	0.00531	0.00466
8	0.00824	0.00699	0.00727	0.00714	0.00918	0.00665	0.00536	0.01253	0.15780	0.01703	0.04871	0.11690	0.54844	0.01349	0.00663	0.00197	0.00326	0.01136	0.00541	0.00564
9	0.01244	0.06307	0.06141	0.19910	0.36091	0.01286	0.05660	0.01576	0.01231	0.01695	0.05201	0.01762	0.01197	0.07430	0.00769	0.00207	0.00686	0.00558	0.00297	0.00754
10	0.01294	0.04492	0.31421	0.02339	0.20971	0.01405	0.26181	0.01801	0.01278	0.01818	0.01075	0.01363	0.00818	0.00513	0.00588	0.00180	0.00837	0.00525	0.00268	0.00832
11	0.00832	0.00555	0.00624	0.00624	0.00624	0.00555	0.00347	0.00832	0.00832	0.01109	0.01802	0.03743	0.02080	0.79898	0.02911	0.00555	0.00555	0.00832	0.00347	0.00347
12	0.83938	0.01106	0.00841	0.00752	0.01106	0.01283	0.00619	0.01681	0.00973	0.02566	0.00796	0.00929	0.00619	0.00531	0.00354	0.00177	0.00442	0.00310	0.00354	0.00619
13	0.01066	0.00533	0.00533	0.00533	0.00666	0.00533	0.00400	0.01333	0.01200	0.02132	0.01866	0.02132	0.01466	0.00666	0.00400	0.00133	0.00267	0.00533	0.83073	0.00533
14	0.01889	0.01569	0.04478	0.01755	0.14602	0.01635	0.05692	0.48469	0.09010	0.03026	0.01385	0.01455	0.01018	0.00647	0.00577	0.00175	0.00650	0.00533	0.00495	0.00938
15	0.01298	0.01119	0.01631	0.04521	0.33529	0.03454	0.01203	0.04697	0.01295	0.05423	0.01654	0.21691	0.01657	0.00884	0.00669	0.00183	0.05053	0.00781	0.00384	0.08875
16	0.00684	0.00580	0.00591	0.00588	0.00778	0.00486	0.00441	0.00837	0.01323	0.01591	0.10061	0.05430	0.71803	0.01432	0.00676	0.00192	0.00289	0.01197	0.00537	0.00486
17	0.01565	0.01504	0.01439	0.01399	0.07224	0.14389	0.01009	0.04854	0.55069	0.02219	0.01960	0.01870	0.01488	0.00721	0.00569	0.00184	0.00573	0.00585	0.00510	0.00866
18	0.01380	0.13551	0.26109	0.01986	0.19618	0.08036	0.10353	0.01793	0.01274	0.01728	0.01007	0.01237	0.00798	0.00513	0.00525	0.00159	0.00763	0.00444	0.00271	0.08453
19	0.01515	0.16404	0.23678	0.01649	0.04668	0.16955	0.13488	0.05184	0.01349	0.01694	0.00971	0.01194	0.00772	0.00578	0.00645	0.00171	0.07596	0.00446	0.00278	0.00765
20	0.01010	0.00928	0.01346	0.01204	0.01330	0.01079	0.07873	0.01261	0.05164	0.01557	0.02517	0.21120	0.14471	0.01259	0.01111	0.00229	0.27624	0.07921	0.00413	0.00583
21	0.00689	0.00551	0.00617	0.00661	0.00796	0.00479	0.00473	0.00824	0.01245	0.01549	0.08001	0.31155	0.47841	0.01555	0.00695	0.00206	0.00303	0.01345	0.00535	0.00479
22	0.01602	0.19590	0.11968	0.04240	0.25613	0.08147	0.05847	0.06755	0.01405	0.08002	0.01110	0.01294	0.00869	0.00545	0.00522	0.00161	0.00716	0.00456	0.00324	0.00832
23	0.01135	0.01073	0.01815	0.66223	0.15809	0.01285	0.01616	0.01510	0.01170	0.01528	0.01026	0.01507	0.00786	0.00562	0.00571	0.00187	0.00749	0.00509	0.00259	0.00680
24	0.00748	0.00597	0.00680	0.00702	0.00874	0.00529	0.00555	0.00937	0.01351	0.01687	0.15118	0.05536	0.50296	0.01438	0.00701	0.00207	0.00338	0.16661	0.00544	0.00500
25	0.01206	0.02585	0.58712	0.01978	0.12966	0.01345	0.09594	0.01806	0.01236	0.01822	0.01047	0.01272	0.00765	0.00532	0.00560	0.00181	0.00834	0.00461	0.00252	0.00846
26	0.01549	0.01222	0.02009	0.18821	0.23736	0.01270	0.11831	0.09397	0.01464	0.13436	0.01429	0.01914	0.01133	0.00658	0.00626	0.00188	0.02108	0.06006	0.00391	0.00811
27	0.00808	0.00536	0.00695	0.00786	0.00862	0.00489	0.00539	0.00920	0.01151	0.06042	0.03394	0.66510	0.11750	0.01688	0.00715	0.00225	0.00337	0.01515	0.00542	0.00498
28	0.01164	0.00984	0.01056	0.00968	0.01231	0.01077	0.00746	0.02245	0.47317	0.02205	0.16204	0.03191	0.17272	0.00981	0.00617	0.00191	0.00387	0.00828	0.00580	0.00755
29	0.38459	0.06025	0.01456	0.01439	0.12940	0.27724	0.00982	0.01903	0.01258	0.01989	0.00870	0.01039	0.00710	0.00546	0.00443	0.00163	0.00692	0.00361	0.00317	0.00685

[dist]
# distance from previous block
# <min> <max>
0	2

[block]
# block no. 6 follows, 41 sequences, length 25
# corresponding to MSA columns:
# 550-574
name=unknown_G
#
# <colnr> <probs for GDERKNQSTAVLIFYWHMCP>
#	G	D	E	R	K	N	Q	S	T	A	V	L	I	F	Y	W	H	M	C	P
0	0.01322	0.01373	0.05190	0.23003	0.32655	0.07064	0.01459	0.01656	0.01256	0.01719	0.01031	0.01360	0.00834	0.00517	0.00534	0.00157	0.00685	0.00460	0.00286	0.17437
1	0.01862	0.00813	0.01086	0.00900	0.01216	0.00712	0.00716	0.02076	0.01555	0.47615	0.18820	0.10658	0.07506	0.00970	0.00620	0.00184	0.00410	0.00826	0.00661	0.00793
2	0.01251	0.01251	0.01752	0.01502	0.01502	0.01752	0.01251	0.01377	0.00876	0.01377	0.00751	0.01251	0.00751	0.01001	0.01877	0.00250	0.78851	0.00501	0.00250	0.00626
3	0.01226	0.01160	0.01532	0.01247	0.01445	0.01367	0.01028	0.01401	0.00997	0.01566	0.00854	0.01226	0.00788	0.00776	0.01311	0.00186	0.48321	0.00438	0.00285	0.32846
4	0.00813	0.00557	0.00675	0.00704	0.00727	0.00561	0.00444	0.00864	0.00909	0.01220	0.02062	0.16147	0.02359	0.55458	0.09832	0.00522	0.00613	0.04758	0.00382	0.00392
5	0.00704	0.00529	0.00634	0.00712	0.00791	0.00479	0.00482	0.00808	0.01133	0.01451	0.03833	0.48921	0.25996	0.09612	0.00935	0.00253	0.00341	0.01416	0.00512	0.00458
6	0.01177	0.01080	0.01759	0.68007	0.08984	0.01311	0.01567	0.06339	0.01258	0.01633	0.01045	0.01507	0.00787	0.00575	0.00571	0.00188	0.00748	0.00509	0.00277	0.00677
7	0.01080	0.01017	0.01716	0.78523	0.03940	0.01271	0.01589	0.01461	0.01144	0.01461	0.01017	0.01525	0.00762	0.00572	0.00572	0.00191	0.00762	0.00508	0.00254	0.00635
8	0.49731	0.05246	0.09780	0.01303	0.10839	0.11296	0.01011	0.01785	0.01134	0.02185	0.00869	0.01035	0.00688	0.00535	0.00424	0.00170	0.00602	0.00355	0.00320	0.00692
9	0.00701	0.00561	0.00631	0.00681	0.00821	0.00491	0.00501	0.00842	0.01242	0.01533	0.04792	0.27730	0.48869	0.01561	0.00701	0.00210	0.00321	0.06802	0.00531	0.00481
10	0.00832	0.00555	0.00624	0.00624	0.00624	0.00555	0.00347	0.00832	0.00832	0.01109	0.01802	0.03743	0.02080	0.79898	0.02911	0.00555	0.00555	0.00832	0.00347	0.00347
11	0.00811	0.00546	0.00630	0.00650	0.00655	0.00541	0.00374	0.00826	0.00871	0.01162	0.02006	0.15163	0.02336	0.68127	0.02583	0.00506	0.00521	0.00951	0.00374	0.00364
12	0.01926	0.01363	0.01452	0.01141	0.01526	0.01496	0.00933	0.58065	0.02356	0.03275	0.01484	0.01543	0.01083	0.00682	0.00534	0.00163	0.00548	0.00519	0.19037	0.00874
13	0.01251	0.01251	0.01752	0.01502	0.01502	0.01752	0.01251	0.01377	0.00876	0.01377	0.00751	0.01251	0.00751	0.01001	0.01877	0.00250	0.78851	0.00501	0.00250	0.00626
14	0.01103	0.01039	0.01756	0.73530	0.08758	0.01277	0.01600	0.01481	0.01154	0.01489	0.01021	0.01518	0.00772	0.00568	0.00571	0.00189	0.00757	0.00508	0.00256	0.00653
15	0.18139	0.64292	0.02563	0.00933	0.01395	0.02066	0.00906	0.01706	0.01124	0.01592	0.00795	0.00920	0.00711	0.00498	0.00364	0.00133	0.00578	0.00307	0.00267	0.00711
16	0.00721	0.00508	0.00657	0.00766	0.00793	0.00481	0.00498	0.00803	0.01048	0.01398	0.02912	0.66019	0.03479	0.15712	0.01119	0.00290	0.00372	0.01485	0.00498	0.00444
17	0.06159	0.60442	0.10246	0.01080	0.01579	0.09433	0.01086	0.01777	0.01201	0.01467	0.00827	0.00959	0.00727	0.00507	0.00399	0.00134	0.00667	0.00324	0.00255	0.00732
18	0.01015	0.01082	0.09168	0.01468	0.11856	0.00909	0.11767	0.01255	0.01150	0.01601	0.10592	0.14585	0.02208	0.24276	0.01362	0.00302	0.03579	0.00857	0.00377	0.00591
19	0.00711	0.00518	0.00672	0.00783	0.00842	0.00479	0.00540	0.00831	0.01152	0.01522	0.07002	0.64896	0.11178	0.01717	0.00725	0.00227	0.00334	0.04864	0.00536	0.00473
20	0.00697	0.00498	0.00664	0.00796	0.00830	0.00465	0.00531	0.00796	0.01095	0.01460	0.03153	0.79525	0.03783	0.01792	0.00730	0.00232	0.00332	0.01626	0.00531	0.00465
21	0.01742	0.48220	0.02413	0.01166	0.01577	0.29249	0.01020	0.01988	0.05278	0.01421	0.00909	0.01023	0.00789	0.00541	0.00432	0.00135	0.00754	0.00346	0.00281	0.00718
22	0.01412	0.00983	0.01209	0.01179	0.06228	0.06764	0.00868	0.06042	0.01377	0.16692	0.13348	0.02456	0.01992	0.02057	0.27460	0.00440	0.04363	0.03992	0.00459	0.00680
23	0.00804	0.00603	0.00885	0.00892	0.00994	0.00683	0.00687	0.01003	0.00973	0.01386	0.05076	0.07713	0.03919	0.03899	0.66739	0.00819	0.01358	0.00718	0.00343	0.00508
24	0.01203	0.02716	0.68641	0.01552	0.02331	0.01255	0.01958	0.01812	0.01226	0.05983	0.01209	0.05423	0.00926	0.00619	0.00555	0.00184	0.00798	0.00495	0.00283	0.00832

[dist]
# distance from previous block
# <min> <max>
0	28

[block]
