[name]
unknown

[dist]
# distance from previous block
# <min> <max>
5	77

[block]
# block no. 0 follows, 49 sequences, length 56
# corresponding to MSA columns:
# 83-138
name=unknown_A
#
# <colnr> <probs for GDERKNQSTAVLIFYWHMCP>
#	G	D	E	R	K	N	Q	S	T	A	V	L	I	F	Y	W	H	M	C	P
0	0.06399	0.00896	0.01113	0.09441	0.07675	0.03776	0.00795	0.10956	0.01413	0.17341	0.25559	0.04083	0.03251	0.02649	0.00571	0.00164	0.00436	0.00627	0.00464	0.02392
1	0.08400	0.01129	0.01251	0.09337	0.01545	0.04486	0.00848	0.31944	0.01633	0.15339	0.01380	0.01579	0.02912	0.05215	0.00600	0.00168	0.00518	0.02411	0.00438	0.08866
2	0.13834	0.00855	0.00984	0.02874	0.03140	0.02182	0.04219	0.12236	0.05646	0.05628	0.09389	0.09568	0.20449	0.04966	0.00630	0.00183	0.00411	0.01796	0.00436	0.00575
3	0.01145	0.00978	0.01112	0.09223	0.09004	0.12377	0.00826	0.03068	0.01163	0.08979	0.09769	0.24662	0.03297	0.04753	0.00739	0.00188	0.06979	0.00791	0.00390	0.00558
4	0.01280	0.01294	0.01233	0.09119	0.01487	0.24278	0.06393	0.12504	0.01321	0.01550	0.03118	0.11940	0.07667	0.13584	0.00850	0.00210	0.00621	0.00653	0.00349	0.00550
5	0.21359	0.00971	0.01130	0.05323	0.11951	0.06795	0.02881	0.01435	0.02075	0.10748	0.02712	0.12167	0.02429	0.09237	0.00758	0.00201	0.04547	0.02341	0.00359	0.00582
6	0.04663	0.00879	0.01167	0.00979	0.01224	0.04508	0.13566	0.04903	0.07315	0.06739	0.07403	0.03004	0.19729	0.08452	0.00743	0.00199	0.00471	0.08294	0.05204	0.00559
7	0.01146	0.01179	0.02315	0.11451	0.02355	0.01169	0.48992	0.07549	0.01268	0.01717	0.08584	0.01673	0.02793	0.00654	0.03434	0.00191	0.01973	0.00603	0.00305	0.00646
8	0.00946	0.00820	0.01316	0.31240	0.17192	0.00924	0.01086	0.01215	0.01068	0.02809	0.13232	0.01922	0.03293	0.01289	0.17104	0.00298	0.02811	0.00556	0.00304	0.00574
9	0.01125	0.00891	0.01357	0.52582	0.02645	0.02671	0.01166	0.01396	0.01065	0.11979	0.01383	0.04489	0.05988	0.00709	0.02268	0.00185	0.06677	0.00532	0.00306	0.00586
10	0.01600	0.01350	0.01187	0.03715	0.01324	0.26502	0.00798	0.12003	0.01339	0.16862	0.01250	0.01606	0.01035	0.13241	0.06953	0.03866	0.03921	0.00471	0.00369	0.00607
11	0.01084	0.07337	0.00996	0.00755	0.00984	0.00876	0.00595	0.17727	0.05771	0.04934	0.14657	0.05041	0.26667	0.09439	0.00755	0.00194	0.00382	0.00770	0.00462	0.00572
12	0.10404	0.01236	0.01343	0.01035	0.01431	0.01312	0.00853	0.50800	0.01958	0.15987	0.01270	0.01248	0.00886	0.00578	0.00476	0.00147	0.00504	0.00433	0.00490	0.07609
13	0.01252	0.01201	0.02053	0.03104	0.79074	0.01201	0.01552	0.01552	0.01151	0.01652	0.00951	0.01252	0.00801	0.00451	0.00501	0.00150	0.00601	0.00451	0.00250	0.00801
14	0.01148	0.39711	0.37387	0.01108	0.01658	0.01504	0.01289	0.01509	0.01078	0.01444	0.07066	0.01166	0.00976	0.00503	0.00417	0.00136	0.00610	0.00369	0.00242	0.00680
15	0.00643	0.00519	0.00575	0.00581	0.00723	0.00458	0.00428	0.00825	0.03370	0.01512	0.19832	0.15969	0.50258	0.01258	0.00602	0.00173	0.00262	0.01077	0.00489	0.00445
16	0.01115	0.00981	0.01546	0.49946	0.19081	0.01133	0.01306	0.09043	0.01183	0.01608	0.01002	0.01357	0.00770	0.00511	0.00492	0.00159	0.00611	0.00452	0.07068	0.00635
17	0.00841	0.00667	0.00867	0.07204	0.00984	0.00786	0.00598	0.00903	0.00785	0.01082	0.01372	0.02753	0.01524	0.53752	0.02120	0.00392	0.18866	0.03828	0.00287	0.00390
18	0.77031	0.01024	0.00824	0.00717	0.01040	0.01180	0.00591	0.09422	0.01019	0.02365	0.00757	0.00862	0.00580	0.00484	0.00333	0.00156	0.00408	0.00293	0.00333	0.00580
19	0.07089	0.01239	0.01377	0.01097	0.01432	0.05731	0.06947	0.40717	0.09340	0.02565	0.11296	0.01617	0.01417	0.00641	0.00502	0.00153	0.00516	0.00519	0.05071	0.00733
20	0.01263	0.41032	0.25913	0.01352	0.09532	0.01605	0.05396	0.05841	0.01138	0.01498	0.00837	0.00986	0.00680	0.00458	0.00415	0.00134	0.00627	0.00348	0.00237	0.00708
21	0.01953	0.00796	0.01029	0.00814	0.01143	0.00716	0.00664	0.05354	0.01399	0.58569	0.01883	0.01737	0.01245	0.00617	0.00473	0.00147	0.00391	0.00498	0.19800	0.00772
22	0.00955	0.00899	0.01517	0.81013	0.03483	0.01123	0.01404	0.01292	0.01011	0.01292	0.00899	0.01348	0.00674	0.00506	0.00506	0.00169	0.00674	0.00449	0.00225	0.00562
23	0.01224	0.01202	0.01656	0.04382	0.11157	0.08734	0.18281	0.03455	0.27159	0.01760	0.03387	0.05370	0.01428	0.00688	0.00550	0.00171	0.00588	0.07736	0.00383	0.00690
24	0.24317	0.01235	0.09591	0.01294	0.01740	0.01068	0.25831	0.01837	0.01168	0.25282	0.01219	0.01295	0.00841	0.00504	0.00482	0.00161	0.00590	0.00460	0.00379	0.00706
25	0.00746	0.00542	0.00730	0.00834	0.00936	0.00526	0.00689	0.00934	0.01118	0.01447	0.02971	0.22924	0.11362	0.01427	0.00675	0.00220	0.00403	0.50600	0.00467	0.00449
26	0.00616	0.00440	0.00587	0.00704	0.00733	0.00411	0.00469	0.00704	0.00968	0.01291	0.02787	0.81899	0.03344	0.01584	0.00645	0.00205	0.00293	0.01438	0.00469	0.00411
27	0.01614	0.01157	0.07603	0.01330	0.13638	0.01057	0.00979	0.11887	0.19553	0.27647	0.01864	0.01776	0.06286	0.00642	0.00512	0.00160	0.00480	0.00534	0.00481	0.00799
28	0.85801	0.00978	0.00743	0.00665	0.00978	0.01134	0.00548	0.01486	0.00861	0.02269	0.00704	0.00821	0.00548	0.00469	0.00313	0.00156	0.00391	0.00274	0.00313	0.00548
29	0.01128	0.00537	0.00604	0.00556	0.00717	0.00515	0.00428	0.01358	0.01160	0.14136	0.09771	0.02057	0.01652	0.00641	0.00403	0.00128	0.00267	0.00524	0.62884	0.00533
30	0.01846	0.08843	0.01531	0.01268	0.01542	0.73920	0.00968	0.01979	0.01400	0.01234	0.00775	0.00904	0.00651	0.00514	0.00445	0.00128	0.00882	0.00321	0.00257	0.00591
31	0.01112	0.09276	0.01852	0.25381	0.28798	0.01186	0.08681	0.03286	0.01136	0.01537	0.07198	0.01490	0.01091	0.00702	0.05010	0.00192	0.00653	0.00489	0.00272	0.00659
32	0.00616	0.00440	0.00587	0.00704	0.00733	0.00411	0.00469	0.00704	0.00968	0.01291	0.02787	0.81899	0.03344	0.01584	0.00645	0.00205	0.00293	0.01438	0.00469	0.00411
33	0.01916	0.00782	0.01060	0.00840	0.01169	0.00683	0.00683	0.02121	0.01444	0.61839	0.19448	0.02188	0.02051	0.00719	0.00528	0.00157	0.00387	0.00601	0.00610	0.00773
34	0.01352	0.82533	0.02650	0.00865	0.01298	0.02001	0.00865	0.01514	0.01027	0.01190	0.00703	0.00811	0.00649	0.00433	0.00324	0.00108	0.00541	0.00270	0.00216	0.00649
35	0.02269	0.00861	0.01174	0.00900	0.01291	0.00743	0.00743	0.02464	0.01447	0.79425	0.01995	0.01721	0.01252	0.00626	0.00509	0.00156	0.00430	0.00509	0.00626	0.00861
36	0.00716	0.00517	0.00676	0.00636	0.00755	0.00477	0.00477	0.00954	0.01431	0.02028	0.78808	0.03777	0.04771	0.01034	0.00596	0.00159	0.00239	0.00914	0.00557	0.00477
37	0.37858	0.01229	0.01186	0.00950	0.01315	0.01382	0.00784	0.44870	0.01728	0.02794	0.00996	0.01046	0.00726	0.00548	0.00423	0.00154	0.00486	0.00378	0.00423	0.00726
38	0.00840	0.00544	0.00716	0.00657	0.00798	0.00498	0.00498	0.01075	0.01433	0.08242	0.72641	0.03612	0.04489	0.01001	0.00589	0.00159	0.00254	0.00882	0.00562	0.00508
39	0.01258	0.01086	0.01143	0.01029	0.01315	0.01258	0.00800	0.02687	0.78161	0.02115	0.02058	0.01887	0.01544	0.00686	0.00515	0.00172	0.00400	0.00572	0.00515	0.00800
40	0.00616	0.00440	0.00587	0.00704	0.00733	0.00411	0.00469	0.00704	0.00968	0.01291	0.02787	0.81899	0.03344	0.01584	0.00645	0.00205	0.00293	0.01438	0.00469	0.00411
41	0.85801	0.00978	0.00743	0.00665	0.00978	0.01134	0.00548	0.01486	0.00861	0.02269	0.00704	0.00821	0.00548	0.00469	0.00313	0.00156	0.00391	0.00274	0.00313	0.00548
42	0.01049	0.00899	0.01049	0.00749	0.01198	0.00674	0.00599	0.01273	0.01049	0.01648	0.00899	0.01049	0.00749	0.00374	0.00374	0.00075	0.00374	0.00300	0.00300	0.85320
43	0.01198	0.01147	0.01955	0.17247	0.65352	0.01187	0.01525	0.01505	0.01126	0.01587	0.00942	0.01269	0.00778	0.00461	0.00502	0.00154	0.00614	0.00450	0.00246	0.00758
44	0.85801	0.00978	0.00743	0.00665	0.00978	0.01134	0.00548	0.01486	0.00861	0.02269	0.00704	0.00821	0.00548	0.00469	0.00313	0.00156	0.00391	0.00274	0.00313	0.00548
45	0.00955	0.00899	0.01517	0.81013	0.03483	0.01123	0.01404	0.01292	0.01011	0.01292	0.00899	0.01348	0.00674	0.00506	0.00506	0.00169	0.00674	0.00449	0.00225	0.00562
46	0.01889	0.02410	0.01433	0.01303	0.01563	0.80199	0.00977	0.02019	0.01433	0.01238	0.00782	0.00912	0.00651	0.00521	0.00456	0.00130	0.00912	0.00326	0.00261	0.00586
47	0.00716	0.00517	0.00676	0.00636	0.00755	0.00477	0.00477	0.00954	0.01431	0.02028	0.78808	0.03777	0.04771	0.01034	0.00596	0.00159	0.00239	0.00914	0.00557	0.00477
48	0.00656	0.00515	0.00593	0.00574	0.00719	0.00452	0.00430	0.00839	0.01291	0.01694	0.41609	0.04327	0.42179	0.01158	0.00597	0.00165	0.00247	0.00992	0.00513	0.00452
49	0.00598	0.00512	0.00512	0.00512	0.00683	0.00427	0.00384	0.00726	0.01153	0.01366	0.05123	0.04866	0.78869	0.01281	0.00598	0.00171	0.00256	0.01067	0.00470	0.00427
50	0.04964	0.01987	0.46567	0.01334	0.01938	0.01154	0.07552	0.11152	0.01298	0.15573	0.01138	0.01215	0.00782	0.00517	0.00491	0.00159	0.00661	0.00421	0.00330	0.00768
51	0.01286	0.01359	0.02726	0.01966	0.02455	0.01313	0.64636	0.10959	0.04608	0.01833	0.01090	0.01368	0.00812	0.00459	0.00582	0.00168	0.00797	0.00578	0.00297	0.00709
52	0.04503	0.01167	0.01338	0.03617	0.04238	0.01185	0.00858	0.39024	0.03363	0.12395	0.01214	0.01243	0.00877	0.00538	0.00466	0.00134	0.00490	0.00418	0.00444	0.22488
53	0.00731	0.00509	0.00648	0.00648	0.00681	0.00543	0.00427	0.00797	0.00764	0.01052	0.01505	0.02821	0.01626	0.53275	0.31238	0.00609	0.00809	0.00664	0.00293	0.00360
54	0.85801	0.00978	0.00743	0.00665	0.00978	0.01134	0.00548	0.01486	0.00861	0.02269	0.00704	0.00821	0.00548	0.00469	0.00313	0.00156	0.00391	0.00274	0.00313	0.00548
55	0.13262	0.01316	0.09200	0.01026	0.01456	0.01213	0.00913	0.36673	0.01709	0.16266	0.01213	0.01215	0.00851	0.00550	0.00461	0.00145	0.00508	0.00413	0.00446	0.11166

[dist]
# distance from previous block
# <min> <max>
0	1

[block]
# block no. 1 follows, 49 sequences, length 72
# corresponding to MSA columns:
# 140-211
name=unknown_B
#
# <colnr> <probs for GDERKNQSTAVLIFYWHMCP>
#	G	D	E	R	K	N	Q	S	T	A	V	L	I	F	Y	W	H	M	C	P
0	0.01049	0.00899	0.01049	0.00749	0.01198	0.00674	0.00599	0.01273	0.01049	0.01648	0.00899	0.01049	0.00749	0.00374	0.00374	0.00075	0.00374	0.00300	0.00300	0.85320
1	0.01252	0.01201	0.02053	0.03104	0.79074	0.01201	0.01552	0.01552	0.01151	0.01652	0.00951	0.01252	0.00801	0.00451	0.00501	0.00150	0.00601	0.00451	0.00250	0.00801
2	0.00598	0.00512	0.00512	0.00512	0.00683	0.00427	0.00384	0.00726	0.01153	0.01366	0.05123	0.04866	0.78869	0.01281	0.00598	0.00171	0.00256	0.01067	0.00470	0.00427
3	0.01258	0.01086	0.01143	0.01029	0.01315	0.01258	0.00800	0.02687	0.78161	0.02115	0.02058	0.01887	0.01544	0.00686	0.00515	0.00172	0.00400	0.00572	0.00515	0.00800
4	0.01252	0.01201	0.02053	0.03104	0.79074	0.01201	0.01552	0.01552	0.01151	0.01652	0.00951	0.01252	0.00801	0.00451	0.00501	0.00150	0.00601	0.00451	0.00250	0.00801
5	0.01352	0.82533	0.02650	0.00865	0.01298	0.02001	0.00865	0.01514	0.01027	0.01190	0.00703	0.00811	0.00649	0.00433	0.00324	0.00108	0.00541	0.00270	0.00216	0.00649
6	0.85801	0.00978	0.00743	0.00665	0.00978	0.01134	0.00548	0.01486	0.00861	0.02269	0.00704	0.00821	0.00548	0.00469	0.00313	0.00156	0.00391	0.00274	0.00313	0.00548
7	0.00716	0.00517	0.00676	0.00636	0.00755	0.00477	0.00477	0.00954	0.01431	0.02028	0.78808	0.03777	0.04771	0.01034	0.00596	0.00159	0.00239	0.00914	0.00557	0.00477
8	0.01258	0.01086	0.01143	0.01029	0.01315	0.01258	0.00800	0.02687	0.78161	0.02115	0.02058	0.01887	0.01544	0.00686	0.00515	0.00172	0.00400	0.00572	0.00515	0.00800
9	0.00716	0.00517	0.00676	0.00636	0.00755	0.00477	0.00477	0.00954	0.01431	0.02028	0.78808	0.03777	0.04771	0.01034	0.00596	0.00159	0.00239	0.00914	0.00557	0.00477
10	0.02269	0.00861	0.01174	0.00900	0.01291	0.00743	0.00743	0.02464	0.01447	0.79425	0.01995	0.01721	0.01252	0.00626	0.00509	0.00156	0.00430	0.00509	0.00626	0.00861
11	0.01205	0.01154	0.01969	0.15236	0.67303	0.01189	0.01529	0.01511	0.01130	0.01596	0.00943	0.01267	0.00781	0.00459	0.00501	0.00153	0.00612	0.00450	0.00246	0.00764
12	0.02004	0.01286	0.01437	0.01101	0.01503	0.01374	0.00910	0.59787	0.02159	0.21097	0.01398	0.01333	0.00952	0.00611	0.00506	0.00153	0.00527	0.00468	0.00534	0.00860
13	0.00603	0.00512	0.00520	0.00518	0.00686	0.00429	0.00389	0.00736	0.01166	0.01397	0.08574	0.04815	0.75398	0.01269	0.00598	0.00170	0.00255	0.01060	0.00474	0.00429
14	0.01038	0.04339	0.71060	0.01489	0.02208	0.01203	0.08516	0.01601	0.01078	0.01594	0.00913	0.01088	0.00652	0.00475	0.00487	0.00160	0.00752	0.00391	0.00217	0.00739
15	0.00682	0.00469	0.00566	0.00615	0.00631	0.00455	0.00377	0.00722	0.00843	0.01120	0.02175	0.36651	0.04121	0.46321	0.01714	0.00363	0.00402	0.01040	0.00379	0.00353
16	0.12899	0.01582	0.01392	0.01195	0.04135	0.30048	0.05028	0.15166	0.01476	0.14940	0.01079	0.01135	0.00794	0.00529	0.00458	0.00141	0.00648	0.00390	0.00374	0.06590
17	0.03560	0.26369	0.01873	0.01379	0.11574	0.37649	0.01007	0.08307	0.01342	0.01469	0.00816	0.00950	0.00686	0.00491	0.00423	0.00129	0.00716	0.00335	0.00268	0.00656
18	0.08681	0.01113	0.01752	0.09653	0.54734	0.01117	0.01320	0.01485	0.01099	0.01673	0.00917	0.01195	0.00760	0.00447	0.00467	0.00142	0.00558	0.00414	0.00260	0.12212
19	0.00853	0.00636	0.00779	0.00810	0.00927	0.00641	0.00595	0.09455	0.07970	0.01610	0.02476	0.54947	0.02779	0.01337	0.00616	0.00195	0.00353	0.09338	0.00472	0.03211
20	0.01538	0.01141	0.15937	0.01027	0.01377	0.00856	0.00981	0.01809	0.01260	0.37175	0.08565	0.02370	0.01660	0.00787	0.00659	0.00176	0.08665	0.12833	0.00475	0.00709
21	0.01800	0.02431	0.09346	0.01317	0.01627	0.72200	0.01067	0.01977	0.01396	0.01274	0.00794	0.00928	0.00650	0.00517	0.00458	0.00133	0.00895	0.00331	0.00256	0.00603
22	0.00642	0.00459	0.00617	0.00734	0.00775	0.00433	0.00515	0.00749	0.00994	0.01320	0.02773	0.71864	0.03287	0.01560	0.00652	0.00209	0.00316	0.11214	0.00469	0.00418
23	0.85801	0.00978	0.00743	0.00665	0.00978	0.01134	0.00548	0.01486	0.00861	0.02269	0.00704	0.00821	0.00548	0.00469	0.00313	0.00156	0.00391	0.00274	0.00313	0.00548
24	0.02269	0.00861	0.01174	0.00900	0.01291	0.00743	0.00743	0.02464	0.01447	0.79425	0.01995	0.01721	0.01252	0.00626	0.00509	0.00156	0.00430	0.00509	0.00626	0.00861
25	0.01267	0.01369	0.02835	0.02033	0.02534	0.01308	0.69517	0.09289	0.01313	0.01778	0.01042	0.01349	0.00777	0.00445	0.00588	0.00169	0.00823	0.00582	0.00281	0.00700
26	0.00682	0.00487	0.00663	0.00780	0.00838	0.00468	0.00585	0.00819	0.01034	0.01365	0.02750	0.56456	0.03199	0.01522	0.00663	0.00215	0.00351	0.26226	0.00468	0.00429
27	0.00672	0.00491	0.00632	0.00648	0.00742	0.00451	0.00466	0.00851	0.01253	0.01724	0.46972	0.29857	0.10885	0.01239	0.00613	0.00175	0.00258	0.01102	0.00520	0.00451
28	0.01212	0.01161	0.01982	0.13418	0.69067	0.01191	0.01532	0.01517	0.01133	0.01604	0.00944	0.01264	0.00784	0.00458	0.00501	0.00153	0.00610	0.00450	0.00247	0.00769
29	0.01276	0.04071	0.02801	0.01999	0.02480	0.10070	0.66328	0.01661	0.01215	0.01564	0.00986	0.01296	0.00751	0.00437	0.00572	0.00164	0.00849	0.00556	0.00255	0.00670
30	0.00716	0.00517	0.00676	0.00636	0.00755	0.00477	0.00477	0.00954	0.01431	0.02028	0.78808	0.03777	0.04771	0.01034	0.00596	0.00159	0.00239	0.00914	0.00557	0.00477
31	0.02203	0.00966	0.01239	0.00950	0.01343	0.00900	0.00785	0.16681	0.01624	0.64959	0.01847	0.01625	0.01177	0.00622	0.00508	0.00156	0.00454	0.00498	0.00603	0.00860
32	0.01878	0.01096	0.01432	0.01092	0.01481	0.01089	0.08538	0.31295	0.01756	0.35061	0.01870	0.01767	0.07921	0.00656	0.00524	0.00157	0.00507	0.00546	0.00528	0.00804
33	0.01700	0.01856	0.01342	0.01179	0.01467	0.45320	0.00907	0.16380	0.16772	0.01788	0.01353	0.01378	0.05131	0.00611	0.00485	0.00145	0.00708	0.00439	0.00369	0.00672
34	0.01360	0.01063	0.01146	0.01016	0.01312	0.01206	0.00795	0.02664	0.70396	0.09940	0.02052	0.01870	0.01514	0.00680	0.00514	0.00170	0.00403	0.00565	0.00526	0.00806
35	0.01889	0.02410	0.01433	0.01303	0.01563	0.80199	0.00977	0.02019	0.01433	0.01238	0.00782	0.00912	0.00651	0.00521	0.00456	0.00130	0.00912	0.00326	0.00261	0.00586
36	0.01387	0.69900	0.06882	0.00942	0.01375	0.09869	0.00933	0.01570	0.01071	0.01218	0.00723	0.00836	0.00649	0.00444	0.00347	0.00113	0.00590	0.00282	0.00221	0.00648
37	0.01171	0.01118	0.08444	0.02083	0.44621	0.00958	0.01206	0.01446	0.01181	0.09463	0.03878	0.02169	0.18745	0.00674	0.00524	0.00157	0.00509	0.00602	0.00342	0.00709
38	0.02234	0.00917	0.01208	0.00926	0.01319	0.00827	0.00765	0.10048	0.01541	0.71708	0.01916	0.01670	0.01212	0.00624	0.00508	0.00156	0.00443	0.00503	0.00614	0.00861
39	0.85801	0.00978	0.00743	0.00665	0.00978	0.01134	0.00548	0.01486	0.00861	0.02269	0.00704	0.00821	0.00548	0.00469	0.00313	0.00156	0.00391	0.00274	0.00313	0.00548
40	0.01352	0.82533	0.02650	0.00865	0.01298	0.02001	0.00865	0.01514	0.01027	0.01190	0.00703	0.00811	0.00649	0.00433	0.00324	0.00108	0.00541	0.00270	0.00216	0.00649
41	0.85801	0.00978	0.00743	0.00665	0.00978	0.01134	0.00548	0.01486	0.00861	0.02269	0.00704	0.00821	0.00548	0.00469	0.00313	0.00156	0.00391	0.00274	0.00313	0.00548
42	0.01258	0.01086	0.01143	0.01029	0.01315	0.01258	0.00800	0.02687	0.78161	0.02115	0.02058	0.01887	0.01544	0.00686	0.00515	0.00172	0.00400	0.00572	0.00515	0.00800
43	0.01258	0.01086	0.01143	0.01029	0.01315	0.01258	0.00800	0.02687	0.78161	0.02115	0.02058	0.01887	0.01544	0.00686	0.00515	0.00172	0.00400	0.00572	0.00515	0.00800
44	0.01258	0.01086	0.01143	0.01029	0.01315	0.01258	0.00800	0.02687	0.78161	0.02115	0.02058	0.01887	0.01544	0.00686	0.00515	0.00172	0.00400	0.00572	0.00515	0.00800
45	0.02269	0.00861	0.01174	0.00900	0.01291	0.00743	0.00743	0.02464	0.01447	0.79425	0.01995	0.01721	0.01252	0.00626	0.00509	0.00156	0.00430	0.00509	0.00626	0.00861
46	0.01450	0.01043	0.01149	0.01005	0.01310	0.01160	0.00790	0.02645	0.63605	0.16785	0.02046	0.01855	0.01488	0.00675	0.00513	0.00169	0.00406	0.00560	0.00536	0.00812
47	0.00651	0.00506	0.00591	0.00587	0.00720	0.00447	0.00434	0.00823	0.01253	0.01645	0.36845	0.12822	0.38449	0.01207	0.00602	0.00169	0.00253	0.01041	0.00507	0.00447
48	0.00616	0.00440	0.00587	0.00704	0.00733	0.00411	0.00469	0.00704	0.00968	0.01291	0.02787	0.81899	0.03344	0.01584	0.00645	0.00205	0.00293	0.01438	0.00469	0.00411
49	0.09650	0.00871	0.01135	0.00879	0.01263	0.00778	0.00726	0.02378	0.01395	0.72607	0.01881	0.01642	0.01190	0.00612	0.00491	0.00156	0.00427	0.00488	0.00598	0.00833
50	0.00955	0.00899	0.01517	0.81013	0.03483	0.01123	0.01404	0.01292	0.01011	0.01292	0.00899	0.01348	0.00674	0.00506	0.00506	0.00169	0.00674	0.00449	0.00225	0.00562
51	0.02026	0.01224	0.09227	0.01043	0.01474	0.01062	0.00930	0.27396	0.01720	0.46090	0.01624	0.01486	0.01059	0.00605	0.00505	0.00155	0.00505	0.00477	0.00544	0.00849
52	0.00605	0.00515	0.00523	0.00527	0.00696	0.00432	0.00399	0.00737	0.01153	0.01371	0.05039	0.04895	0.76262	0.01285	0.00601	0.00173	0.00263	0.03628	0.00469	0.00428
53	0.00734	0.00495	0.00578	0.00578	0.00587	0.00505	0.00339	0.00752	0.00743	0.01000	0.01569	0.03175	0.01780	0.74290	0.10433	0.00523	0.00578	0.00716	0.00303	0.00321
54	0.01186	0.01243	0.02440	0.12420	0.32250	0.01229	0.38494	0.01552	0.01154	0.01591	0.00980	0.01319	0.00769	0.00446	0.00548	0.00162	0.00733	0.00522	0.00250	0.00713
55	0.01185	0.01468	0.17451	0.27516	0.02672	0.01249	0.26755	0.12346	0.01279	0.01734	0.00987	0.01279	0.00725	0.00489	0.00531	0.00165	0.00731	0.00484	0.00273	0.00681
56	0.85801	0.00978	0.00743	0.00665	0.00978	0.01134	0.00548	0.01486	0.00861	0.02269	0.00704	0.00821	0.00548	0.00469	0.00313	0.00156	0.00391	0.00274	0.00313	0.00548
57	0.00943	0.00471	0.00471	0.00471	0.00589	0.00471	0.00353	0.01178	0.01060	0.01885	0.01650	0.01885	0.01296	0.00589	0.00353	0.00118	0.00236	0.00471	0.85036	0.00471
58	0.01170	0.01523	0.20953	0.08765	0.54409	0.01189	0.01618	0.01544	0.01120	0.01612	0.00936	0.01214	0.00752	0.00462	0.00496	0.00154	0.00642	0.00432	0.00239	0.00769
59	0.01938	0.00862	0.01234	0.01193	0.12353	0.00772	0.00828	0.02137	0.01351	0.59561	0.01934	0.10623	0.01421	0.00708	0.00523	0.00161	0.00439	0.00604	0.00555	0.00802
60	0.00705	0.00516	0.00661	0.00625	0.00749	0.00473	0.00469	0.00934	0.01407	0.01969	0.72297	0.03874	0.11319	0.01056	0.00597	0.00160	0.00240	0.00928	0.00549	0.00473
61	0.01445	0.74266	0.02500	0.00869	0.01297	0.01874	0.00853	0.01610	0.01070	0.09108	0.00834	0.00903	0.00710	0.00452	0.00343	0.00113	0.00530	0.00294	0.00258	0.00670
62	0.02102	0.01127	0.01339	0.01026	0.01424	0.01139	0.00848	0.38436	0.01894	0.42822	0.01620	0.01478	0.01064	0.00617	0.00507	0.00154	0.00491	0.00483	0.00568	0.00860
63	0.85801	0.00978	0.00743	0.00665	0.00978	0.01134	0.00548	0.01486	0.00861	0.02269	0.00704	0.00821	0.00548	0.00469	0.00313	0.00156	0.00391	0.00274	0.00313	0.00548
64	0.00725	0.00521	0.00710	0.00823	0.00905	0.00506	0.00657	0.00894	0.01082	0.01416	0.02807	0.37275	0.05697	0.01471	0.00673	0.00219	0.00387	0.42324	0.00467	0.00442
65	0.01824	0.02288	0.01496	0.01485	0.09409	0.72203	0.01035	0.01972	0.01404	0.01280	0.00799	0.00946	0.00667	0.00514	0.00460	0.00132	0.00880	0.00338	0.00260	0.00608
66	0.01049	0.00899	0.01049	0.00749	0.01198	0.00674	0.00599	0.01273	0.01049	0.01648	0.00899	0.01049	0.00749	0.00374	0.00374	0.00075	0.00374	0.00300	0.00300	0.85320
67	0.00815	0.00582	0.00815	0.00931	0.01048	0.00582	0.00815	0.01048	0.01164	0.01513	0.02677	0.05704	0.02910	0.01397	0.00698	0.00233	0.00466	0.75671	0.00466	0.00466
68	0.01318	0.74444	0.10439	0.00924	0.01388	0.01917	0.00967	0.01523	0.01032	0.01231	0.00724	0.00837	0.00648	0.00437	0.00340	0.00113	0.00562	0.00281	0.00216	0.00659
69	0.00634	0.00457	0.00601	0.00685	0.00736	0.00424	0.00468	0.00752	0.01062	0.01433	0.17279	0.64445	0.06207	0.01469	0.00634	0.00195	0.00282	0.01326	0.00486	0.00424
70	0.00616	0.00440	0.00587	0.00704	0.00733	0.00411	0.00469	0.00704	0.00968	0.01291	0.02787	0.81899	0.03344	0.01584	0.00645	0.00205	0.00293	0.01438	0.00469	0.00411
71	0.00985	0.00929	0.01571	0.73128	0.11134	0.01131	0.01419	0.01318	0.01025	0.01328	0.00904	0.01338	0.00687	0.00500	0.00505	0.00167	0.00667	0.00450	0.00227	0.00586

[dist]
# distance from previous block
# <min> <max>
0	13

[block]
# block no. 2 follows, 49 sequences, length 96
# corresponding to MSA columns:
# 298-325,331-398
name=unknown_C
#
# <colnr> <probs for GDERKNQSTAVLIFYWHMCP>
#	G	D	E	R	K	N	Q	S	T	A	V	L	I	F	Y	W	H	M	C	P
0	0.85801	0.00978	0.00743	0.00665	0.00978	0.01134	0.00548	0.01486	0.00861	0.02269	0.00704	0.00821	0.00548	0.00469	0.00313	0.00156	0.00391	0.00274	0.00313	0.00548
1	0.00625	0.00521	0.00550	0.00564	0.00728	0.00446	0.00438	0.00766	0.01154	0.01384	0.04818	0.04971	0.69416	0.01295	0.00610	0.00178	0.00282	0.10352	0.00469	0.00432
2	0.01663	0.01999	0.01587	0.01720	0.19388	0.54024	0.01123	0.01830	0.01301	0.01331	0.00809	0.01010	0.00687	0.00542	0.00588	0.00144	0.09001	0.00366	0.00254	0.00632
3	0.00815	0.00671	0.01007	0.01354	0.21853	0.00648	0.00791	0.00991	0.01091	0.01481	0.09223	0.40357	0.07814	0.01191	0.00604	0.00187	0.00386	0.08589	0.00418	0.00528
4	0.33579	0.00930	0.01028	0.00824	0.01186	0.00927	0.00680	0.05507	0.01270	0.47020	0.01475	0.01361	0.00970	0.00566	0.00435	0.00156	0.00421	0.00418	0.00503	0.00743
5	0.00776	0.00587	0.00724	0.00677	0.00820	0.00571	0.00511	0.01155	0.10963	0.01996	0.64547	0.03612	0.09105	0.01006	0.00586	0.00161	0.00260	0.00882	0.00546	0.00514
6	0.01114	0.20254	0.54374	0.01487	0.10027	0.01361	0.01612	0.01577	0.01067	0.01515	0.00867	0.01030	0.00659	0.00467	0.00448	0.00148	0.00686	0.00359	0.00218	0.00731
7	0.01168	0.01265	0.11395	0.09165	0.35820	0.01211	0.01360	0.01453	0.01038	0.03824	0.00951	0.01261	0.00785	0.00581	0.00772	0.00168	0.20358	0.00442	0.06293	0.00691
8	0.00707	0.00517	0.00665	0.00628	0.00750	0.00474	0.00471	0.00938	0.01412	0.01982	0.73667	0.03853	0.09941	0.01051	0.00596	0.00160	0.00240	0.00925	0.00551	0.00474
9	0.00716	0.00556	0.00665	0.00715	0.00800	0.02119	0.00503	0.00953	0.07500	0.01527	0.19767	0.51046	0.08529	0.01345	0.00617	0.00188	0.00300	0.01202	0.00488	0.00463
10	0.06614	0.14924	0.27922	0.03371	0.09116	0.08631	0.01270	0.12410	0.01306	0.06609	0.02710	0.01143	0.00815	0.00513	0.00453	0.00147	0.00633	0.00388	0.00303	0.00722
11	0.00979	0.01024	0.16504	0.00957	0.01187	0.00807	0.00887	0.01199	0.00909	0.09172	0.01274	0.01818	0.01129	0.10576	0.37947	0.04377	0.07916	0.00512	0.00293	0.00535
12	0.00616	0.00440	0.00587	0.00704	0.00733	0.00411	0.00469	0.00704	0.00968	0.01291	0.02787	0.81899	0.03344	0.01584	0.00645	0.00205	0.00293	0.01438	0.00469	0.00411
13	0.01560	0.28299	0.09251	0.01254	0.01661	0.29573	0.10506	0.07201	0.01306	0.03756	0.00865	0.00995	0.00697	0.00486	0.00438	0.00133	0.00729	0.00361	0.00270	0.00661
14	0.08684	0.01382	0.11009	0.03102	0.01506	0.04828	0.00966	0.38992	0.03198	0.07982	0.01391	0.12141	0.01170	0.00709	0.00503	0.00161	0.00538	0.00563	0.00439	0.00738
15	0.00911	0.00821	0.00768	0.00744	0.00904	0.10472	0.00550	0.08688	0.01292	0.01588	0.11773	0.25166	0.32070	0.01174	0.00584	0.00172	0.00377	0.00998	0.00457	0.00492
16	0.01422	0.01222	0.01737	0.10203	0.39662	0.01309	0.01277	0.24207	0.10106	0.02124	0.01148	0.01321	0.00889	0.00529	0.00504	0.00155	0.00573	0.00465	0.00353	0.00794
17	0.01192	0.01179	0.02123	0.16058	0.53122	0.01202	0.14618	0.01520	0.01135	0.01586	0.00955	0.01287	0.00774	0.00456	0.00518	0.00157	0.00657	0.00476	0.00247	0.00740
18	0.01358	0.23502	0.23313	0.01108	0.01611	0.08175	0.04565	0.01692	0.03009	0.11165	0.01008	0.01096	0.00766	0.00473	0.00428	0.00129	0.00599	0.00361	0.00294	0.15347
19	0.00696	0.00516	0.00648	0.00615	0.00743	0.00469	0.00461	0.00916	0.01384	0.01916	0.66380	0.03961	0.17268	0.01075	0.00597	0.00161	0.00242	0.00940	0.00542	0.00469
20	0.01396	0.01169	0.01365	0.04331	0.11996	0.01315	0.00961	0.19360	0.47712	0.02264	0.01674	0.01628	0.01256	0.00630	0.00510	0.00164	0.00473	0.00524	0.00466	0.00805
21	0.01411	0.01162	0.01230	0.01060	0.01373	0.01329	0.00837	0.19888	0.60710	0.02362	0.01864	0.01732	0.01386	0.00668	0.00513	0.00167	0.00436	0.00545	0.00513	0.00814
22	0.01500	0.09695	0.01605	0.01175	0.01500	0.05064	0.06034	0.27487	0.27798	0.02213	0.01358	0.01387	0.01035	0.00629	0.00616	0.00162	0.09082	0.00478	0.00421	0.00761
23	0.01135	0.17550	0.61568	0.01308	0.01980	0.01310	0.01628	0.01624	0.01077	0.05078	0.00919	0.01049	0.00670	0.00478	0.00452	0.00150	0.00694	0.00360	0.00233	0.00734
24	0.01094	0.21578	0.61348	0.01305	0.01977	0.01370	0.01630	0.01581	0.01058	0.01504	0.00859	0.01007	0.00643	0.00469	0.00443	0.00148	0.00698	0.00349	0.00214	0.00724
25	0.00600	0.00503	0.00522	0.00536	0.00689	0.00425	0.00395	0.00723	0.01130	0.01357	0.04832	0.14453	0.69470	0.01318	0.00604	0.00175	0.00261	0.01113	0.00470	0.00425
26	0.00701	0.00482	0.00586	0.00623	0.00649	0.00469	0.00396	0.00762	0.00896	0.01204	0.09841	0.27323	0.02641	0.45947	0.01705	0.00359	0.00404	0.04263	0.00388	0.00362
27	0.01795	0.02147	0.01456	0.01292	0.01534	0.62429	0.00992	0.09570	0.01447	0.01433	0.00811	0.00967	0.00674	0.00575	0.00611	0.00144	0.10881	0.00353	0.00281	0.00610
28	0.00716	0.00517	0.00676	0.00636	0.00755	0.00477	0.00477	0.00954	0.01431	0.02028	0.78808	0.03777	0.04771	0.01034	0.00596	0.00159	0.00239	0.00914	0.00557	0.00477
29	0.02269	0.00861	0.01174	0.00900	0.01291	0.00743	0.00743	0.02464	0.01447	0.79425	0.01995	0.01721	0.01252	0.00626	0.00509	0.00156	0.00430	0.00509	0.00626	0.00861
30	0.01453	0.01198	0.01367	0.01327	0.11067	0.01342	0.00941	0.24548	0.46255	0.02373	0.01672	0.01609	0.01250	0.00633	0.00510	0.00163	0.00471	0.00522	0.00479	0.00818
31	0.00612	0.00513	0.00533	0.00528	0.00692	0.00433	0.00396	0.00754	0.01187	0.01448	0.14293	0.04731	0.69648	0.01250	0.00597	0.00169	0.00254	0.01048	0.00480	0.00433
32	0.01922	0.01416	0.01518	0.01163	0.01568	0.01568	0.00961	0.77388	0.02378	0.03187	0.01214	0.01214	0.00860	0.00607	0.00506	0.00152	0.00556	0.00455	0.00506	0.00860
33	0.02269	0.00861	0.01174	0.00900	0.01291	0.00743	0.00743	0.02464	0.01447	0.79425	0.01995	0.01721	0.01252	0.00626	0.00509	0.00156	0.00430	0.00509	0.00626	0.00861
34	0.01889	0.02410	0.01433	0.01303	0.01563	0.80199	0.00977	0.02019	0.01433	0.01238	0.00782	0.00912	0.00651	0.00521	0.00456	0.00130	0.00912	0.00326	0.00261	0.00586
35	0.80166	0.01074	0.00790	0.00708	0.01017	0.06443	0.00576	0.01522	0.00899	0.02200	0.00709	0.00828	0.00555	0.00473	0.00323	0.00155	0.00426	0.00277	0.00309	0.00550
36	0.01352	0.82533	0.02650	0.00865	0.01298	0.02001	0.00865	0.01514	0.01027	0.01190	0.00703	0.00811	0.00649	0.00433	0.00324	0.00108	0.00541	0.00270	0.00216	0.00649
37	0.01343	0.01336	0.11468	0.09827	0.39360	0.01173	0.02883	0.11849	0.01309	0.07412	0.01049	0.01255	0.00805	0.00488	0.00493	0.00149	0.00598	0.00438	0.00308	0.06456
38	0.01295	0.01199	0.01249	0.01154	0.06482	0.22095	0.08499	0.01508	0.01353	0.11297	0.25878	0.03935	0.10365	0.00781	0.00542	0.00154	0.00533	0.00668	0.00424	0.00590
39	0.00651	0.00514	0.00587	0.00569	0.00716	0.00450	0.00427	0.00830	0.01280	0.01667	0.38687	0.04370	0.45117	0.01168	0.00597	0.00165	0.00248	0.00998	0.00509	0.00450
40	0.85801	0.00978	0.00743	0.00665	0.00978	0.01134	0.00548	0.01486	0.00861	0.02269	0.00704	0.00821	0.00548	0.00469	0.00313	0.00156	0.00391	0.00274	0.00313	0.00548
41	0.03812	0.01146	0.01998	0.17244	0.14782	0.01176	0.27679	0.11131	0.01300	0.07392	0.01114	0.01368	0.00830	0.00495	0.00521	0.00159	0.00654	0.00502	0.06001	0.00695
42	0.00616	0.00440	0.00587	0.00704	0.00733	0.00411	0.00469	0.00704	0.00968	0.01291	0.02787	0.81899	0.03344	0.01584	0.00645	0.00205	0.00293	0.01438	0.00469	0.00411
43	0.00598	0.00512	0.00512	0.00512	0.00683	0.00427	0.00384	0.00726	0.01153	0.01366	0.05123	0.04866	0.78869	0.01281	0.00598	0.00171	0.00256	0.01067	0.00470	0.00427
44	0.10571	0.00912	0.01125	0.00898	0.01263	0.00873	0.00733	0.02404	0.14785	0.58092	0.01875	0.01659	0.01231	0.00620	0.00490	0.00159	0.00421	0.00496	0.00575	0.00818
45	0.01269	0.60448	0.15610	0.04045	0.01622	0.01779	0.06281	0.01528	0.01045	0.01292	0.00767	0.00912	0.00657	0.00443	0.00376	0.00123	0.00602	0.00317	0.00219	0.00665
46	0.01953	0.00990	0.01208	0.00967	0.01332	0.00984	0.00786	0.11849	0.22215	0.49125	0.01915	0.01703	0.01282	0.00640	0.00510	0.00160	0.00438	0.00519	0.00581	0.00844
47	0.00787	0.00567	0.00797	0.00874	0.00986	0.00578	0.00741	0.01011	0.01137	0.01519	0.11923	0.04821	0.02857	0.01766	0.14441	0.00324	0.00591	0.53373	0.00443	0.00465
48	0.03042	0.04556	0.18509	0.01949	0.29736	0.06346	0.04823	0.19083	0.01434	0.04262	0.01012	0.01177	0.00772	0.00501	0.00489	0.00151	0.00642	0.00426	0.00313	0.00775
49	0.01221	0.01230	0.04822	0.08824	0.70681	0.01195	0.01552	0.01534	0.01138	0.01623	0.00946	0.01252	0.00786	0.00456	0.00500	0.00152	0.00611	0.00448	0.00247	0.00781
50	0.00716	0.00517	0.00676	0.00636	0.00755	0.00477	0.00477	0.00954	0.01431	0.02028	0.78808	0.03777	0.04771	0.01034	0.00596	0.00159	0.00239	0.00914	0.00557	0.00477
51	0.85801	0.00978	0.00743	0.00665	0.00978	0.01134	0.00548	0.01486	0.00861	0.02269	0.00704	0.00821	0.00548	0.00469	0.00313	0.00156	0.00391	0.00274	0.00313	0.00548
52	0.01103	0.01063	0.01692	0.34472	0.39199	0.03839	0.01379	0.01403	0.01115	0.01493	0.04024	0.01538	0.04446	0.00535	0.00509	0.00158	0.00612	0.00491	0.00262	0.00667
53	0.01144	0.16411	0.52589	0.01309	0.01899	0.01386	0.01551	0.06634	0.01117	0.01595	0.00866	0.01036	0.00659	0.00523	0.00580	0.00157	0.09222	0.00368	0.00234	0.00717
54	0.85801	0.00978	0.00743	0.00665	0.00978	0.01134	0.00548	0.01486	0.00861	0.02269	0.00704	0.00821	0.00548	0.00469	0.00313	0.00156	0.00391	0.00274	0.00313	0.00548
55	0.01190	0.01015	0.01085	0.00980	0.01245	0.01161	0.00760	0.02471	0.68612	0.02104	0.11610	0.02122	0.01945	0.00729	0.00525	0.00170	0.00380	0.00614	0.00520	0.00760
56	0.00612	0.00513	0.00533	0.00528	0.00692	0.00433	0.00396	0.00754	0.01187	0.01448	0.14293	0.04731	0.69648	0.01250	0.00597	0.00169	0.00254	0.01048	0.00480	0.00433
57	0.01367	0.01315	0.01193	0.01076	0.01358	0.14912	0.00831	0.02572	0.64890	0.01963	0.01837	0.01718	0.01389	0.00658	0.00504	0.00164	0.00489	0.00529	0.00471	0.00763
58	0.00703	0.00516	0.00659	0.00623	0.00748	0.00472	0.00467	0.00930	0.01402	0.01958	0.71010	0.03893	0.12612	0.01060	0.00597	0.00160	0.00240	0.00931	0.00547	0.00472
59	0.01398	0.01213	0.09457	0.01012	0.01360	0.01136	0.00884	0.26678	0.22342	0.08135	0.13735	0.02059	0.06893	0.00728	0.00526	0.00161	0.00456	0.00594	0.00492	0.00744
60	0.01030	0.06253	0.76106	0.01415	0.02148	0.01212	0.01823	0.01597	0.01066	0.01583	0.00898	0.01056	0.00641	0.00478	0.00473	0.00158	0.00738	0.00369	0.00214	0.00743
61	0.85801	0.00978	0.00743	0.00665	0.00978	0.01134	0.00548	0.01486	0.00861	0.02269	0.00704	0.00821	0.00548	0.00469	0.00313	0.00156	0.00391	0.00274	0.00313	0.00548
62	0.01295	0.01284	0.02010	0.02981	0.73770	0.06608	0.01513	0.01584	0.01171	0.01624	0.00940	0.01228	0.00791	0.00455	0.00498	0.00149	0.00622	0.00442	0.00251	0.00786
63	0.01360	0.01063	0.01146	0.01016	0.01312	0.01206	0.00795	0.02664	0.70374	0.09963	0.02052	0.01870	0.01514	0.00680	0.00514	0.00170	0.00403	0.00565	0.00526	0.00806
64	0.00739	0.00561	0.00694	0.00752	0.00837	0.00565	0.00528	0.01078	0.14377	0.01525	0.12122	0.58337	0.03211	0.01360	0.00617	0.00194	0.00305	0.01223	0.00488	0.00486
65	0.01326	0.11559	0.02485	0.01707	0.02141	0.11408	0.46804	0.05175	0.06040	0.01625	0.02992	0.01321	0.00890	0.00485	0.00550	0.00157	0.01856	0.00520	0.00286	0.00674
66	0.01145	0.01061	0.01434	0.01227	0.01267	0.01438	0.01018	0.06426	0.00914	0.01422	0.00804	0.01195	0.00743	0.00835	0.01444	0.00206	0.67304	0.00446	0.09106	0.00566
67	0.01329	0.02175	0.59898	0.01305	0.01963	0.01066	0.01586	0.01818	0.01163	0.21158	0.01181	0.01232	0.00794	0.00517	0.00487	0.00159	0.00668	0.00408	0.00317	0.00776
68	0.00633	0.00453	0.00603	0.00701	0.00744	0.00423	0.00479	0.00744	0.01031	0.01388	0.12245	0.70328	0.03512	0.01511	0.00641	0.00200	0.00291	0.03173	0.00480	0.00420
69	0.01037	0.02460	0.70073	0.01527	0.02245	0.01187	0.11248	0.01604	0.01083	0.01604	0.00922	0.01104	0.00656	0.00474	0.00495	0.00161	0.00760	0.00401	0.00219	0.00739
70	0.00657	0.00499	0.00584	0.00591	0.00699	0.00448	0.00420	0.00798	0.01160	0.01522	0.28441	0.17614	0.31948	0.11326	0.00851	0.00213	0.00286	0.01040	0.00478	0.00426
71	0.00783	0.00588	0.00734	0.00685	0.00825	0.00574	0.00517	0.01170	0.10980	0.02039	0.69256	0.03542	0.04370	0.00991	0.00586	0.00161	0.00259	0.00872	0.00551	0.00517
72	0.01014	0.02616	0.79609	0.01441	0.02189	0.01174	0.01868	0.01601	0.01068	0.01601	0.00907	0.01068	0.00641	0.00480	0.00480	0.00160	0.00747	0.00374	0.00214	0.00747
73	0.85801	0.00978	0.00743	0.00665	0.00978	0.01134	0.00548	0.01486	0.00861	0.02269	0.00704	0.00821	0.00548	0.00469	0.00313	0.00156	0.00391	0.00274	0.00313	0.00548
74	0.00645	0.00493	0.00601	0.00652	0.00746	0.00462	0.00472	0.00763	0.01016	0.01299	0.03391	0.32546	0.31090	0.07147	0.10665	0.00289	0.00437	0.06434	0.00434	0.00419
75	0.01202	0.01373	0.11662	0.10748	0.58486	0.02630	0.03484	0.01542	0.01133	0.01601	0.00939	0.01235	0.00765	0.00461	0.00500	0.00153	0.00638	0.00442	0.00243	0.00763
76	0.00727	0.00467	0.00580	0.00612	0.00620	0.00459	0.00375	0.00713	0.00786	0.01048	0.01798	0.24673	0.02086	0.45935	0.01938	0.15221	0.00427	0.00877	0.00336	0.00320
77	0.01324	0.75908	0.09029	0.00913	0.01372	0.01932	0.00948	0.01521	0.01031	0.01224	0.00720	0.00832	0.00648	0.00437	0.00337	0.00112	0.00558	0.00279	0.00216	0.00657
78	0.01032	0.00978	0.01656	0.60715	0.23177	0.01144	0.01443	0.01360	0.01048	0.01386	0.00912	0.01323	0.00707	0.00491	0.00504	0.00164	0.00655	0.00450	0.00231	0.00624
79	0.85801	0.00978	0.00743	0.00665	0.00978	0.01134	0.00548	0.01486	0.00861	0.02269	0.00704	0.00821	0.00548	0.00469	0.00313	0.00156	0.00391	0.00274	0.00313	0.00548
80	0.00723	0.00538	0.00795	0.00795	0.00879	0.00622	0.00610	0.00892	0.00807	0.01161	0.01371	0.02076	0.01303	0.09110	0.74960	0.00791	0.01296	0.00555	0.00273	0.00442
81	0.00615	0.00503	0.00543	0.00554	0.00699	0.00431	0.00407	0.00751	0.01162	0.01438	0.13971	0.15340	0.59246	0.01292	0.00604	0.00174	0.00259	0.01099	0.00480	0.00431
82	0.01922	0.01416	0.01518	0.01163	0.01568	0.01568	0.00961	0.77388	0.02378	0.03187	0.01214	0.01214	0.00860	0.00607	0.00506	0.00152	0.00556	0.00455	0.00506	0.00860
83	0.01049	0.00899	0.01049	0.00749	0.01198	0.00674	0.00599	0.01273	0.01049	0.01648	0.00899	0.01049	0.00749	0.00374	0.00374	0.00075	0.00374	0.00300	0.00300	0.85320
84	0.00789	0.00640	0.00941	0.00903	0.00977	0.00792	0.00715	0.00958	0.00806	0.01181	0.01234	0.01833	0.01159	0.03285	0.66504	0.00709	0.15317	0.00524	0.00262	0.00469
85	0.00735	0.00490	0.00552	0.00552	0.00552	0.00490	0.00306	0.00735	0.00735	0.00980	0.01593	0.03309	0.01838	0.82229	0.02574	0.00490	0.00490	0.00735	0.00306	0.00306
86	0.00633	0.00514	0.00561	0.00549	0.00705	0.00442	0.00412	0.00794	0.01236	0.01564	0.27161	0.04541	0.56707	0.01207	0.00597	0.00167	0.00251	0.01022	0.00496	0.00442
87	0.05288	0.01465	0.01209	0.01092	0.01371	0.24109	0.00840	0.02439	0.52427	0.01868	0.01627	0.01556	0.01240	0.00628	0.00488	0.00159	0.00548	0.00487	0.00432	0.00727
88	0.01824	0.12328	0.01589	0.01241	0.01530	0.66201	0.00962	0.06045	0.01434	0.01337	0.00795	0.00916	0.00662	0.00515	0.00442	0.00129	0.00846	0.00326	0.00268	0.00609
89	0.12031	0.01104	0.01351	0.01069	0.01409	0.01173	0.08856	0.30250	0.10651	0.10318	0.14859	0.01759	0.01614	0.00656	0.00509	0.00158	0.00481	0.00547	0.00477	0.00729
90	0.01252	0.01201	0.02053	0.03104	0.79074	0.01201	0.01552	0.01552	0.01151	0.01652	0.00951	0.01252	0.00801	0.00451	0.00501	0.00150	0.00601	0.00451	0.00250	0.00801
91	0.01159	0.41174	0.18555	0.00999	0.01422	0.01495	0.01031	0.01573	0.10598	0.01390	0.01028	0.01203	0.00865	0.01055	0.14201	0.00249	0.00708	0.00377	0.00262	0.00655
92	0.11631	0.01137	0.02217	0.01674	0.02070	0.01100	0.50854	0.01462	0.01137	0.01667	0.01353	0.05720	0.01231	0.00654	0.00581	0.00181	0.00702	0.13706	0.00309	0.00615
93	0.01215	0.01164	0.01986	0.12800	0.69667	0.01192	0.01534	0.01520	0.01134	0.01607	0.00945	0.01264	0.00785	0.00457	0.00501	0.00152	0.00610	0.00450	0.00247	0.00771
94	0.00744	0.00511	0.00650	0.00616	0.00735	0.00476	0.00462	0.00982	0.01385	0.02010	0.69205	0.03542	0.04339	0.00978	0.00566	0.00154	0.00238	0.00859	0.11070	0.00476
95	0.00992	0.05991	0.66283	0.01315	0.01970	0.01125	0.01650	0.01517	0.01111	0.01636	0.10593	0.01393	0.01155	0.00547	0.00488	0.00158	0.00675	0.00436	0.00256	0.00709

[dist]
# distance from previous block
# <min> <max>
0	1

[block]
# block no. 3 follows, 49 sequences, length 93
# corresponding to MSA columns:
# 400-492
name=unknown_D
#
# <colnr> <probs for GDERKNQSTAVLIFYWHMCP>
#	G	D	E	R	K	N	Q	S	T	A	V	L	I	F	Y	W	H	M	C	P
0	0.00675	0.00658	0.08205	0.00750	0.00843	0.00498	0.00577	0.00796	0.00939	0.01269	0.02405	0.60905	0.02831	0.15018	0.00953	0.00249	0.00370	0.01217	0.00417	0.00426
1	0.01220	0.51343	0.32686	0.01090	0.01645	0.01678	0.01257	0.01548	0.01043	0.01350	0.00783	0.00911	0.00646	0.00451	0.00385	0.00128	0.00621	0.00311	0.00215	0.00687
2	0.01452	0.01493	0.01740	0.14641	0.38586	0.22916	0.01310	0.07037	0.01301	0.03422	0.00940	0.01182	0.00755	0.00494	0.00490	0.00148	0.00691	0.00418	0.00276	0.00710
3	0.01049	0.00899	0.01049	0.00749	0.01198	0.00674	0.00599	0.01273	0.01049	0.01648	0.00899	0.01049	0.00749	0.00374	0.00374	0.00075	0.00374	0.00300	0.00300	0.85320
4	0.00733	0.00540	0.00785	0.00796	0.00879	0.00612	0.00615	0.00899	0.00838	0.01186	0.01508	0.02487	0.01485	0.11993	0.64205	0.00722	0.01176	0.07811	0.00293	0.00437
5	0.00639	0.00514	0.00569	0.00555	0.00708	0.00444	0.00416	0.00805	0.01249	0.01595	0.30636	0.04489	0.53213	0.01195	0.00597	0.00167	0.00250	0.01014	0.00500	0.00444
6	0.00636	0.00450	0.00589	0.00687	0.00714	0.00428	0.00453	0.00715	0.00932	0.01245	0.02581	0.68766	0.03075	0.12539	0.03421	0.00263	0.00353	0.01314	0.00441	0.00398
7	0.00608	0.00472	0.00554	0.00619	0.00711	0.00418	0.00431	0.00714	0.01050	0.01324	0.03826	0.47619	0.36954	0.01449	0.00624	0.00190	0.00277	0.01273	0.00469	0.00418
8	0.01188	0.00936	0.01148	0.00984	0.01131	0.01122	0.00790	0.20165	0.03723	0.01885	0.08500	0.01764	0.01362	0.06637	0.09656	0.00265	0.25488	0.00529	0.12136	0.00591
9	0.01321	0.18665	0.38372	0.01334	0.01882	0.18380	0.06987	0.04711	0.01200	0.01504	0.00860	0.01010	0.00663	0.00481	0.00453	0.00144	0.00741	0.00362	0.00239	0.00692
10	0.10354	0.09386	0.21774	0.02199	0.43481	0.01264	0.01458	0.01554	0.01087	0.01661	0.00889	0.01116	0.00718	0.00458	0.00458	0.00149	0.00610	0.00394	0.00244	0.00745
11	0.01191	0.01140	0.01944	0.18930	0.63719	0.01186	0.01522	0.01499	0.01123	0.01579	0.00941	0.01271	0.00775	0.00462	0.00502	0.00154	0.00616	0.00450	0.00245	0.00752
12	0.00614	0.00501	0.00543	0.00558	0.00700	0.00430	0.00409	0.00749	0.01155	0.01431	0.13350	0.17259	0.57939	0.01301	0.00605	0.00175	0.00260	0.01110	0.00480	0.00430
13	0.01856	0.01452	0.01476	0.01160	0.01543	0.06892	0.00947	0.65049	0.09625	0.02951	0.01266	0.01258	0.00912	0.00609	0.00503	0.00152	0.00566	0.00458	0.00490	0.00836
14	0.01784	0.01641	0.01600	0.01279	0.01645	0.22049	0.08154	0.43687	0.08979	0.02431	0.01161	0.01211	0.00860	0.00575	0.00502	0.00150	0.00663	0.00445	0.00419	0.00766
