[name]
unknown

[dist]
# distance from previous block
# <min> <max>
0	140

[block]
# block no. 0 follows, 42 sequences, length 20
# corresponding to MSA columns:
# 203-210,226-237
name=unknown_A
#
# <colnr> <probs for GDERKNQSTAVLIFYWHMCP>
#	G	D	E	R	K	N	Q	S	T	A	V	L	I	F	Y	W	H	M	C	P
0	0.01191	0.01127	0.01985	0.19283	0.28312	0.01158	0.14156	0.01539	0.01255	0.01709	0.01495	0.02559	0.01386	0.00747	0.00623	0.00194	0.00693	0.17006	0.00330	0.03251
1	0.01175	0.11769	0.01161	0.00837	0.01089	0.07836	0.00661	0.01382	0.03102	0.09391	0.13267	0.16950	0.21554	0.01084	0.00590	0.00173	0.00432	0.00908	0.00483	0.06156
2	0.01704	0.48270	0.02435	0.01298	0.06584	0.28414	0.01057	0.01883	0.01309	0.01377	0.00831	0.00974	0.00734	0.00517	0.00425	0.00132	0.00749	0.00336	0.00260	0.00709
3	0.01098	0.00978	0.01035	0.01155	0.07918	0.11278	0.00787	0.01345	0.05874	0.01544	0.07036	0.08618	0.02400	0.24711	0.01318	0.00309	0.00574	0.21060	0.00423	0.00538
4	0.01406	0.01542	0.02328	0.23958	0.18949	0.15077	0.25133	0.01763	0.01309	0.01632	0.01034	0.01396	0.00810	0.00524	0.00584	0.00176	0.00844	0.00529	0.00275	0.00731
5	0.01299	0.01367	0.06741	0.14581	0.51105	0.04185	0.01591	0.01646	0.01292	0.01794	0.07886	0.01637	0.01254	0.00575	0.00564	0.00171	0.00668	0.00537	0.00303	0.00805
6	0.01807	0.01406	0.01503	0.01213	0.01616	0.01561	0.00980	0.43705	0.30160	0.03003	0.01687	0.01624	0.01238	0.00695	0.00559	0.00173	0.00543	0.00546	0.00554	0.05427
7	0.00686	0.00490	0.00653	0.00784	0.00816	0.00457	0.00522	0.00784	0.01077	0.01437	0.03102	0.79855	0.03722	0.01763	0.00718	0.00229	0.00326	0.01600	0.00522	0.00457
8	0.00702	0.00505	0.00687	0.00800	0.00842	0.00491	0.00547	0.00814	0.01054	0.01419	0.02884	0.69239	0.03406	0.02099	0.11283	0.00321	0.00488	0.01464	0.00492	0.00463
9	0.01767	0.01948	0.38585	0.01382	0.02020	0.01099	0.06079	0.02214	0.01386	0.35551	0.01561	0.01535	0.01027	0.00603	0.00557	0.00177	0.00681	0.00499	0.00446	0.00884
10	0.01233	0.01064	0.01113	0.01014	0.01303	0.01189	0.00785	0.02494	0.58760	0.02164	0.03067	0.02854	0.18733	0.00914	0.00594	0.00191	0.00409	0.00762	0.00561	0.00796
11	0.01492	0.01080	0.01203	0.01001	0.01245	0.01180	0.00762	0.38678	0.01764	0.02375	0.01522	0.02292	0.01403	0.29287	0.11844	0.00402	0.00713	0.00630	0.00449	0.00678
12	0.01127	0.01099	0.01721	0.22550	0.05948	0.03906	0.10000	0.01391	0.01046	0.01443	0.01073	0.01588	0.00932	0.01593	0.20577	0.00383	0.22192	0.00539	0.00269	0.00622
13	0.01481	0.01355	0.02177	0.06390	0.63342	0.01389	0.01630	0.11710	0.01461	0.02055	0.01096	0.01392	0.00894	0.00528	0.00558	0.00168	0.00665	0.00502	0.00316	0.00889
14	0.00712	0.00555	0.00655	0.00721	0.00847	0.00497	0.00540	0.00859	0.01214	0.01518	0.04349	0.31393	0.39124	0.01564	0.00702	0.00215	0.00338	0.13200	0.00522	0.00476
15	0.01140	0.01079	0.01827	0.61242	0.20900	0.01271	0.01601	0.01505	0.01162	0.01532	0.01014	0.01475	0.00783	0.00548	0.00561	0.00183	0.00731	0.00500	0.00257	0.00687
16	0.01208	0.08106	0.12360	0.01484	0.08290	0.01039	0.14346	0.01508	0.01238	0.09391	0.01968	0.25883	0.01984	0.01005	0.00627	0.00197	0.00598	0.07676	0.00411	0.00683
17	0.01240	0.07509	0.58904	0.01647	0.02402	0.01361	0.12232	0.01820	0.01223	0.04983	0.01066	0.01248	0.00763	0.00530	0.00543	0.00176	0.00819	0.00450	0.00264	0.00820
18	0.01964	0.01511	0.18788	0.01568	0.14160	0.01095	0.01278	0.06927	0.03556	0.40781	0.01699	0.01633	0.01136	0.00628	0.00557	0.00174	0.00599	0.00519	0.00511	0.00916
19	0.01176	0.02268	0.47669	0.01959	0.12841	0.01280	0.15931	0.01715	0.01221	0.01772	0.01174	0.06261	0.00956	0.00596	0.00574	0.00182	0.00799	0.00551	0.00270	0.00802

[dist]
# distance from previous block
# <min> <max>
0	18

[block]
# block no. 1 follows, 42 sequences, length 30
# corresponding to MSA columns:
# 256-285
name=unknown_B
#
# <colnr> <probs for GDERKNQSTAVLIFYWHMCP>
#	G	D	E	R	K	N	Q	S	T	A	V	L	I	F	Y	W	H	M	C	P
0	0.01209	0.02286	0.46464	0.05391	0.13461	0.01335	0.18303	0.01764	0.01231	0.01780	0.01045	0.01306	0.00772	0.00517	0.00568	0.00180	0.00831	0.00488	0.00255	0.00815
1	0.01313	0.01480	0.09261	0.21959	0.38072	0.06345	0.01624	0.01653	0.01208	0.01649	0.00992	0.01358	0.00811	0.00578	0.00694	0.00181	0.09304	0.00483	0.00265	0.00773
2	0.00721	0.00588	0.00715	0.00844	0.05729	0.00524	0.00550	0.00858	0.01200	0.01507	0.04353	0.35110	0.42280	0.01501	0.00679	0.00204	0.00327	0.01309	0.00507	0.00495
3	0.00729	0.00557	0.00747	0.00927	0.05751	0.00517	0.00587	0.00849	0.01120	0.01475	0.03344	0.63990	0.14050	0.01632	0.00700	0.00219	0.00343	0.01469	0.00507	0.00488
4	0.01919	0.06896	0.30764	0.01232	0.01823	0.01104	0.01320	0.02303	0.01417	0.43079	0.01659	0.01569	0.01087	0.00620	0.00541	0.00172	0.00623	0.00491	0.00490	0.00894
5	0.01566	0.01329	0.02696	0.01952	0.02462	0.01230	0.53057	0.01968	0.01410	0.18946	0.06286	0.01783	0.01267	0.00569	0.00642	0.00185	0.00797	0.00665	0.00400	0.00789
6	0.00782	0.00575	0.00732	0.00693	0.00832	0.00525	0.00520	0.01034	0.01559	0.02176	0.68691	0.04336	0.13084	0.01181	0.00664	0.00178	0.00268	0.01036	0.00609	0.00525
7	0.02056	0.01715	0.01834	0.01419	0.01860	0.11688	0.08168	0.58294	0.02381	0.03095	0.01268	0.01323	0.00917	0.00644	0.00565	0.00168	0.00703	0.00503	0.00500	0.00898
8	0.01367	0.01350	0.02361	0.03104	0.59117	0.01389	0.11220	0.01698	0.01243	0.01783	0.01035	0.01392	0.00870	0.00549	0.00707	0.00178	0.08994	0.00522	0.00276	0.00845
9	0.02274	0.01360	0.01555	0.01192	0.01637	0.01424	0.00985	0.49624	0.02284	0.29269	0.01655	0.01548	0.01110	0.00683	0.00564	0.00171	0.00570	0.00527	0.00610	0.00957
10	0.00740	0.00535	0.00742	0.00842	0.00903	0.00537	0.00611	0.00881	0.01065	0.01438	0.02724	0.53076	0.03136	0.02296	0.18289	0.00386	0.00619	0.10234	0.00472	0.00475
11	0.28090	0.02021	0.01317	0.01192	0.01504	0.45532	0.00915	0.02137	0.09214	0.01845	0.00992	0.01097	0.00793	0.00581	0.00464	0.00159	0.00771	0.00373	0.00338	0.00664
12	0.02484	0.01023	0.01346	0.01032	0.01469	0.00924	0.00853	0.10352	0.01720	0.69338	0.02128	0.01856	0.01347	0.00694	0.00566	0.00174	0.00494	0.00560	0.00682	0.00958
13	0.01266	0.01178	0.01212	0.00899	0.01377	0.08900	0.00711	0.01505	0.01212	0.01786	0.00986	0.01151	0.00822	0.00434	0.00426	0.00090	0.00480	0.00336	0.00329	0.74901
14	0.00686	0.00490	0.00653	0.00784	0.00816	0.00457	0.00522	0.00784	0.01077	0.01437	0.03102	0.79855	0.03722	0.01763	0.00718	0.00229	0.00326	0.01600	0.00522	0.00457
15	0.01285	0.01403	0.02937	0.02353	0.12393	0.01326	0.57974	0.01721	0.01348	0.01851	0.08386	0.01761	0.01288	0.00543	0.00650	0.00186	0.00846	0.00677	0.00316	0.00754
16	0.28174	0.01220	0.01273	0.01003	0.01423	0.01278	0.00826	0.27468	0.01719	0.19759	0.01331	0.01321	0.00933	0.00604	0.00480	0.00163	0.00508	0.00438	0.00501	0.09577
17	0.00796	0.00575	0.00752	0.00708	0.00841	0.00531	0.00531	0.01062	0.01593	0.02257	0.76415	0.04204	0.05310	0.01150	0.00664	0.00177	0.00265	0.01018	0.00619	0.00531
18	0.01371	0.01166	0.01864	0.26687	0.28545	0.01344	0.01467	0.01658	0.01171	0.09546	0.01090	0.01445	0.00865	0.00651	0.00853	0.00192	0.18522	0.00506	0.00306	0.00751
19	0.01129	0.02911	0.77306	0.01604	0.02436	0.01307	0.02079	0.01782	0.01188	0.01782	0.01010	0.01188	0.00713	0.00535	0.00535	0.00178	0.00832	0.00416	0.00238	0.00832
20	0.00974	0.00895	0.01442	0.61094	0.03173	0.01072	0.01314	0.01292	0.01141	0.01449	0.01818	0.09568	0.10948	0.00791	0.00591	0.00192	0.00648	0.00696	0.00312	0.00589
21	0.02504	0.00991	0.01327	0.01017	0.01453	0.00877	0.00840	0.06658	0.01667	0.73107	0.02173	0.01885	0.01369	0.00695	0.00566	0.00174	0.00486	0.00563	0.00689	0.00958
22	0.01393	0.01337	0.02284	0.03454	0.76712	0.01337	0.01727	0.01727	0.01281	0.01839	0.01059	0.01393	0.00891	0.00501	0.00557	0.00167	0.00669	0.00501	0.00279	0.00891
23	0.84197	0.01088	0.00827	0.00740	0.01088	0.01262	0.00609	0.01654	0.00958	0.02525	0.00784	0.00914	0.00609	0.00522	0.00348	0.00174	0.00435	0.00305	0.00348	0.00609
24	0.00671	0.00570	0.00578	0.00576	0.00764	0.00478	0.00432	0.00819	0.01296	0.01552	0.08762	0.05363	0.73403	0.01413	0.00665	0.00189	0.00284	0.01180	0.00527	0.00478
25	0.00905	0.00694	0.00843	0.00785	0.00955	0.00692	0.00595	0.01415	0.15538	0.02246	0.59687	0.03855	0.07417	0.01088	0.00647	0.00180	0.00300	0.00953	0.00607	0.00597
26	0.00851	0.00662	0.00953	0.00927	0.01004	0.00790	0.00712	0.01017	0.00889	0.01283	0.01461	0.02300	0.01420	0.13825	0.60123	0.00788	0.09581	0.00619	0.00301	0.00493
27	0.01707	0.09136	0.01973	0.02056	0.29488	0.07006	0.01282	0.26588	0.10996	0.02397	0.01270	0.01392	0.00988	0.00596	0.00539	0.00165	0.00642	0.00491	0.00408	0.00880
28	0.05511	0.09009	0.21715	0.20377	0.20985	0.05143	0.01583	0.06085	0.01288	0.01796	0.01001	0.01275	0.00777	0.00538	0.00522	0.00170	0.00727	0.00444	0.00279	0.00775
29	0.01458	0.05263	0.01617	0.36434	0.02597	0.19737	0.01235	0.12769	0.01466	0.01739	0.01234	0.09603	0.01088	0.00707	0.00556	0.00176	0.00742	0.00575	0.00336	0.00669

[dist]
# distance from previous block
# <min> <max>
0	5

[block]
# block no. 2 follows, 42 sequences, length 68
# corresponding to MSA columns:
# 291-325,345-364,366-378
name=unknown_C
#
# <colnr> <probs for GDERKNQSTAVLIFYWHMCP>
#	G	D	E	R	K	N	Q	S	T	A	V	L	I	F	Y	W	H	M	C	P
0	0.01496	0.01576	0.18147	0.09571	0.28411	0.01210	0.09549	0.01892	0.01307	0.15639	0.01262	0.01459	0.00925	0.00543	0.00560	0.00171	0.00695	0.00505	0.00347	0.04735
1	0.06007	0.01253	0.01315	0.01136	0.01475	0.01427	0.00898	0.18520	0.52223	0.02619	0.05482	0.01971	0.01660	0.00749	0.00563	0.00185	0.00474	0.00608	0.00561	0.00873
2	0.05868	0.01104	0.01112	0.00939	0.01247	0.03531	0.00747	0.32227	0.03871	0.02445	0.03230	0.06719	0.32629	0.01031	0.00600	0.00181	0.00464	0.00830	0.00524	0.00702
3	0.00978	0.00489	0.00733	0.00733	0.00733	0.00489	0.00489	0.00733	0.00733	0.00978	0.00978	0.01711	0.00978	0.01955	0.02199	0.83627	0.00489	0.00489	0.00244	0.00244
4	0.01343	0.03166	0.01627	0.25367	0.07241	0.02772	0.05144	0.02309	0.38174	0.04329	0.01683	0.01781	0.01264	0.00656	0.00567	0.00185	0.00597	0.00571	0.00429	0.00795
5	0.00816	0.00629	0.00900	0.00910	0.01042	0.00579	0.04613	0.01000	0.01209	0.01647	0.12798	0.45231	0.03455	0.01460	0.00694	0.00213	0.00395	0.14495	0.00506	0.07411
6	0.01167	0.01000	0.01167	0.00834	0.01334	0.00750	0.00667	0.01417	0.01167	0.01834	0.01000	0.01167	0.00834	0.00417	0.00417	0.00083	0.00417	0.00333	0.00333	0.83663
7	0.01658	0.10005	0.02010	0.01978	0.27049	0.02882	0.05194	0.19058	0.01599	0.09412	0.01244	0.03288	0.00991	0.00602	0.00585	0.00162	0.03645	0.00506	0.00392	0.07742
8	0.01393	0.01337	0.02284	0.03454	0.76712	0.01337	0.01727	0.01727	0.01281	0.01839	0.01059	0.01393	0.00891	0.00501	0.00557	0.00167	0.00669	0.00501	0.00279	0.00891
9	0.00804	0.00603	0.00904	0.00904	0.01005	0.00703	0.00703	0.01005	0.00904	0.01306	0.01507	0.02211	0.01407	0.04221	0.77992	0.00904	0.01507	0.00603	0.00301	0.00502
10	0.01565	0.01183	0.01895	0.18812	0.36969	0.01220	0.03228	0.06895	0.01400	0.16344	0.01364	0.04298	0.01062	0.00608	0.00569	0.00176	0.00641	0.00557	0.00381	0.00833
11	0.03515	0.01681	0.23844	0.03086	0.16108	0.06773	0.02769	0.06640	0.01386	0.03774	0.09214	0.07804	0.08064	0.00793	0.00580	0.00179	0.00633	0.02044	0.00377	0.00736
12	0.00782	0.00559	0.00764	0.00894	0.00969	0.00540	0.00690	0.00950	0.01173	0.01545	0.03048	0.47791	0.03511	0.01672	0.00744	0.00242	0.00410	0.32712	0.00521	0.00484
13	0.01701	0.01444	0.01589	0.01544	0.12720	0.06334	0.01080	0.28967	0.29101	0.02623	0.01603	0.01600	0.01205	0.00662	0.00554	0.00170	0.00577	0.00535	0.00494	0.05496
14	0.01367	0.11238	0.14077	0.01768	0.23663	0.02661	0.01247	0.01669	0.01265	0.10990	0.04142	0.13700	0.01494	0.00743	0.00547	0.00167	0.00582	0.00644	0.00374	0.07664
15	0.01946	0.09014	0.09965	0.03111	0.16745	0.06105	0.01218	0.11457	0.01576	0.31045	0.01500	0.01499	0.01045	0.00607	0.00537	0.00166	0.00624	0.00490	0.00468	0.00883
16	0.01069	0.01841	0.41286	0.01279	0.01784	0.01029	0.01437	0.01509	0.01092	0.05654	0.01283	0.01655	0.01040	0.02083	0.32890	0.00481	0.01095	0.00502	0.00289	0.00701
17	0.01436	0.00698	0.00890	0.00766	0.01008	0.00629	0.00601	0.01676	0.01501	0.28187	0.31853	0.03095	0.08021	0.00918	0.00579	0.00168	0.00340	0.00780	0.16181	0.00674
18	0.01661	0.16546	0.13955	0.03619	0.11078	0.14164	0.10402	0.14271	0.01544	0.06001	0.01089	0.01247	0.00835	0.00554	0.00524	0.00161	0.00757	0.00452	0.00338	0.00803
19	0.01372	0.10294	0.28367	0.02384	0.36785	0.07789	0.01716	0.01785	0.01261	0.01727	0.00997	0.01239	0.00798	0.00517	0.00525	0.00164	0.00747	0.00439	0.00261	0.00833
20	0.00734	0.00558	0.00676	0.00679	0.00811	0.00500	0.00497	0.00930	0.01399	0.01871	0.40423	0.18797	0.27375	0.01352	0.00674	0.00191	0.00283	0.01181	0.00571	0.00500
21	0.01063	0.01000	0.01688	0.78870	0.03876	0.01250	0.01563	0.01438	0.01125	0.01438	0.01000	0.01500	0.00750	0.00563	0.00563	0.00188	0.00750	0.00500	0.00250	0.00625
22	0.01699	0.02009	0.23893	0.08313	0.10480	0.13833	0.01460	0.19808	0.01659	0.09730	0.01197	0.01323	0.00866	0.00592	0.00545	0.00170	0.00749	0.00461	0.00378	0.00835
23	0.00950	0.00864	0.01397	0.39836	0.02511	0.00954	0.07186	0.01260	0.01264	0.01651	0.18045	0.02838	0.15438	0.02653	0.00664	0.00194	0.00574	0.00756	0.00383	0.00583
24	0.00851	0.00634	0.00668	0.00688	0.00708	0.04160	0.00413	0.00878	0.00908	0.01176	0.02005	0.19282	0.02330	0.60289	0.02311	0.00461	0.00522	0.00958	0.00376	0.00380
25	0.00787	0.00562	0.00756	0.00781	0.00834	0.00602	0.00543	0.00899	0.00907	0.01256	0.01899	0.17309	0.02064	0.30170	0.37368	0.00653	0.00951	0.00865	0.00357	0.00438
26	0.00689	0.00571	0.00604	0.00595	0.00775	0.00485	0.00447	0.00854	0.01340	0.01656	0.18719	0.05193	0.63381	0.01375	0.00665	0.00188	0.00281	0.01156	0.00540	0.00485
27	0.01456	0.75019	0.02797	0.00945	0.01403	0.02109	0.00933	0.01642	0.01175	0.01389	0.06023	0.01131	0.01040	0.00528	0.00382	0.00124	0.00579	0.00351	0.00267	0.00709
28	0.00776	0.00574	0.00724	0.00687	0.00828	0.00522	0.00515	0.01022	0.01545	0.02142	0.65416	0.04392	0.16380	0.01193	0.00664	0.00179	0.00269	0.01044	0.00604	0.00522
29	0.02118	0.02202	0.01636	0.01382	0.01742	0.44857	0.01080	0.33777	0.02051	0.02320	0.01079	0.01161	0.00826	0.00621	0.00532	0.00155	0.00843	0.00425	0.00409	0.00785
30	0.84197	0.01088	0.00827	0.00740	0.01088	0.01262	0.00609	0.01654	0.00958	0.02525	0.00784	0.00914	0.00609	0.00522	0.00348	0.00174	0.00435	0.00305	0.00348	0.00609
31	0.01615	0.10466	0.13990	0.01258	0.01684	0.17182	0.01141	0.17298	0.18816	0.02188	0.07591	0.01617	0.01382	0.00672	0.00536	0.00166	0.00664	0.00512	0.00426	0.00798
32	0.01547	0.75085	0.02854	0.00997	0.01465	0.07552	0.00972	0.01725	0.01175	0.01328	0.00789	0.00911	0.00722	0.00488	0.00371	0.00122	0.00631	0.00305	0.00244	0.00717
33	0.00800	0.00642	0.00742	0.00669	0.00887	0.00543	0.00509	0.01010	0.01390	0.01870	0.33629	0.04230	0.35238	0.01149	0.00624	0.00167	0.00299	0.00979	0.00531	0.14092
34	0.01167	0.01000	0.01167	0.00834	0.01334	0.00750	0.00667	0.01417	0.01167	0.01834	0.01000	0.01167	0.00834	0.00417	0.00417	0.00083	0.00417	0.00333	0.00333	0.83663
35	0.01315	0.00996	0.01182	0.00852	0.01345	0.00759	0.00684	0.01562	0.01215	0.10041	0.01133	0.01249	0.00895	0.00447	0.00433	0.00093	0.00424	0.00359	0.00373	0.74644
36	0.01167	0.01000	0.01167	0.00834	0.01334	0.00750	0.00667	0.01417	0.01167	0.01834	0.01000	0.01167	0.00834	0.00417	0.00417	0.00083	0.00417	0.00333	0.00333	0.83663
37	0.00718	0.00562	0.00585	0.00585	0.00709	0.00500	0.00397	0.00811	0.01121	0.01371	0.04336	0.04814	0.50616	0.28808	0.01429	0.00314	0.00376	0.01059	0.00459	0.00428
38	0.01148	0.01058	0.01764	0.32720	0.33754	0.01153	0.01468	0.01468	0.01200	0.01626	0.01409	0.10065	0.01327	0.00745	0.00594	0.00189	0.00652	0.06636	0.00313	0.00710
39	0.02113	0.02363	0.01622	0.01405	0.01741	0.55949	0.01082	0.23213	0.01898	0.02004	0.01009	0.01112	0.00792	0.00608	0.00523	0.00152	0.00901	0.00404	0.00369	0.00740
40	0.00818	0.00546	0.00614	0.00614	0.00614	0.00546	0.00341	0.00818	0.00818	0.01091	0.01773	0.03683	0.02046	0.80222	0.02864	0.00546	0.00546	0.00818	0.00341	0.00341
41	0.01324	0.01267	0.02160	0.19172	0.61532	0.01319	0.01693	0.01667	0.01249	0.01755	0.01046	0.01415	0.00862	0.00514	0.00558	0.00171	0.00686	0.00501	0.00273	0.00836
42	0.01505	0.80561	0.02949	0.00963	0.01444	0.02227	0.00963	0.01685	0.01143	0.01324	0.00782	0.00903	0.00722	0.00481	0.00361	0.00120	0.00602	0.00301	0.00241	0.00722
43	0.00907	0.00648	0.00907	0.01036	0.01166	0.00648	0.00907	0.01166	0.01296	0.01684	0.02980	0.06348	0.03239	0.01555	0.00777	0.00259	0.00518	0.72924	0.00518	0.00518
44	0.16833	0.01122	0.01679	0.20778	0.36850	0.01215	0.01335	0.01599	0.01172	0.01899	0.01076	0.01404	0.00863	0.00537	0.00502	0.00170	0.00601	0.00467	0.09163	0.00735
45	0.00818	0.00546	0.00614	0.00614	0.00614	0.00546	0.00341	0.00818	0.00818	0.01091	0.01773	0.03683	0.02046	0.80222	0.02864	0.00546	0.00546	0.00818	0.00341	0.00341
46	0.01167	0.01000	0.01167	0.00834	0.01334	0.00750	0.00667	0.01417	0.01167	0.01834	0.01000	0.01167	0.00834	0.00417	0.00417	0.00083	0.00417	0.00333	0.00333	0.83663
47	0.01443	0.01464	0.02596	0.02872	0.43237	0.05493	0.28401	0.01815	0.01326	0.04182	0.01114	0.01435	0.00885	0.00502	0.00594	0.00174	0.00784	0.00556	0.00295	0.00832
48	0.11681	0.01198	0.09144	0.00955	0.01451	0.00895	0.00858	0.01895	0.01281	0.25265	0.01353	0.01371	0.00967	0.00529	0.00467	0.00132	0.00482	0.00411	0.00438	0.39228
49	0.00667	0.00563	0.00577	0.00588	0.00765	0.00474	0.00435	0.00806	0.01266	0.01513	0.05485	0.11604	0.70435	0.01453	0.00670	0.00193	0.00288	0.01222	0.00523	0.00474
50	0.00684	0.00496	0.00646	0.00766	0.00812	0.00459	0.00515	0.00786	0.01095	0.01444	0.03318	0.73667	0.09770	0.01735	0.00714	0.00225	0.00323	0.01566	0.00522	0.00459
51	0.01422	0.30806	0.02571	0.04504	0.42763	0.01670	0.05380	0.01708	0.01228	0.01634	0.00959	0.01220	0.00823	0.00494	0.00490	0.00152	0.00661	0.00436	0.00264	0.00814
52	0.31965	0.00988	0.01114	0.00902	0.01290	0.00979	0.00743	0.02268	0.01342	0.46589	0.01667	0.01567	0.01110	0.00799	0.04121	0.00208	0.00511	0.00473	0.00552	0.00810
53	0.00686	0.00490	0.00653	0.00784	0.00816	0.00457	0.00522	0.00784	0.01077	0.01437	0.03102	0.79855	0.03722	0.01763	0.00718	0.00229	0.00326	0.01600	0.00522	0.00457
54	0.01597	0.01380	0.02196	0.04504	0.49361	0.04507	0.09520	0.07494	0.01439	0.10684	0.01216	0.01451	0.00941	0.00539	0.00568	0.00170	0.00690	0.00521	0.00350	0.00874
55	0.01543	0.01539	0.10373	0.04287	0.47125	0.03225	0.05545	0.09486	0.01449	0.08246	0.01179	0.01409	0.00911	0.00541	0.00561	0.00170	0.00691	0.00503	0.00339	0.00879
56	0.01357	0.01300	0.02219	0.11703	0.68745	0.01328	0.01709	0.01695	0.01264	0.01795	0.01052	0.01405	0.00876	0.00508	0.00558	0.00169	0.00677	0.00501	0.00275	0.00862
57	0.30722	0.01707	0.01538	0.01819	0.24651	0.27369	0.01117	0.01878	0.01274	0.01923	0.00898	0.01096	0.00736	0.00535	0.00467	0.00162	0.00704	0.00385	0.00307	0.00711
58	0.00665	0.00570	0.00570	0.00570	0.00760	0.00475	0.00428	0.00808	0.01283	0.01520	0.05701	0.05416	0.76483	0.01425	0.00665	0.00190	0.00285	0.01188	0.00523	0.00475
59	0.01693	0.11230	0.01783	0.01632	0.16168	0.12738	0.01127	0.17693	0.15321	0.06222	0.01509	0.01838	0.01235	0.00694	0.00549	0.00171	0.00637	0.06506	0.00433	0.00822
60	0.01500	0.01130	0.01795	0.04000	0.45426	0.01128	0.01322	0.01834	0.04762	0.15605	0.01424	0.01778	0.01156	0.07339	0.07104	0.00261	0.00684	0.00554	0.00376	0.00821
61	0.01167	0.01000	0.01167	0.00834	0.01334	0.00750	0.00667	0.01417	0.01167	0.01834	0.01000	0.01167	0.00834	0.00417	0.00417	0.00083	0.00417	0.00333	0.00333	0.83663
62	0.01477	0.01247	0.01316	0.01161	0.01493	0.01436	0.00909	0.10515	0.68044	0.02479	0.02192	0.02021	0.01638	0.00754	0.00572	0.00189	0.00464	0.00623	0.00572	0.00898
63	0.01328	0.01518	0.03321	0.02372	0.02941	0.01423	0.74668	0.01803	0.01328	0.01803	0.01139	0.01518	0.00854	0.00474	0.00664	0.00190	0.00949	0.00664	0.00285	0.00759
64	0.00665	0.00570	0.00570	0.00570	0.00760	0.00475	0.00428	0.00808	0.01283	0.01520	0.05701	0.05416	0.76483	0.01425	0.00665	0.00190	0.00285	0.01188	0.00523	0.00475
65	0.01328	0.01518	0.03321	0.02372	0.02941	0.01423	0.74668	0.01803	0.01328	0.01803	0.01139	0.01518	0.00854	0.00474	0.00664	0.00190	0.00949	0.00664	0.00285	0.00759
66	0.00907	0.00648	0.00907	0.01036	0.01166	0.00648	0.00907	0.01166	0.01296	0.01684	0.02980	0.06348	0.03239	0.01555	0.00777	0.00259	0.00518	0.72924	0.00518	0.00518
67	0.01328	0.01518	0.03321	0.02372	0.02941	0.01423	0.74668	0.01803	0.01328	0.01803	0.01139	0.01518	0.00854	0.00474	0.00664	0.00190	0.00949	0.00664	0.00285	0.00759

[dist]
# distance from previous block
# <min> <max>
0	7

[block]
# block no. 3 follows, 42 sequences, length 70
# corresponding to MSA columns:
# 386-395,406-431,480-513
name=unknown_D
#
# <colnr> <probs for GDERKNQSTAVLIFYWHMCP>
#	G	D	E	R	K	N	Q	S	T	A	V	L	I	F	Y	W	H	M	C	P
0	0.84197	0.01088	0.00827	0.00740	0.01088	0.01262	0.00609	0.01654	0.00958	0.02525	0.00784	0.00914	0.00609	0.00522	0.00348	0.00174	0.00435	0.00305	0.00348	0.00609
1	0.01063	0.01000	0.01688	0.78870	0.03876	0.01250	0.01563	0.01438	0.01125	0.01438	0.01000	0.01500	0.00750	0.00563	0.00563	0.00188	0.00750	0.00500	0.00250	0.00625
2	0.01505	0.80561	0.02949	0.00963	0.01444	0.02227	0.00963	0.01685	0.01143	0.01324	0.00782	0.00903	0.00722	0.00481	0.00361	0.00120	0.00602	0.00301	0.00241	0.00722
3	0.00690	0.00550	0.00622	0.00674	0.00808	0.00482	0.00494	0.00826	0.01217	0.01505	0.04652	0.29817	0.47342	0.01545	0.00691	0.00208	0.00316	0.06569	0.00522	0.00472
4	0.00665	0.00570	0.00570	0.00570	0.00760	0.00475	0.00428	0.00808	0.01283	0.01520	0.05701	0.05416	0.76483	0.01425	0.00665	0.00190	0.00285	0.01188	0.00523	0.00475
5	0.76583	0.01076	0.00872	0.00764	0.01121	0.01222	0.00630	0.01756	0.01019	0.09478	0.00918	0.01008	0.00683	0.00539	0.00369	0.00174	0.00439	0.00329	0.00381	0.00642
6	0.00667	0.00561	0.00580	0.00595	0.00767	0.00473	0.00438	0.00805	0.01259	0.01511	0.05402	0.13992	0.68100	0.01464	0.00671	0.00194	0.00290	0.01235	0.00523	0.00473
7	0.02525	0.00958	0.01306	0.01001	0.01437	0.00827	0.00827	0.02743	0.01611	0.77102	0.02220	0.01915	0.01393	0.00697	0.00566	0.00174	0.00479	0.00566	0.00697	0.00958
8	0.00817	0.00551	0.00641	0.00641	0.00650	0.00560	0.00375	0.00836	0.00826	0.01111	0.01748	0.03546	0.01986	0.73137	0.09868	0.00579	0.00635	0.00798	0.00337	0.00356
9	0.01400	0.01209	0.01273	0.01145	0.01463	0.01400	0.00891	0.02990	0.75695	0.02354	0.02291	0.02100	0.01718	0.00764	0.00573	0.00191	0.00445	0.00636	0.00573	0.00891
10	0.84197	0.01088	0.00827	0.00740	0.01088	0.01262	0.00609	0.01654	0.00958	0.02525	0.00784	0.00914	0.00609	0.00522	0.00348	0.00174	0.00435	0.00305	0.00348	0.00609
11	0.02139	0.01576	0.01689	0.01295	0.01745	0.01745	0.01070	0.74835	0.02646	0.03547	0.01351	0.01351	0.00957	0.00676	0.00563	0.00169	0.00619	0.00507	0.00563	0.00957
12	0.84197	0.01088	0.00827	0.00740	0.01088	0.01262	0.00609	0.01654	0.00958	0.02525	0.00784	0.00914	0.00609	0.00522	0.00348	0.00174	0.00435	0.00305	0.00348	0.00609
13	0.01393	0.01337	0.02284	0.03454	0.76712	0.01337	0.01727	0.01727	0.01281	0.01839	0.01059	0.01393	0.00891	0.00501	0.00557	0.00167	0.00669	0.00501	0.00279	0.00891
14	0.01469	0.01243	0.01311	0.01159	0.01490	0.01432	0.00907	0.09688	0.68885	0.02465	0.02203	0.02030	0.01647	0.00755	0.00572	0.00189	0.00462	0.00624	0.00572	0.00897
15	0.00694	0.00551	0.00629	0.00684	0.00816	0.00485	0.00504	0.00833	0.01216	0.01508	0.04589	0.30069	0.45643	0.01549	0.00693	0.00209	0.00320	0.08012	0.00522	0.00473
16	0.00796	0.00575	0.00752	0.00708	0.00841	0.00531	0.00531	0.01062	0.01593	0.02257	0.76415	0.04204	0.05310	0.01150	0.00664	0.00177	0.00265	0.01018	0.00619	0.00531
17	0.00818	0.00546	0.00614	0.00614	0.00614	0.00546	0.00341	0.00818	0.00818	0.01091	0.01773	0.03683	0.02046	0.80222	0.02864	0.00546	0.00546	0.00818	0.00341	0.00341
18	0.01163	0.00856	0.00990	0.00880	0.01113	0.00883	0.00682	0.08822	0.20688	0.06359	0.39487	0.03375	0.10388	0.01006	0.00625	0.00181	0.00359	0.00862	0.00597	0.00683
19	0.00686	0.00490	0.00653	0.00784	0.00816	0.00457	0.00522	0.00784	0.01077	0.01437	0.03102	0.79855	0.03722	0.01763	0.00718	0.00229	0.00326	0.01600	0.00522	0.00457
20	0.01167	0.01000	0.01167	0.00834	0.01334	0.00750	0.00667	0.01417	0.01167	0.01834	0.01000	0.01167	0.00834	0.00417	0.00417	0.00083	0.00417	0.00333	0.00333	0.83663
21	0.00820	0.00586	0.00808	0.00938	0.01029	0.00573	0.00757	0.01016	0.01210	0.01587	0.03027	0.35084	0.03428	0.01636	0.00754	0.00247	0.00443	0.45041	0.00520	0.00494
22	0.00696	0.00556	0.00623	0.00639	0.00787	0.00483	0.00467	0.00855	0.01306	0.01653	0.19537	0.19503	0.48044	0.01435	0.00675	0.00195	0.00289	0.01233	0.00542	0.00483
23	0.00907	0.00648	0.00907	0.01036	0.01166	0.00648	0.00907	0.01166	0.01296	0.01684	0.02980	0.06348	0.03239	0.01555	0.00777	0.00259	0.00518	0.72924	0.00518	0.00518
24	0.26668	0.00857	0.00916	0.00982	0.07954	0.00909	0.00664	0.01384	0.07602	0.01936	0.09288	0.02816	0.18825	0.10260	0.06458	0.00275	0.00499	0.00702	0.00422	0.00583
25	0.01848	0.00897	0.01058	0.00861	0.01175	0.00876	0.00695	0.15736	0.01630	0.32558	0.01899	0.01884	0.01331	0.00676	0.00495	0.00156	0.00417	0.00538	0.34490	0.00780
26	0.00713	0.00490	0.00660	0.00779	0.00808	0.00460	0.00519	0.00779	0.01045	0.01394	0.02904	0.72570	0.03466	0.01781	0.00856	0.08004	0.00342	0.01496	0.00496	0.00437
27	0.01129	0.02911	0.77306	0.01604	0.02436	0.01307	0.02079	0.01782	0.01188	0.01782	0.01010	0.01188	0.00713	0.00535	0.00535	0.00178	0.00832	0.00416	0.00238	0.00832
28	0.18891	0.01188	0.01317	0.01051	0.01443	0.01256	0.00864	0.29925	0.01807	0.26684	0.01528	0.01523	0.01068	0.00982	0.07739	0.00240	0.00620	0.00493	0.00538	0.00844
29	0.01129	0.02911	0.77306	0.01604	0.02436	0.01307	0.02079	0.01782	0.01188	0.01782	0.01010	0.01188	0.00713	0.00535	0.00535	0.00178	0.00832	0.00416	0.00238	0.00832
30	0.00769	0.00564	0.00738	0.00850	0.00933	0.00542	0.00638	0.00961	0.03269	0.01543	0.03266	0.49585	0.09761	0.01644	0.00727	0.00233	0.00383	0.22583	0.00523	0.00489
31	0.01211	0.01091	0.01732	0.64416	0.08958	0.01314	0.01518	0.09915	0.01312	0.01710	0.01045	0.01475	0.00784	0.00571	0.00562	0.00184	0.00729	0.00501	0.00288	0.00683
32	0.01331	0.00812	0.00918	0.00839	0.01049	0.00837	0.00658	0.18903	0.01553	0.07517	0.02092	0.16948	0.01920	0.00956	0.00543	0.00173	0.00399	0.07475	0.34434	0.00645
33	0.01277	0.01109	0.01543	0.10085	0.13437	0.01034	0.03711	0.04330	0.01233	0.03948	0.01043	0.01285	0.00848	0.00508	0.00578	0.00130	0.06284	0.00415	0.00326	0.46875
34	0.00744	0.00568	0.00696	0.00707	0.00817	0.00559	0.00509	0.00878	0.01071	0.01394	0.06135	0.10935	0.29789	0.17152	0.24997	0.00481	0.00715	0.00969	0.00424	0.00459
35	0.00998	0.01628	0.32239	0.01426	0.10263	0.00955	0.01326	0.03081	0.01239	0.01721	0.03875	0.19466	0.12197	0.01014	0.00617	0.00195	0.00586	0.06110	0.00381	0.00681
36	0.16962	0.03348	0.30879	0.01374	0.08734	0.01145	0.01321	0.01776	0.01211	0.10992	0.02865	0.01400	0.02693	0.00565	0.00491	0.00161	0.00610	0.00438	0.00346	0.12687
37	0.68510	0.01005	0.00842	0.00796	0.01103	0.01147	0.00665	0.01562	0.01021	0.02367	0.01197	0.01938	0.01105	0.00717	0.00429	0.00190	0.00451	0.13983	0.00380	0.00592
38	0.01129	0.02911	0.77306	0.01604	0.02436	0.01307	0.02079	0.01782	0.01188	0.01782	0.01010	0.01188	0.00713	0.00535	0.00535	0.00178	0.00832	0.00416	0.00238	0.00832
39	0.84197	0.01088	0.00827	0.00740	0.01088	0.01262	0.00609	0.01654	0.00958	0.02525	0.00784	0.00914	0.00609	0.00522	0.00348	0.00174	0.00435	0.00305	0.00348	0.00609
40	0.01167	0.01000	0.01167	0.00834	0.01334	0.00750	0.00667	0.01417	0.01167	0.01834	0.01000	0.01167	0.00834	0.00417	0.00417	0.00083	0.00417	0.00333	0.00333	0.83663
41	0.00899	0.06455	0.00940	0.00798	0.00859	0.00766	0.00568	0.00918	0.00937	0.01241	0.02120	0.21441	0.08891	0.24610	0.01719	0.15619	0.09523	0.00906	0.00366	0.00423
42	0.67129	0.01132	0.00971	0.00828	0.01196	0.01277	0.00683	0.10187	0.01213	0.09595	0.00983	0.01058	0.00723	0.00556	0.00393	0.00174	0.00461	0.00352	0.00405	0.00682
43	0.00686	0.00490	0.00653	0.00784	0.00816	0.00457	0.00522	0.00784	0.01077	0.01437	0.03102	0.79855	0.03722	0.01763	0.00718	0.00229	0.00326	0.01600	0.00522	0.00457
44	0.00733	0.00573	0.00664	0.00641	0.00802	0.00504	0.00481	0.00939	0.01443	0.01902	0.42309	0.04788	0.39638	0.01283	0.00664	0.00183	0.00275	0.01100	0.00573	0.00504
45	0.00734	0.00550	0.00681	0.00697	0.00815	0.00497	0.00504	0.00924	0.01375	0.01852	0.39105	0.25791	0.21637	0.01388	0.00679	0.00195	0.00287	0.01222	0.00569	0.00497
46	0.01049	0.00525	0.00525	0.00525	0.00656	0.00525	0.00393	0.01311	0.01180	0.02098	0.01836	0.02098	0.01442	0.00656	0.00393	0.00131	0.00262	0.00525	0.83346	0.00525
47	0.01167	0.01000	0.01167	0.00834	0.01334	0.00750	0.00667	0.01417	0.01167	0.01834	0.01000	0.01167	0.00834	0.00417	0.00417	0.00083	0.00417	0.00333	0.00333	0.83663
48	0.02139	0.01576	0.01689	0.01295	0.01745	0.01745	0.01070	0.74835	0.02646	0.03547	0.01351	0.01351	0.00957	0.00676	0.00563	0.00169	0.00619	0.00507	0.00563	0.00957
49	0.01063	0.01000	0.01688	0.78870	0.03876	0.01250	0.01563	0.01438	0.01125	0.01438	0.01000	0.01500	0.00750	0.00563	0.00563	0.00188	0.00750	0.00500	0.00250	0.00625
50	0.01129	0.02911	0.77306	0.01604	0.02436	0.01307	0.02079	0.01782	0.01188	0.01782	0.01010	0.01188	0.00713	0.00535	0.00535	0.00178	0.00832	0.00416	0.00238	0.00832
51	0.00686	0.00490	0.00653	0.00784	0.00816	0.00457	0.00522	0.00784	0.01077	0.01437	0.03102	0.79855	0.03722	0.01763	0.00718	0.00229	0.00326	0.01600	0.00522	0.00457
52	0.02525	0.00958	0.01306	0.01001	0.01437	0.00827	0.00827	0.02743	0.01611	0.77102	0.02220	0.01915	0.01393	0.00697	0.00566	0.00174	0.00479	0.00566	0.00697	0.00958
53	0.01638	0.01236	0.01349	0.01142	0.01471	0.01365	0.00902	0.35712	0.25858	0.04834	0.02008	0.16394	0.01735	0.00909	0.00595	0.00187	0.00504	0.00756	0.00562	0.00842
54	0.01328	0.01518	0.03321	0.02372	0.02941	0.01423	0.74668	0.01803	0.01328	0.01803	0.01139	0.01518	0.00854	0.00474	0.00664	0.00190	0.00949	0.00664	0.00285	0.00759
55	0.01315	0.01135	0.01192	0.01079	0.01382	0.01293	0.00837	0.02739	0.67122	0.02258	0.02683	0.02482	0.10332	0.00840	0.00583	0.00191	0.00427	0.00700	0.00567	0.00843
56	0.01386	0.01354	0.01544	0.01528	0.10098	0.11068	0.01105	0.01925	0.20240	0.01739	0.01293	0.01526	0.01072	0.00791	0.01067	0.00199	0.32747	0.00517	0.08087	0.00714
57	0.01804	0.26388	0.02040	0.10193	0.01895	0.33024	0.01101	0.14056	0.01576	0.01729	0.00938	0.01092	0.00766	0.00563	0.00478	0.00146	0.00791	0.00383	0.00316	0.00722
58	0.00736	0.00573	0.00668	0.00644	0.00804	0.00505	0.00483	0.00945	0.01450	0.01917	0.43814	0.04763	0.38122	0.01277	0.00664	0.00183	0.00275	0.01096	0.00575	0.00505
59	0.00750	0.00566	0.00615	0.00603	0.00769	0.00497	0.00452	0.00941	0.01356	0.01797	0.24787	0.04663	0.47352	0.01252	0.00631	0.00179	0.00277	0.01057	0.10960	0.00497
60	0.01618	0.18289	0.07673	0.02012	0.26589	0.19594	0.03211	0.08962	0.01463	0.01796	0.03103	0.01265	0.00934	0.00553	0.00509	0.00154	0.00739	0.00440	0.00308	0.00788
61	0.00943	0.08350	0.09862	0.00937	0.01117	0.00938	0.00806	0.01122	0.00928	0.01296	0.01414	0.02383	0.01424	0.28173	0.31586	0.00582	0.06711	0.00616	0.00297	0.00516
62	0.00801	0.00548	0.00618	0.00621	0.00642	0.00541	0.00362	0.00821	0.00869	0.01144	0.02160	0.05389	0.09004	0.69302	0.04537	0.00515	0.00541	0.00864	0.00361	0.00360
63	0.01296	0.00674	0.00770	0.00702	0.00905	0.00658	0.00541	0.01663	0.08251	0.15857	0.10332	0.05564	0.04842	0.00802	0.00495	0.00156	0.00323	0.00665	0.44870	0.00634
64	0.01328	0.06469	0.39050	0.01587	0.07705	0.03409	0.01595	0.07309	0.14955	0.01945	0.01232	0.01367	0.00932	0.00625	0.00658	0.00181	0.08030	0.00469	0.00328	0.00826
65	0.01232	0.00725	0.00997	0.01047	0.08313	0.00723	0.00671	0.01362	0.01053	0.17308	0.01730	0.02710	0.01632	0.36249	0.21292	0.00521	0.00788	0.00679	0.00400	0.00566
66	0.00684	0.00497	0.00645	0.00764	0.00811	0.00459	0.00514	0.00786	0.01097	0.01444	0.03344	0.72915	0.10506	0.01732	0.00713	0.00225	0.00323	0.01561	0.00522	0.00459
67	0.01197	0.01180	0.05408	0.04480	0.03367	0.01400	0.01133	0.06800	0.06639	0.01615	0.01121	0.01559	0.00995	0.01690	0.20251	0.00391	0.39286	0.00528	0.00308	0.00652
68	0.10904	0.12926	0.20239	0.04336	0.31288	0.04774	0.04439	0.01743	0.01213	0.01799	0.00970	0.01211	0.00779	0.00513	0.00502	0.00165	0.00700	0.00430	0.00271	0.00798
69	0.27681	0.33096	0.01890	0.01117	0.06955	0.04738	0.00897	0.06988	0.01201	0.01906	0.00916	0.01102	0.00780	0.00863	0.07630	0.00219	0.00656	0.00363	0.00309	0.00693

[dist]
# distance from previous block
# <min> <max>
0	34

[block]
# block no. 4 follows, 42 sequences, length 22
# corresponding to MSA columns:
# 548-569
name=unknown_E
#
# <colnr> <probs for GDERKNQSTAVLIFYWHMCP>
#	G	D	E	R	K	N	Q	S	T	A	V	L	I	F	Y	W	H	M	C	P
0	0.25960	0.03278	0.01426	0.01542	0.16614	0.21385	0.01009	0.01891	0.08977	0.01902	0.01101	0.01308	0.00905	0.00977	0.09256	0.00248	0.00761	0.00428	0.00335	0.00698
1	0.09498	0.00638	0.00819	0.00810	0.00909	0.00720	0.00597	0.01023	0.00887	0.01376	0.01503	0.02469	0.01494	0.24127	0.49842	0.00733	0.01139	0.00629	0.00317	0.00471
2	0.01117	0.00947	0.01113	0.00828	0.01280	0.00720	0.00652	0.01351	0.01158	0.01792	0.01219	0.09367	0.01135	0.00557	0.00448	0.00098	0.00407	0.00465	0.00353	0.74992
3	0.01098	0.01152	0.12079	0.12149	0.01902	0.00941	0.11064	0.01462	0.03733	0.07117	0.04636	0.15303	0.08247	0.01035	0.00674	0.00206	0.02127	0.14009	0.00423	0.00643
4	0.00686	0.00490	0.00653	0.00784	0.00816	0.00457	0.00522	0.00784	0.01077	0.01437	0.03102	0.79855	0.03722	0.01763	0.00718	0.00229	0.00326	0.01600	0.00522	0.00457
5	0.01281	0.01294	0.01859	0.47092	0.25850	0.09971	0.01559	0.01618	0.01226	0.01553	0.01003	0.01413	0.00790	0.00546	0.00555	0.00176	0.00755	0.00485	0.00263	0.00709
6	0.01442	0.01014	0.01109	0.00933	0.01207	0.01088	0.00741	0.29785	0.09616	0.02724	0.20643	0.02345	0.02266	0.00800	0.00546	0.00164	0.00420	0.00655	0.21770	0.00731
7	0.00901	0.00662	0.00801	0.00822	0.00943	0.00649	0.00590	0.11240	0.01382	0.01840	0.11795	0.51451	0.11767	0.01500	0.00684	0.00210	0.00356	0.01331	0.00540	0.00538
8	0.01049	0.00525	0.00525	0.00525	0.00656	0.00525	0.00393	0.01311	0.01180	0.02098	0.01836	0.02098	0.01442	0.00656	0.00393	0.00131	0.00262	0.00525	0.83346	0.00525
9	0.00801	0.00587	0.00771	0.00844	0.00962	0.00557	0.00674	0.01010	0.01312	0.01734	0.19638	0.21736	0.13914	0.01493	0.00724	0.00225	0.00388	0.31587	0.00542	0.00502
10	0.00665	0.00570	0.00570	0.00570	0.00760	0.00475	0.00428	0.00808	0.01283	0.01520	0.05701	0.05416	0.76483	0.01425	0.00665	0.00190	0.00285	0.01188	0.00523	0.00475
11	0.84197	0.01088	0.00827	0.00740	0.01088	0.01262	0.00609	0.01654	0.00958	0.02525	0.00784	0.00914	0.00609	0.00522	0.00348	0.00174	0.00435	0.00305	0.00348	0.00609
12	0.84197	0.01088	0.00827	0.00740	0.01088	0.01262	0.00609	0.01654	0.00958	0.02525	0.00784	0.00914	0.00609	0.00522	0.00348	0.00174	0.00435	0.00305	0.00348	0.00609
13	0.00879	0.01164	0.20156	0.00901	0.01220	0.00719	0.00898	0.01224	0.01412	0.02011	0.40928	0.03473	0.14867	0.01001	0.00612	0.00176	0.00412	0.00855	0.06493	0.00598
14	0.02077	0.08799	0.01787	0.01289	0.01718	0.13652	0.01063	0.57006	0.02348	0.03011	0.01225	0.01259	0.00900	0.00643	0.00536	0.00161	0.00679	0.00466	0.00492	0.00889
15	0.01695	0.01045	0.01221	0.01040	0.01362	0.01090	0.00821	0.12593	0.28107	0.24290	0.10078	0.10266	0.02105	0.00877	0.00594	0.00185	0.00448	0.00738	0.00607	0.00836
16	0.08438	0.00880	0.01346	0.12331	0.01663	0.00945	0.12226	0.05013	0.01153	0.01683	0.09497	0.02378	0.01695	0.18849	0.19077	0.00429	0.00825	0.00658	0.00352	0.00561
17	0.01278	0.21932	0.46632	0.01646	0.08831	0.03314	0.05483	0.01765	0.01202	0.01665	0.00961	0.01149	0.00739	0.00516	0.00500	0.00163	0.00770	0.00407	0.00246	0.00802
18	0.01336	0.01498	0.03203	0.02495	0.11302	0.01413	0.66401	0.01794	0.01323	0.01807	0.01129	0.01504	0.00858	0.00477	0.00652	0.00187	0.00917	0.00646	0.00284	0.00774
19	0.30372	0.01099	0.01338	0.01082	0.01448	0.01140	0.09116	0.13471	0.01442	0.20356	0.01585	0.12401	0.01319	0.00758	0.00523	0.00183	0.00518	0.00623	0.00483	0.00744
20	0.01691	0.09605	0.01889	0.24003	0.10750	0.11293	0.06191	0.05420	0.02905	0.18907	0.01298	0.01464	0.00943	0.00584	0.00542	0.00169	0.00699	0.00491	0.00383	0.00775
21	0.01109	0.02002	0.43816	0.01533	0.09694	0.01086	0.03823	0.01555	0.01181	0.04394	0.01782	0.02115	0.10948	0.09956	0.02425	0.00236	0.00714	0.00591	0.00311	0.00729

[dist]
# distance from previous block
# <min> <max>
0	1

[block]
# block no. 5 follows, 42 sequences, length 296
# corresponding to MSA columns:
# 571-612,614-630,650-684,686-699,702-811,822-833,836-865,867-894,899-906
name=unknown_F
#
# <colnr> <probs for GDERKNQSTAVLIFYWHMCP>
#	G	D	E	R	K	N	Q	S	T	A	V	L	I	F	Y	W	H	M	C	P
0	0.00853	0.00780	0.01118	0.01073	0.07009	0.00709	0.10432	0.01123	0.04055	0.01703	0.13217	0.04315	0.49122	0.01169	0.00653	0.00187	0.00407	0.01024	0.00486	0.00567
1	0.01290	0.01253	0.02240	0.37554	0.16555	0.01357	0.21445	0.08125	0.01344	0.01797	0.01080	0.01473	0.00822	0.00538	0.00589	0.00183	0.00778	0.00546	0.00292	0.00739
2	0.01493	0.01588	0.02229	0.09477	0.39010	0.16298	0.14375	0.03322	0.01366	0.01738	0.01089	0.01484	0.00905	0.00550	0.00573	0.00171	0.00788	0.02465	0.00292	0.00789
3	0.84197	0.01088	0.00827	0.00740	0.01088	0.01262	0.00609	0.01654	0.00958	0.02525	0.00784	0.00914	0.00609	0.00522	0.00348	0.00174	0.00435	0.00305	0.00348	0.00609
4	0.00753	0.00575	0.00695	0.00685	0.00835	0.00517	0.00521	0.00968	0.01441	0.01920	0.42995	0.07697	0.30548	0.01302	0.00675	0.00190	0.00293	0.06310	0.00574	0.00507
5	0.01231	0.01231	0.01724	0.01477	0.01477	0.01724	0.01231	0.01354	0.00862	0.01354	0.00739	0.01231	0.00739	0.00985	0.01847	0.00246	0.79192	0.00492	0.00246	0.00616
6	0.00948	0.00612	0.00795	0.00887	0.01017	0.00612	0.00757	0.01208	0.01262	0.01805	0.02646	0.05108	0.02714	0.01292	0.00665	0.00222	0.00443	0.51792	0.24694	0.00520
7	0.00759	0.00574	0.00706	0.00714	0.00854	0.00521	0.00545	0.00971	0.01412	0.01884	0.38870	0.12214	0.26456	0.01343	0.00683	0.00196	0.00308	0.09916	0.00568	0.00505
8	0.00785	0.00575	0.00736	0.00696	0.00834	0.00526	0.00522	0.01039	0.01565	0.02191	0.70118	0.04312	0.11647	0.01175	0.00664	0.00178	0.00267	0.01033	0.00611	0.00526
9	0.02525	0.00958	0.01306	0.01001	0.01437	0.00827	0.00827	0.02743	0.01611	0.77102	0.02220	0.01915	0.01393	0.00697	0.00566	0.00174	0.00479	0.00566	0.00697	0.00958
10	0.01400	0.01209	0.01273	0.01145	0.01463	0.01400	0.00891	0.02990	0.75695	0.02354	0.02291	0.02100	0.01718	0.00764	0.00573	0.00191	0.00445	0.00636	0.00573	0.00891
11	0.01167	0.01000	0.01167	0.00834	0.01334	0.00750	0.00667	0.01417	0.01167	0.01834	0.01000	0.01167	0.00834	0.00417	0.00417	0.00083	0.00417	0.00333	0.00333	0.83663
12	0.84197	0.01088	0.00827	0.00740	0.01088	0.01262	0.00609	0.01654	0.00958	0.02525	0.00784	0.00914	0.00609	0.00522	0.00348	0.00174	0.00435	0.00305	0.00348	0.00609
13	0.01063	0.01000	0.01688	0.78870	0.03876	0.01250	0.01563	0.01438	0.01125	0.01438	0.01000	0.01500	0.00750	0.00563	0.00563	0.00188	0.00750	0.00500	0.00250	0.00625
14	0.00686	0.00490	0.00653	0.00784	0.00816	0.00457	0.00522	0.00784	0.01077	0.01437	0.03102	0.79855	0.03722	0.01763	0.00718	0.00229	0.00326	0.01600	0.00522	0.00457
15	0.01858	0.01700	0.01349	0.01188	0.01508	0.32441	0.00916	0.02440	0.23199	0.17652	0.02000	0.01913	0.07901	0.00733	0.00553	0.00169	0.00671	0.00559	0.00479	0.00771
16	0.01505	0.80561	0.02949	0.00963	0.01444	0.02227	0.00963	0.01685	0.01143	0.01324	0.00782	0.00903	0.00722	0.00481	0.00361	0.00120	0.00602	0.00301	0.00241	0.00722
17	0.00866	0.00615	0.00843	0.00961	0.01065	0.00610	0.00799	0.01078	0.01220	0.01594	0.02890	0.17088	0.03205	0.08590	0.00954	0.00280	0.00492	0.55852	0.00503	0.00493
18	0.00686	0.00490	0.00653	0.00784	0.00816	0.00457	0.00522	0.00784	0.01077	0.01437	0.03102	0.79855	0.03722	0.01763	0.00718	0.00229	0.00326	0.01600	0.00522	0.00457
19	0.01923	0.02368	0.01687	0.08565	0.11094	0.61788	0.01208	0.02112	0.01515	0.01439	0.00905	0.01104	0.00747	0.00569	0.00518	0.00151	0.00949	0.00392	0.00285	0.00679
20	0.01416	0.01416	0.02150	0.12495	0.61132	0.08149	0.01650	0.01738	0.01290	0.01748	0.01035	0.01372	0.00859	0.00516	0.00553	0.00168	0.00709	0.00489	0.00276	0.00838
21	0.01265	0.01207	0.02053	0.32643	0.48522	0.01304	0.01664	0.01615	0.01221	0.01683	0.01036	0.01434	0.00837	0.00525	0.00559	0.00175	0.00700	0.00501	0.00268	0.00788
22	0.01132	0.01071	0.01814	0.62958	0.19243	0.01269	0.01598	0.01499	0.01158	0.01522	0.01013	0.01478	0.00780	0.00550	0.00561	0.00183	0.00733	0.00500	0.00256	0.00681
23	0.00858	0.00614	0.00845	0.00938	0.01057	0.00601	0.00784	0.01100	0.01333	0.01777	0.18487	0.14287	0.03731	0.01493	0.00747	0.00238	0.00443	0.49610	0.00540	0.00514
24	0.16324	0.01166	0.01219	0.01058	0.01406	0.01304	0.00840	0.06201	0.47409	0.14004	0.01966	0.01824	0.01434	0.00706	0.00531	0.00184	0.00457	0.00560	0.00551	0.00854
