[name]
unknown

[dist]
# distance from previous block
# <min> <max>
16	702

[block]
# block no. 0 follows, 41 sequences, length 9
# corresponding to MSA columns:
# 716-724
name=unknown_A
#
# <colnr> <probs for GDERKNQSTAVLIFYWHMCP>
#	G	D	E	R	K	N	Q	S	T	A	V	L	I	F	Y	W	H	M	C	P
0	0.20049	0.01598	0.01785	0.07567	0.37105	0.19131	0.01338	0.01842	0.01292	0.01888	0.00964	0.01225	0.00792	0.00537	0.00507	0.00168	0.00714	0.00432	0.00300	0.00767
1	0.29954	0.12155	0.09928	0.01232	0.09798	0.01308	0.00985	0.01627	0.04691	0.02083	0.12308	0.01811	0.05260	0.00697	0.00541	0.00174	0.03861	0.00521	0.00374	0.00688
2	0.28369	0.26034	0.01661	0.04830	0.01415	0.03492	0.00831	0.04543	0.06066	0.05642	0.10858	0.01540	0.01417	0.00635	0.00449	0.00161	0.00515	0.00457	0.00389	0.00696
3	0.12657	0.19206	0.30766	0.01500	0.08150	0.15329	0.01453	0.01853	0.01249	0.01744	0.00924	0.01093	0.00730	0.00536	0.00477	0.00161	0.00760	0.00380	0.00271	0.00763
4	0.01636	0.14003	0.01865	0.01363	0.01582	0.23802	0.01122	0.10012	0.01346	0.01631	0.00904	0.01197	0.00802	0.00922	0.04685	0.00223	0.31477	0.00439	0.00302	0.00688
5	0.00676	0.00579	0.00579	0.00579	0.00773	0.00483	0.00435	0.00821	0.01304	0.01545	0.05794	0.05505	0.76098	0.01449	0.00676	0.00193	0.00290	0.01207	0.00531	0.00483
6	0.01603	0.01449	0.01386	0.01219	0.01557	0.10163	0.00952	0.12306	0.57375	0.02438	0.02038	0.01909	0.01530	0.00743	0.00573	0.00186	0.00542	0.00598	0.00548	0.00887
7	0.83938	0.01106	0.00841	0.00752	0.01106	0.01283	0.00619	0.01681	0.00973	0.02566	0.00796	0.00929	0.00619	0.00531	0.00354	0.00177	0.00442	0.00310	0.00354	0.00619
8	0.01737	0.02018	0.01750	0.02043	0.25167	0.43501	0.01259	0.01952	0.01429	0.01538	0.01029	0.01312	0.00881	0.01049	0.10636	0.00256	0.00986	0.00445	0.00293	0.00720

[dist]
# distance from previous block
# <min> <max>
0	4

[block]
# block no. 1 follows, 41 sequences, length 258
# corresponding to MSA columns:
# 729-825,840-854,857-945,953-1009
name=unknown_B
#
# <colnr> <probs for GDERKNQSTAVLIFYWHMCP>
#	G	D	E	R	K	N	Q	S	T	A	V	L	I	F	Y	W	H	M	C	P
0	0.00827	0.00555	0.00622	0.00622	0.00629	0.00552	0.00349	0.00831	0.00847	0.01123	0.01931	0.03800	0.04474	0.77361	0.02839	0.00543	0.00546	0.00844	0.00353	0.00351
1	0.01529	0.80242	0.02997	0.00979	0.01468	0.02263	0.00979	0.01713	0.01162	0.01346	0.00795	0.00918	0.00734	0.00489	0.00367	0.00122	0.00612	0.00306	0.00245	0.00734
2	0.01186	0.01017	0.01186	0.00847	0.01356	0.00762	0.00678	0.01440	0.01186	0.01864	0.01017	0.01186	0.00847	0.00424	0.00424	0.00085	0.00424	0.00339	0.00339	0.83395
3	0.01519	0.01276	0.01347	0.01183	0.01524	0.01468	0.00929	0.12155	0.66025	0.02548	0.02206	0.02037	0.01647	0.00765	0.00581	0.00191	0.00475	0.00630	0.00581	0.00914
4	0.02566	0.00973	0.01327	0.01018	0.01460	0.00841	0.00841	0.02788	0.01637	0.76726	0.02257	0.01947	0.01416	0.00708	0.00575	0.00177	0.00487	0.00575	0.00708	0.00973
5	0.00697	0.00498	0.00664	0.00796	0.00830	0.00465	0.00531	0.00796	0.01095	0.01460	0.03153	0.79525	0.03783	0.01792	0.00730	0.00232	0.00332	0.01626	0.00531	0.00465
6	0.01147	0.02959	0.76934	0.01630	0.02476	0.01328	0.02113	0.01811	0.01208	0.01811	0.01026	0.01208	0.00725	0.00543	0.00543	0.00181	0.00845	0.00423	0.00242	0.00845
7	0.01080	0.01017	0.01716	0.78523	0.03940	0.01271	0.01589	0.01461	0.01144	0.01461	0.01017	0.01525	0.00762	0.00572	0.00572	0.00191	0.00762	0.00508	0.00254	0.00635
8	0.83938	0.01106	0.00841	0.00752	0.01106	0.01283	0.00619	0.01681	0.00973	0.02566	0.00796	0.00929	0.00619	0.00531	0.00354	0.00177	0.00442	0.00310	0.00354	0.00619
9	0.02566	0.00973	0.01327	0.01018	0.01460	0.00841	0.00841	0.02788	0.01637	0.76726	0.02257	0.01947	0.01416	0.00708	0.00575	0.00177	0.00487	0.00575	0.00708	0.00973
10	0.01442	0.01421	0.02260	0.06301	0.69445	0.05533	0.01713	0.01773	0.01314	0.01827	0.01063	0.01399	0.00891	0.00516	0.00564	0.00169	0.00702	0.00502	0.00283	0.00882
11	0.02566	0.00973	0.01327	0.01018	0.01460	0.00841	0.00841	0.02788	0.01637	0.76726	0.02257	0.01947	0.01416	0.00708	0.00575	0.00177	0.00487	0.00575	0.00708	0.00973
12	0.00697	0.00498	0.00664	0.00796	0.00830	0.00465	0.00531	0.00796	0.01095	0.01460	0.03153	0.79525	0.03783	0.01792	0.00730	0.00232	0.00332	0.01626	0.00531	0.00465
13	0.01379	0.01322	0.02255	0.11719	0.68408	0.01349	0.01737	0.01723	0.01285	0.01824	0.01069	0.01428	0.00890	0.00516	0.00567	0.00172	0.00689	0.00509	0.00280	0.00876
14	0.01198	0.02173	0.47318	0.01559	0.02193	0.01166	0.10184	0.01728	0.01272	0.05896	0.01554	0.02453	0.01350	0.00776	0.00615	0.00201	0.00769	0.16484	0.00336	0.00773
15	0.00697	0.00498	0.00664	0.00796	0.00830	0.00465	0.00531	0.00796	0.01095	0.01460	0.03153	0.79525	0.03783	0.01792	0.00730	0.00232	0.00332	0.01626	0.00531	0.00465
16	0.01529	0.80242	0.02997	0.00979	0.01468	0.02263	0.00979	0.01713	0.01162	0.01346	0.00795	0.00918	0.00734	0.00489	0.00367	0.00122	0.00612	0.00306	0.00245	0.00734
17	0.01926	0.01497	0.02270	0.01676	0.02175	0.01531	0.27723	0.38470	0.02062	0.12649	0.01412	0.01511	0.00993	0.00615	0.00610	0.00180	0.00733	0.00581	0.00487	0.00899
18	0.02174	0.01602	0.01717	0.01316	0.01774	0.01774	0.01087	0.74423	0.02689	0.03605	0.01373	0.01373	0.00973	0.00687	0.00572	0.00172	0.00629	0.00515	0.00572	0.00973
19	0.01546	0.01230	0.01379	0.01018	0.01508	0.01131	0.00827	0.28042	0.01734	0.02498	0.01147	0.01254	0.00893	0.00519	0.00478	0.00116	0.00499	0.00403	0.00424	0.53352
20	0.02137	0.02726	0.01621	0.01474	0.01768	0.77602	0.01105	0.02284	0.01621	0.01400	0.00884	0.01031	0.00737	0.00589	0.00516	0.00147	0.01031	0.00368	0.00295	0.00663
21	0.02411	0.01223	0.01482	0.01136	0.01585	0.01211	0.00939	0.31216	0.02055	0.47708	0.01906	0.01719	0.01240	0.00699	0.00574	0.00175	0.00543	0.00551	0.00654	0.00973
22	0.01680	0.01455	0.02363	0.06421	0.20412	0.05468	0.25834	0.12584	0.01565	0.12404	0.01288	0.01507	0.00952	0.00575	0.00638	0.00181	0.02877	0.00567	0.00385	0.00844
23	0.01389	0.01321	0.02245	0.03376	0.72213	0.01321	0.01710	0.01724	0.01303	0.01860	0.01183	0.01692	0.01037	0.00568	0.00579	0.00175	0.00671	0.04453	0.00296	0.00885
24	0.02566	0.00973	0.01327	0.01018	0.01460	0.00841	0.00841	0.02788	0.01637	0.76726	0.02257	0.01947	0.01416	0.00708	0.00575	0.00177	0.00487	0.00575	0.00708	0.00973
25	0.00832	0.00555	0.00624	0.00624	0.00624	0.00555	0.00347	0.00832	0.00832	0.01109	0.01802	0.03743	0.02080	0.79898	0.02911	0.00555	0.00555	0.00832	0.00347	0.00347
26	0.01177	0.08966	0.71187	0.01580	0.02397	0.01401	0.02025	0.01804	0.01204	0.01775	0.01008	0.01185	0.00725	0.00539	0.00530	0.00177	0.00827	0.00414	0.00242	0.00837
27	0.00724	0.00536	0.00676	0.00736	0.00826	0.00488	0.00516	0.00877	0.01275	0.01701	0.23346	0.45772	0.17306	0.01561	0.00705	0.00211	0.00307	0.01390	0.00558	0.00488
28	0.01016	0.00866	0.00909	0.00848	0.01094	0.00902	0.00650	0.01820	0.33978	0.01977	0.09725	0.03922	0.37794	0.01130	0.00634	0.00192	0.00360	0.00946	0.00561	0.00674
29	0.01378	0.01321	0.02254	0.11878	0.68256	0.01349	0.01737	0.01723	0.01285	0.01823	0.01069	0.01428	0.00890	0.00517	0.00567	0.00172	0.00689	0.00509	0.00280	0.00876
30	0.00706	0.00504	0.00674	0.00807	0.00844	0.00473	0.00547	0.00813	0.01104	0.01471	0.03147	0.76469	0.03763	0.01783	0.00733	0.00234	0.00340	0.04589	0.00531	0.00467
31	0.01350	0.01543	0.03375	0.02411	0.02989	0.01446	0.74253	0.01832	0.01350	0.01832	0.01157	0.01543	0.00868	0.00482	0.00675	0.00193	0.00964	0.00675	0.00289	0.00771
32	0.01147	0.02959	0.76934	0.01630	0.02476	0.01328	0.02113	0.01811	0.01208	0.01811	0.01026	0.01208	0.00725	0.00543	0.00543	0.00181	0.00845	0.00423	0.00242	0.00845
33	0.00921	0.00794	0.01337	0.01399	0.10021	0.00757	0.12813	0.01142	0.01226	0.01661	0.08235	0.43889	0.03042	0.01356	0.00704	0.00218	0.00492	0.08944	0.00470	0.00579
34	0.01423	0.01229	0.01293	0.01164	0.01487	0.01423	0.00905	0.03039	0.75297	0.02393	0.02328	0.02134	0.01746	0.00776	0.00582	0.00194	0.00453	0.00647	0.00582	0.00905
35	0.01346	0.01288	0.02196	0.19067	0.61318	0.01341	0.01721	0.01694	0.01270	0.01784	0.01064	0.01438	0.00876	0.00523	0.00567	0.00174	0.00697	0.00509	0.00277	0.00850
36	0.01350	0.01543	0.03375	0.02411	0.02989	0.01446	0.74253	0.01832	0.01350	0.01832	0.01157	0.01543	0.00868	0.00482	0.00675	0.00193	0.00964	0.00675	0.00289	0.00771
37	0.01346	0.01342	0.02481	0.05916	0.47361	0.01325	0.21778	0.01721	0.01311	0.01831	0.01248	0.01847	0.01075	0.00588	0.00614	0.00184	0.00750	0.06150	0.00303	0.00829
38	0.01181	0.02726	0.64865	0.01758	0.02560	0.01348	0.13950	0.01815	0.01231	0.01815	0.01048	0.01263	0.00748	0.00533	0.00565	0.00183	0.00865	0.00464	0.00249	0.00833
39	0.00736	0.00559	0.00713	0.00759	0.00857	0.00551	0.00546	0.00873	0.01086	0.01422	0.03342	0.30082	0.23848	0.07554	0.23852	0.00448	0.00693	0.01150	0.00452	0.00476
40	0.01239	0.02328	0.44441	0.02012	0.05181	0.01378	0.31494	0.01818	0.01269	0.01822	0.01081	0.01351	0.00789	0.00517	0.00598	0.00186	0.00888	0.00528	0.00262	0.00817
41	0.01305	0.01225	0.02067	0.16095	0.55816	0.01268	0.01637	0.01643	0.01277	0.01782	0.01277	0.01978	0.01139	0.00636	0.00591	0.00184	0.00677	0.08280	0.00304	0.00819
42	0.01288	0.11294	0.33565	0.01923	0.02601	0.01493	0.36065	0.01810	0.01270	0.01767	0.01061	0.01332	0.00793	0.00508	0.00585	0.00180	0.00874	0.00528	0.00264	0.00797
43	0.00825	0.00627	0.00787	0.00867	0.01023	0.00589	0.00730	0.01042	0.01312	0.01646	0.04117	0.06079	0.31954	0.01528	0.00745	0.00236	0.00433	0.44421	0.00528	0.00509
44	0.01175	0.02767	0.66975	0.01736	0.02545	0.01344	0.11880	0.01814	0.01227	0.01814	0.01044	0.01253	0.00744	0.00535	0.00561	0.00183	0.00861	0.00457	0.00248	0.00835
45	0.01243	0.02291	0.42257	0.01998	0.02718	0.01384	0.36121	0.01821	0.01275	0.01821	0.01088	0.01366	0.00792	0.00515	0.00605	0.00187	0.00901	0.00542	0.00264	0.00811
46	0.01032	0.00755	0.00919	0.00937	0.01087	0.00763	0.00718	0.15187	0.01471	0.01940	0.02994	0.42070	0.09013	0.01502	0.00708	0.00224	0.00430	0.17132	0.00538	0.00579
47	0.01966	0.01264	0.01654	0.09624	0.01912	0.01368	0.05073	0.29858	0.01864	0.24890	0.01586	0.04580	0.01161	0.00748	0.00734	0.00188	0.09557	0.00582	0.00525	0.00866
48	0.01112	0.00672	0.00866	0.00895	0.01037	0.00650	0.00655	0.01413	0.09471	0.14317	0.02899	0.52097	0.03117	0.01479	0.00692	0.00221	0.00387	0.06847	0.00566	0.00605
49	0.01119	0.01102	0.02092	0.20276	0.08114	0.01142	0.27786	0.01485	0.01247	0.01706	0.10579	0.02008	0.01523	0.01332	0.15591	0.00330	0.00917	0.00655	0.00326	0.00669
50	0.01226	0.01235	0.02304	0.41482	0.19064	0.01338	0.21764	0.01627	0.01235	0.01651	0.01068	0.01507	0.00822	0.00534	0.00599	0.00187	0.00801	0.00555	0.00270	0.00731
51	0.10948	0.01143	0.01367	0.01106	0.01506	0.01166	0.02768	0.14880	0.15875	0.36072	0.01973	0.01999	0.01401	0.00738	0.00566	0.00184	0.00514	0.04299	0.00602	0.00894
52	0.01268	0.01848	0.23432	0.11867	0.11511	0.01382	0.36699	0.01771	0.01279	0.01784	0.01094	0.01433	0.00819	0.00514	0.00613	0.00187	0.00873	0.00565	0.00271	0.00791
53	0.01552	0.00793	0.01106	0.00985	0.01203	0.00804	0.00774	0.01733	0.01251	0.32510	0.02122	0.19219	0.01887	0.01960	0.21916	0.00400	0.07754	0.00813	0.00517	0.00702
54	0.19552	0.01142	0.01373	0.01204	0.01440	0.09917	0.12806	0.01432	0.01203	0.01822	0.05832	0.23357	0.02055	0.01042	0.00704	0.00205	0.06660	0.07253	0.00408	0.00595
55	0.02027	0.01345	0.01432	0.01168	0.01545	0.07218	0.00935	0.32579	0.09967	0.23416	0.01892	0.10694	0.01489	0.00823	0.00588	0.00181	0.00567	0.00664	0.00585	0.00882
56	0.01623	0.06318	0.22403	0.01733	0.02265	0.27857	0.21636	0.02006	0.01399	0.04541	0.01044	0.01254	0.00796	0.00554	0.00586	0.00171	0.02290	0.00475	0.00292	0.00757
57	0.01265	0.01216	0.02005	0.30748	0.37449	0.01391	0.01611	0.01585	0.01174	0.01638	0.01001	0.01429	0.00828	0.00613	0.00783	0.00191	0.13537	0.00508	0.00267	0.00761
58	0.01864	0.00978	0.01230	0.01062	0.01399	0.00966	0.00874	0.06346	0.17622	0.37082	0.05311	0.03042	0.02035	0.00932	0.00628	0.00200	0.00487	0.16470	0.00630	0.00843
59	0.01112	0.01051	0.01762	0.69981	0.09214	0.01296	0.01588	0.01480	0.01145	0.01488	0.01011	0.01506	0.00773	0.00584	0.00622	0.00191	0.03777	0.00508	0.00256	0.00655
60	0.00953	0.00645	0.00748	0.00719	0.00922	0.00573	0.00558	0.01176	0.03378	0.10085	0.17071	0.07863	0.44157	0.01325	0.00674	0.00197	0.00336	0.07489	0.00569	0.00562
61	0.01147	0.02959	0.76934	0.01630	0.02476	0.01328	0.02113	0.01811	0.01208	0.01811	0.01026	0.01208	0.00725	0.00543	0.00543	0.00181	0.00845	0.00423	0.00242	0.00845
62	0.17010	0.01721	0.01399	0.01176	0.01551	0.29026	0.00931	0.12095	0.01654	0.26023	0.01374	0.01352	0.00965	0.00630	0.00513	0.00165	0.00697	0.00444	0.00475	0.00796
63	0.01277	0.29149	0.51878	0.01409	0.02134	0.01645	0.01729	0.01778	0.01192	0.01654	0.00948	0.01109	0.00728	0.00525	0.00484	0.00161	0.00766	0.00383	0.00243	0.00808
64	0.01147	0.02959	0.76934	0.01630	0.02476	0.01328	0.02113	0.01811	0.01208	0.01811	0.01026	0.01208	0.00725	0.00543	0.00543	0.00181	0.00845	0.00423	0.00242	0.00845
65	0.01184	0.01123	0.01904	0.55250	0.26399	0.01298	0.01640	0.01553	0.01193	0.01588	0.01035	0.01491	0.00807	0.00553	0.00570	0.00184	0.00737	0.00509	0.00263	0.00719
66	0.01102	0.01039	0.01756	0.73561	0.08729	0.01277	0.01600	0.01481	0.01154	0.01488	0.01021	0.01518	0.00772	0.00568	0.00571	0.00189	0.00757	0.00508	0.00256	0.00653
67	0.01416	0.01359	0.02322	0.03511	0.76330	0.01359	0.01755	0.01755	0.01302	0.01869	0.01076	0.01416	0.00906	0.00510	0.00566	0.00170	0.00680	0.00510	0.00283	0.00906
68	0.01222	0.01026	0.01119	0.01062	0.01305	0.01157	0.00802	0.02418	0.54731	0.02134	0.02557	0.23584	0.02311	0.01058	0.00623	0.00205	0.00419	0.00918	0.00568	0.00783
69	0.00763	0.00586	0.00646	0.00668	0.00838	0.00506	0.00503	0.00913	0.01282	0.04086	0.05022	0.17508	0.55935	0.01490	0.00691	0.00205	0.00322	0.06999	0.00537	0.00500
70	0.02112	0.02081	0.01572	0.01347	0.01702	0.41708	0.01047	0.19779	0.10464	0.10663	0.01327	0.01347	0.00989	0.00648	0.00544	0.00162	0.00805	0.00460	0.00442	0.00801
71	0.01110	0.01068	0.01723	0.01443	0.01578	0.01322	0.13407	0.01324	0.00972	0.01436	0.01104	0.01664	0.01018	0.02112	0.29286	0.00484	0.37491	0.00571	0.00277	0.00608
72	0.01550	0.01449	0.03039	0.02182	0.02738	0.01347	0.62207	0.01989	0.01397	0.14121	0.01338	0.01609	0.00958	0.00519	0.00659	0.00190	0.00886	0.00659	0.00358	0.00805
73	0.01350	0.01543	0.03375	0.02411	0.02989	0.01446	0.74253	0.01832	0.01350	0.01832	0.01157	0.01543	0.00868	0.00482	0.00675	0.00193	0.00964	0.00675	0.00289	0.00771
74	0.01147	0.02959	0.76934	0.01630	0.02476	0.01328	0.02113	0.01811	0.01208	0.01811	0.01026	0.01208	0.00725	0.00543	0.00543	0.00181	0.00845	0.00423	0.00242	0.00845
75	0.01311	0.01818	0.17664	0.02259	0.02890	0.01424	0.60240	0.01828	0.01322	0.01828	0.01132	0.01478	0.00840	0.00494	0.00649	0.00191	0.00941	0.00626	0.00280	0.00786
76	0.01178	0.09188	0.70975	0.01578	0.02394	0.01404	0.02022	0.01803	0.01204	0.01774	0.01008	0.01184	0.00725	0.00539	0.00529	0.00176	0.00827	0.00413	0.00242	0.00836
77	0.01080	0.01017	0.01716	0.78523	0.03940	0.01271	0.01589	0.01461	0.01144	0.01461	0.01017	0.01525	0.00762	0.00572	0.00572	0.00191	0.00762	0.00508	0.00254	0.00635
78	0.00931	0.00627	0.00715	0.00667	0.00874	0.00539	0.00509	0.01118	0.01425	0.10500	0.23717	0.04769	0.48940	0.01289	0.00664	0.00188	0.00307	0.01088	0.00577	0.00555
79	0.01423	0.01229	0.01293	0.01164	0.01487	0.01423	0.00905	0.03039	0.75297	0.02393	0.02328	0.02134	0.01746	0.00776	0.00582	0.00194	0.00453	0.00647	0.00582	0.00905
80	0.02521	0.01047	0.01373	0.01052	0.01497	0.00949	0.00869	0.11134	0.01760	0.68207	0.02154	0.01880	0.01364	0.00705	0.00575	0.00176	0.00503	0.00568	0.00692	0.00973
81	0.01276	0.02059	0.30188	0.02126	0.02802	0.01403	0.47958	0.01825	0.01298	0.01825	0.01110	0.01421	0.00816	0.00504	0.00627	0.00189	0.00921	0.00583	0.00272	0.00798
82	0.00817	0.00613	0.00919	0.00919	0.01021	0.00715	0.00715	0.01021	0.00919	0.01328	0.01532	0.02247	0.01430	0.04290	0.77631	0.00919	0.01532	0.00613	0.00306	0.00511
83	0.01369	0.01312	0.02238	0.13886	0.66317	0.01347	0.01732	0.01715	0.01280	0.01812	0.01068	0.01431	0.00886	0.00518	0.00567	0.00173	0.00691	0.00509	0.00279	0.00869
84	0.02149	0.01066	0.01315	0.01071	0.01470	0.01053	0.00864	0.02879	0.28486	0.49632	0.02283	0.02015	0.01536	0.00733	0.00578	0.00183	0.00474	0.00601	0.00662	0.00949
85	0.01281	0.01285	0.02374	0.29692	0.32265	0.01350	0.20015	0.01671	0.01258	0.01716	0.01076	0.01486	0.00846	0.00525	0.00596	0.00183	0.00781	0.00551	0.00274	0.00777
86	0.00697	0.00498	0.00664	0.00796	0.00830	0.00465	0.00531	0.00796	0.01095	0.01460	0.03153	0.79525	0.03783	0.01792	0.00730	0.00232	0.00332	0.01626	0.00531	0.00465
87	0.01147	0.02959	0.76934	0.01630	0.02476	0.01328	0.02113	0.01811	0.01208	0.01811	0.01026	0.01208	0.00725	0.00543	0.00543	0.00181	0.00845	0.00423	0.00242	0.00845
88	0.02308	0.09583	0.01517	0.01041	0.01475	0.01094	0.00871	0.05122	0.10204	0.57455	0.02077	0.01838	0.01366	0.00692	0.00553	0.00173	0.00501	0.00552	0.00639	0.00940
89	0.01147	0.02959	0.76934	0.01630	0.02476	0.01328	0.02113	0.01811	0.01208	0.01811	0.01026	0.01208	0.00725	0.00543	0.00543	0.00181	0.00845	0.00423	0.00242	0.00845
90	0.02354	0.00996	0.01318	0.01048	0.01459	0.00905	0.00872	0.09027	0.01697	0.62081	0.02261	0.02382	0.01579	0.00800	0.00598	0.00186	0.00504	0.08334	0.00676	0.00925
91	0.00817	0.00613	0.00919	0.00919	0.01021	0.00715	0.00715	0.01021	0.00919	0.01328	0.01532	0.02247	0.01430	0.04290	0.77631	0.00919	0.01532	0.00613	0.00306	0.00511
92	0.01292	0.01424	0.03031	0.02297	0.06778	0.01356	0.61713	0.01734	0.01297	0.01775	0.01196	0.01618	0.00935	0.00927	0.09636	0.00276	0.01015	0.00659	0.00291	0.00748
93	0.01455	0.01434	0.02283	0.03399	0.72245	0.05536	0.01720	0.01784	0.01320	0.01843	0.01065	0.01395	0.00897	0.00514	0.00563	0.00169	0.00699	0.00502	0.00284	0.00893
94	0.01416	0.01359	0.02322	0.03511	0.76330	0.01359	0.01755	0.01755	0.01302	0.01869	0.01076	0.01416	0.00906	0.00510	0.00566	0.00170	0.00680	0.00510	0.00283	0.00906
95	0.00697	0.00498	0.00664	0.00796	0.00830	0.00465	0.00531	0.00796	0.01095	0.01460	0.03153	0.79525	0.03783	0.01792	0.00730	0.00232	0.00332	0.01626	0.00531	0.00465
96	0.01044	0.01005	0.01795	0.01668	0.10358	0.01014	0.22840	0.01302	0.01187	0.01619	0.02174	0.28517	0.07070	0.01237	0.03854	0.00241	0.08806	0.03249	0.00391	0.00630
97	0.01464	0.67003	0.15663	0.01090	0.01641	0.02103	0.01173	0.01730	0.01170	0.01426	0.00835	0.00967	0.00732	0.00499	0.00397	0.00132	0.00652	0.00326	0.00244	0.00753
98	0.01350	0.01543	0.03375	0.02411	0.02989	0.01446	0.74253	0.01832	0.01350	0.01832	0.01157	0.01543	0.00868	0.00482	0.00675	0.00193	0.00964	0.00675	0.00289	0.00771
99	0.01284	0.01595	0.11544	0.16169	0.10186	0.01393	0.45724	0.01755	0.01292	0.01766	0.01109	0.01488	0.00836	0.00508	0.00631	0.00189	0.00887	0.00600	0.00277	0.00768
100	0.01393	0.01420	0.07889	0.23222	0.42492	0.01381	0.01661	0.10148	0.01414	0.01957	0.01091	0.01424	0.00861	0.00550	0.00567	0.00177	0.00709	0.00503	0.00306	0.00837
101	0.01350	0.01543	0.03375	0.02411	0.02989	0.01446	0.74253	0.01832	0.01350	0.01832	0.01157	0.01543	0.00868	0.00482	0.00675	0.00193	0.00964	0.00675	0.00289	0.00771
102	0.02137	0.02726	0.01621	0.01474	0.01768	0.77602	0.01105	0.02284	0.01621	0.01400	0.00884	0.01031	0.00737	0.00589	0.00516	0.00147	0.01031	0.00368	0.00295	0.00663
103	0.01334	0.02593	0.62245	0.01523	0.02280	0.01279	0.01871	0.02021	0.07017	0.10585	0.01271	0.01366	0.00885	0.00581	0.00550	0.00182	0.00773	0.00458	0.00322	0.00865
104	0.01191	0.08524	0.43804	0.10365	0.02243	0.01300	0.01622	0.07276	0.01359	0.01919	0.10521	0.04648	0.01453	0.00680	0.00558	0.00179	0.00708	0.00554	0.00329	0.00769
105	0.00985	0.00516	0.00766	0.00781	0.00796	0.00516	0.00546	0.00796	0.00812	0.01077	0.01231	0.02288	0.01261	0.01940	0.02067	0.73676	0.00500	0.08884	0.00281	0.00281
106	0.00697	0.00498	0.00664	0.00796	0.00830	0.00465	0.00531	0.00796	0.01095	0.01460	0.03153	0.79525	0.03783	0.01792	0.00730	0.00232	0.00332	0.01626	0.00531	0.00465
107	0.01285	0.01691	0.18783	0.15718	0.31442	0.01357	0.17927	0.01734	0.01265	0.01778	0.01073	0.01417	0.00833	0.00522	0.00586	0.00181	0.00793	0.00527	0.00270	0.00816
108	0.01514	0.01738	0.02381	0.10174	0.02506	0.22932	0.35689	0.01962	0.07409	0.01695	0.01269	0.05717	0.01051	0.00618	0.00614	0.00182	0.00885	0.00620	0.00324	0.00720
109	0.01350	0.01543	0.03375	0.02411	0.02989	0.01446	0.74253	0.01832	0.01350	0.01832	0.01157	0.01543	0.00868	0.00482	0.00675	0.00193	0.00964	0.00675	0.00289	0.00771
110	0.01251	0.01251	0.01752	0.01502	0.01502	0.01752	0.01251	0.01377	0.00876	0.01377	0.00751	0.01251	0.00751	0.01001	0.01877	0.00250	0.78851	0.00501	0.00250	0.00626
111	0.01276	0.10917	0.38730	0.01937	0.06592	0.01475	0.27408	0.01805	0.01258	0.01770	0.01050	0.01305	0.00786	0.00514	0.00572	0.00178	0.00852	0.00504	0.00261	0.00810
112	0.01358	0.01521	0.03252	0.02539	0.11535	0.01436	0.65806	0.01823	0.01344	0.01836	0.01148	0.01528	0.00872	0.00485	0.00662	0.00190	0.00931	0.00656	0.00289	0.00787
113	0.00826	0.00576	0.00732	0.00732	0.00769	0.00613	0.00481	0.00901	0.00864	0.01189	0.01704	0.03198	0.01843	0.52339	0.30147	0.00687	0.00911	0.00752	0.00332	0.00406
114	0.00696	0.00499	0.00662	0.00792	0.00829	0.00465	0.00529	0.00797	0.01099	0.01462	0.03204	0.78084	0.05191	0.01785	0.00729	0.00232	0.00331	0.01618	0.00531	0.00465
115	0.01126	0.01272	0.10520	0.48411	0.18110	0.01233	0.01601	0.01510	0.01179	0.01584	0.01196	0.07529	0.01022	0.00651	0.00580	0.00189	0.00722	0.00585	0.00280	0.00701
116	0.01350	0.01543	0.03375	0.02411	0.02989	0.01446	0.74253	0.01832	0.01350	0.01832	0.01157	0.01543	0.00868	0.00482	0.00675	0.00193	0.00964	0.00675	0.00289	0.00771
117	0.01181	0.02726	0.64865	0.01758	0.02560	0.01348	0.13950	0.01815	0.01231	0.01815	0.01048	0.01263	0.00748	0.00533	0.00565	0.00183	0.00865	0.00464	0.00249	0.00833
118	0.01552	0.02588	0.35274	0.01809	0.08018	0.29146	0.09964	0.01982	0.01382	0.01668	0.00993	0.01198	0.00760	0.00551	0.00550	0.00169	0.00914	0.00438	0.00270	0.00775
119	0.00843	0.00597	0.00669	0.00665	0.00845	0.00513	0.00493	0.00995	0.01318	0.07648	0.10493	0.18460	0.51552	0.01429	0.00678	0.00198	0.00312	0.01218	0.00553	0.00524
120	0.01080	0.01017	0.01716	0.78523	0.03940	0.01271	0.01589	0.01461	0.01144	0.01461	0.01017	0.01525	0.00762	0.00572	0.00572	0.00191	0.00762	0.00508	0.00254	0.00635
121	0.01416	0.01359	0.02322	0.03511	0.76330	0.01359	0.01755	0.01755	0.01302	0.01869	0.01076	0.01416	0.00906	0.00510	0.00566	0.00170	0.00680	0.00510	0.00283	0.00906
122	0.01288	0.07388	0.02089	0.39935	0.29091	0.04578	0.04390	0.01633	0.01229	0.01608	0.01020	0.01419	0.00814	0.00541	0.00556	0.00176	0.00741	0.00494	0.00267	0.00745
123	0.01810	0.02117	0.01818	0.01542	0.01891	0.43992	0.13052	0.02419	0.21997	0.01746	0.01329	0.01421	0.01038	0.00624	0.00560	0.00168	0.00860	0.00496	0.00373	0.00748
124	0.01147	0.02959	0.76934	0.01630	0.02476	0.01328	0.02113	0.01811	0.01208	0.01811	0.01026	0.01208	0.00725	0.00543	0.00543	0.00181	0.00845	0.00423	0.00242	0.00845
125	0.01033	0.01031	0.04406	0.10299	0.01826	0.04108	0.15793	0.01392	0.06128	0.01659	0.03669	0.31805	0.02423	0.01177	0.00682	0.00215	0.00593	0.10720	0.00433	0.00609
126	0.01181	0.09805	0.70384	0.01573	0.02386	0.01411	0.02013	0.01803	0.01204	0.01770	0.01006	0.01182	0.00725	0.00539	0.00528	0.00176	0.00825	0.00412	0.00242	0.00835
127	0.00687	0.00536	0.00624	0.00694	0.00803	0.00473	0.00486	0.00808	0.01193	0.01500	0.04398	0.44631	0.37873	0.01630	0.00705	0.00214	0.00312	0.01429	0.00531	0.00473
128	0.00727	0.00519	0.00698	0.00831	0.00877	0.00491	0.00584	0.00849	0.01125	0.01494	0.03136	0.69695	0.03717	0.01763	0.00738	0.00236	0.00358	0.11157	0.00530	0.00473
129	0.01682	0.02496	0.22418	0.01612	0.06023	0.43453	0.04204	0.01992	0.01438	0.01560	0.01121	0.07223	0.00985	0.00662	0.00549	0.00166	0.00904	0.00501	0.00298	0.00715
130	0.00812	0.00588	0.00790	0.00910	0.01009	0.00567	0.00725	0.01000	0.01229	0.01598	0.03325	0.34968	0.10001	0.01651	0.00756	0.00245	0.00429	0.38368	0.00529	0.00498
131	0.01272	0.01212	0.02062	0.35672	0.45293	0.01321	0.01684	0.01629	0.01234	0.01694	0.01051	0.01463	0.00844	0.00536	0.00569	0.00179	0.00715	0.00509	0.00271	0.00790
132	0.01122	0.01008	0.01698	0.26715	0.19899	0.01082	0.07033	0.01459	0.01260	0.01677	0.01775	0.03297	0.01726	0.00918	0.00658	0.00212	0.00673	0.26755	0.00363	0.00670
133	0.01462	0.01507	0.11379	0.11460	0.35347	0.01304	0.16602	0.01862	0.01321	0.10371	0.01215	0.01490	0.00918	0.00538	0.00588	0.00179	0.00746	0.00541	0.00325	0.00847
134	0.01343	0.01521	0.03252	0.02342	0.02877	0.01470	0.68732	0.01798	0.01314	0.01798	0.01126	0.01521	0.00859	0.00521	0.00766	0.00197	0.06855	0.00662	0.00286	0.00760
135	0.01014	0.00726	0.00845	0.00832	0.01031	0.00690	0.00660	0.09584	0.01454	0.05929	0.04044	0.16399	0.35400	0.01402	0.00693	0.00212	0.00401	0.17565	0.00545	0.00574
136	0.01198	0.01608	0.20653	0.36467	0.24295	0.01314	0.03121	0.01640	0.01209	0.01672	0.01039	0.01415	0.00796	0.00545	0.00565	0.00182	0.00763	0.00490	0.00260	0.00768
137	0.01128	0.02498	0.59092	0.01592	0.02287	0.01288	0.06676	0.01697	0.01165	0.01733	0.01079	0.01353	0.00818	0.01001	0.09607	0.00272	0.05207	0.00466	0.00253	0.00789
138	0.01163	0.06063	0.73964	0.01604	0.02435	0.01366	0.02068	0.01807	0.01206	0.01793	0.01017	0.01196	0.00725	0.00541	0.00536	0.00179	0.00836	0.00418	0.00242	0.00841
139	0.01500	0.01518	0.02240	0.03273	0.67643	0.10242	0.01680	0.01817	0.01340	0.01814	0.01054	0.01371	0.00886	0.00519	0.00560	0.00167	0.00721	0.00493	0.00284	0.00878
140	0.01712	0.01347	0.09759	0.07456	0.14609	0.01185	0.03927	0.17319	0.01635	0.21063	0.01726	0.11459	0.01420	0.00784	0.00596	0.00185	0.00608	0.01886	0.00481	0.00843
141	0.00719	0.00513	0.00689	0.00821	0.00864	0.00483	0.00569	0.00834	0.01117	0.01485	0.03141	0.72446	0.03736	0.01771	0.00736	0.00235	0.00351	0.08490	0.00531	0.00471
142	0.01163	0.02851	0.71319	0.01690	0.02515	0.01337	0.07621	0.01813	0.01218	0.01813	0.01036	0.01233	0.00736	0.00539	0.00553	0.00182	0.00854	0.00442	0.00245	0.00840
143	0.01152	0.01119	0.01981	0.60687	0.12483	0.01302	0.10075	0.01540	0.01187	0.01553	0.01040	0.01514	0.00792	0.00554	0.00583	0.00188	0.00776	0.00528	0.00262	0.00684
144	0.01170	0.06142	0.71356	0.01629	0.02451	0.01371	0.04505	0.01808	0.01211	0.01793	0.01021	0.01207	0.00730	0.00539	0.00541	0.00179	0.00840	0.00426	0.00243	0.00838
145	0.01864	0.02228	0.01447	0.01322	0.01596	0.57584	0.01005	0.05977	0.01638	0.01616	0.06852	0.01943	0.06432	0.00760	0.00559	0.00162	0.00871	0.05130	0.00365	0.00650
146	0.00834	0.00624	0.00803	0.00895	0.01039	0.00593	0.00751	0.01051	0.01298	0.01645	0.03861	0.11004	0.25024	0.01555	0.00752	0.00240	0.00443	0.46550	0.00528	0.00510
147	0.01279	0.01207	0.02027	0.18049	0.53853	0.01251	0.01588	0.01616	0.01295	0.01809	0.06782	0.01787	0.03753	0.00603	0.00579	0.00176	0.00652	0.00572	0.00311	0.00811
148	0.01886	0.01202	0.13579	0.01033	0.01470	0.00841	0.00966	0.02182	0.01538	0.45839	0.14967	0.02501	0.07790	0.00818	0.00595	0.00179	0.00493	0.00678	0.00604	0.00840
149	0.01280	0.01221	0.02077	0.33843	0.47058	0.01323	0.01688	0.01637	0.01238	0.01704	0.01052	0.01460	0.00848	0.00535	0.00569	0.00178	0.00713	0.00509	0.00271	0.00797
150	0.00713	0.00581	0.00631	0.00618	0.00795	0.00499	0.00464	0.00893	0.01391	0.01753	0.25261	0.05163	0.56502	0.01371	0.00676	0.00189	0.00284	0.01159	0.00558	0.00499
151	0.01167	0.01187	0.02239	0.29258	0.02866	0.01308	0.29595	0.01526	0.01158	0.01569	0.01125	0.01658	0.00921	0.03841	0.09084	0.00289	0.09675	0.00595	0.00276	0.00663
152	0.01156	0.02899	0.73859	0.01663	0.02497	0.01333	0.05130	0.01812	0.01214	0.01812	0.01032	0.01222	0.00731	0.00541	0.00549	0.00182	0.00850	0.00433	0.00244	0.00842
153	0.01168	0.02834	0.71134	0.01776	0.08217	0.01331	0.02086	0.01807	0.01215	0.01816	0.01030	0.01224	0.00739	0.00541	0.00545	0.00180	0.00832	0.00429	0.00245	0.00850
154	0.08499	0.01925	0.01428	0.01274	0.01598	0.37384	0.00979	0.04972	0.28006	0.06051	0.01486	0.01480	0.01134	0.00661	0.00532	0.00169	0.00733	0.00480	0.00434	0.00774
155	0.01214	0.01132	0.01861	0.14771	0.47936	0.01159	0.01469	0.01522	0.01270	0.01739	0.01832	0.05509	0.09922	0.00753	0.00602	0.00185	0.00623	0.05399	0.00334	0.00770
156	0.72780	0.01057	0.00861	0.00764	0.01105	0.01199	0.00625	0.01693	0.01062	0.06607	0.06940	0.01254	0.01048	0.00592	0.00392	0.00177	0.00431	0.00383	0.00396	0.00632
157	0.01003	0.00891	0.01445	0.36262	0.16249	0.00993	0.01234	0.01274	0.01155	0.01537	0.01806	0.29936	0.01890	0.01005	0.00628	0.00202	0.00590	0.00916	0.00360	0.00623
158	0.00780	0.00601	0.00620	0.00603	0.00810	0.00502	0.00457	0.00929	0.01322	0.05664	0.05601	0.05310	0.72006	0.01408	0.00670	0.00192	0.00301	0.01173	0.00541	0.00510
159	0.01243	0.02039	0.35558	0.05302	0.27763	0.01317	0.10518	0.01738	0.01239	0.01793	0.01086	0.01388	0.00844	0.00731	0.04792	0.00220	0.00837	0.00496	0.00266	0.00831
160	0.01313	0.01151	0.02178	0.29773	0.02873	0.01186	0.29444	0.01687	0.01303	0.10420	0.05491	0.07795	0.01368	0.00681	0.00630	0.00193	0.00748	0.00696	0.00363	0.00709
161	0.01147	0.02959	0.76934	0.01630	0.02476	0.01328	0.02113	0.01811	0.01208	0.01811	0.01026	0.01208	0.00725	0.00543	0.00543	0.00181	0.00845	0.00423	0.00242	0.00845
162	0.01080	0.01017	0.01716	0.78523	0.03940	0.01271	0.01589	0.01461	0.01144	0.01461	0.01017	0.01525	0.00762	0.00572	0.00572	0.00191	0.00762	0.00508	0.00254	0.00635
163	0.01296	0.08091	0.38132	0.02418	0.35272	0.01413	0.01868	0.01779	0.01246	0.01802	0.01031	0.01278	0.00806	0.00524	0.00540	0.00172	0.00754	0.00453	0.00260	0.00864
164	0.02137	0.02726	0.01621	0.01474	0.01768	0.77602	0.01105	0.02284	0.01621	0.01400	0.00884	0.01031	0.00737	0.00589	0.00516	0.00147	0.01031	0.00368	0.00295	0.00663
165	0.00961	0.00586	0.00732	0.00745	0.00843	0.00543	0.00507	0.01069	0.01158	0.10223	0.10116	0.34681	0.10412	0.23218	0.01306	0.00306	0.00401	0.01183	0.00510	0.00500
166	0.01529	0.80242	0.02997	0.00979	0.01468	0.02263	0.00979	0.01713	0.01162	0.01346	0.00795	0.00918	0.00734	0.00489	0.00367	0.00122	0.00612	0.00306	0.00245	0.00734
167	0.00686	0.00580	0.00593	0.00590	0.00779	0.00487	0.00442	0.00840	0.01327	0.01599	0.10885	0.05415	0.70973	0.01428	0.00676	0.00192	0.00288	0.01195	0.00538	0.00487
168	0.01280	0.01305	0.01741	0.10474	0.01800	0.05852	0.01283	0.01436	0.00948	0.01388	0.00789	0.01271	0.00751	0.00929	0.01650	0.00238	0.65489	0.00494	0.00253	0.00629
169	0.00710	0.00508	0.00675	0.00788	0.00832	0.00473	0.00532	0.00829	0.01155	0.01556	0.11490	0.70916	0.03968	0.01721	0.00724	0.00226	0.00325	0.01558	0.00542	0.00473
170	0.07700	0.01309	0.02098	0.12323	0.46113	0.01371	0.07181	0.04753	0.07940	0.01985	0.01177	0.01465	0.00941	0.00548	0.00561	0.00177	0.00672	0.00520	0.00324	0.00842
171	0.01185	0.01691	0.28295	0.01300	0.01758	0.01177	0.01343	0.02085	0.28243	0.01996	0.02056	0.02999	0.01808	0.00916	0.00626	0.00209	0.00614	0.20476	0.00445	0.00779
172	0.00761	0.00555	0.00730	0.00847	0.00928	0.00524	0.00635	0.00914	0.01185	0.01544	0.03424	0.49336	0.12064	0.01689	0.00741	0.00237	0.00384	0.22487	0.00530	0.00485
173	0.01281	0.01222	0.02079	0.33552	0.47339	0.01324	0.01689	0.01638	0.01239	0.01706	0.01052	0.01459	0.00849	0.00535	0.00569	0.00178	0.00713	0.00509	0.00272	0.00798
174	0.01487	0.01429	0.22094	0.01145	0.01579	0.00950	0.01133	0.01979	0.10291	0.24263	0.02360	0.14379	0.06728	0.00958	0.00615	0.00197	0.00548	0.06573	0.00510	0.00782
175	0.01297	0.01238	0.02107	0.30133	0.50639	0.01328	0.01696	0.01651	0.01246	0.01724	0.01055	0.01454	0.00855	0.00532	0.00568	0.00177	0.00709	0.00509	0.00273	0.00810
176	0.02481	0.01110	0.01412	0.01082	0.01528	0.01043	0.00894	0.18339	0.01866	0.60852	0.02065	0.01822	0.01320	0.00703	0.00575	0.00176	0.00518	0.00562	0.00678	0.00973
177	0.01451	0.27072	0.07678	0.04131	0.07329	0.04157	0.00999	0.01706	0.01361	0.13974	0.13819	0.02248	0.10326	0.00759	0.00529	0.00161	0.00544	0.00607	0.00421	0.00729
178	0.01147	0.02959	0.76934	0.01630	0.02476	0.01328	0.02113	0.01811	0.01208	0.01811	0.01026	0.01208	0.00725	0.00543	0.00543	0.00181	0.00845	0.00423	0.00242	0.00845
179	0.01371	0.10715	0.41907	0.01389	0.01989	0.07323	0.01555	0.12052	0.01415	0.01917	0.01187	0.01602	0.00979	0.06474	0.02782	0.00221	0.00789	0.03241	0.00313	0.00780
180	0.01080	0.01017	0.01716	0.78523	0.03940	0.01271	0.01589	0.01461	0.01144	0.01461	0.01017	0.01525	0.00762	0.00572	0.00572	0.00191	0.00762	0.00508	0.00254	0.00635
181	0.01301	0.01359	0.06253	0.07770	0.50983	0.01276	0.07917	0.01704	0.04109	0.01824	0.01586	0.01850	0.08277	0.00615	0.00586	0.00177	0.00672	0.00593	0.00315	0.00832
182	0.01423	0.01229	0.01293	0.01164	0.01487	0.01423	0.00905	0.03039	0.75297	0.02393	0.02328	0.02134	0.01746	0.00776	0.00582	0.00194	0.00453	0.00647	0.00582	0.00905
183	0.01315	0.01264	0.02109	0.21416	0.50106	0.01383	0.01656	0.01640	0.01214	0.01713	0.01024	0.01423	0.00853	0.00582	0.00720	0.00184	0.09808	0.00508	0.00272	0.00808
184	0.00712	0.00521	0.00673	0.00788	0.00850	0.00482	0.00549	0.00830	0.01140	0.01491	0.03494	0.63990	0.13362	0.01730	0.00728	0.00230	0.00341	0.07088	0.00531	0.00472
185	0.01169	0.04960	0.70916	0.01656	0.02477	0.01360	0.06035	0.01810	0.01214	0.01800	0.01027	0.01218	0.00733	0.00539	0.00546	0.00180	0.00846	0.00433	0.00244	0.00838
186	0.02051	0.01541	0.01647	0.01291	0.01727	0.01716	0.01057	0.62710	0.14603	0.03406	0.01530	0.01498	0.01100	0.00701	0.00574	0.00175	0.00600	0.00537	0.00574	0.00962
187	0.00684	0.00547	0.00613	0.00667	0.00796	0.00476	0.00473	0.00811	0.01220	0.01511	0.04731	0.35303	0.46986	0.01587	0.00698	0.00209	0.00307	0.01376	0.00531	0.00476
188	0.03124	0.02115	0.02013	0.04937	0.10260	0.42124	0.14087	0.07092	0.01543	0.01701	0.00984	0.01218	0.00795	0.00589	0.00626	0.00167	0.05129	0.00460	0.00309	0.00727
189	0.01382	0.01128	0.01548	0.01900	0.28623	0.01164	0.01123	0.07584	0.19944	0.06937	0.08187	0.05617	0.10730	0.00823	0.00600	0.00183	0.00512	0.00722	0.00476	0.00816
190	0.00810	0.00645	0.00791	0.00773	0.00934	0.00653	0.00592	0.01115	0.07179	0.01657	0.15486	0.03843	0.31288	0.02384	0.28718	0.00456	0.00752	0.00917	0.00470	0.00536
191	0.00832	0.00555	0.00624	0.00624	0.00624	0.00555	0.00347	0.00832	0.00832	0.01109	0.01802	0.03743	0.02080	0.79898	0.02911	0.00555	0.00555	0.00832	0.00347	0.00347
192	0.20845	0.01981	0.28929	0.01299	0.01874	0.01497	0.01352	0.31012	0.01750	0.02709	0.01113	0.01209	0.00800	0.00598	0.00511	0.00176	0.00665	0.00434	0.00401	0.00844
193	0.24814	0.01529	0.02068	0.01569	0.02029	0.07411	0.27626	0.21945	0.01637	0.02496	0.01095	0.01284	0.00817	0.00561	0.00544	0.00179	0.00730	0.00504	0.00386	0.00776
194	0.00758	0.00547	0.00654	0.00687	0.00756	0.00511	0.00454	0.00863	0.01138	0.01508	0.16289	0.27871	0.16065	0.27639	0.01437	0.00323	0.00388	0.01182	0.00487	0.00442
195	0.38125	0.01739	0.01319	0.07107	0.04638	0.29142	0.00952	0.07542	0.01369	0.02110	0.00901	0.01066	0.00712	0.00567	0.00455	0.00167	0.00706	0.00370	0.00339	0.00676
196	0.01971	0.02291	0.10355	0.01403	0.01800	0.42927	0.01180	0.13982	0.10323	0.06522	0.01232	0.01291	0.00932	0.00629	0.00539	0.00162	0.00844	0.00443	0.00392	0.00781
197	0.10849	0.01184	0.01332	0.01083	0.01467	0.01230	0.00897	0.32364	0.01943	0.23475	0.02099	0.02396	0.07312	0.00839	0.00583	0.00186	0.00531	0.08807	0.00578	0.00845
198	0.10554	0.00688	0.00783	0.00821	0.00933	0.00715	0.00606	0.01186	0.06825	0.01612	0.02422	0.17903	0.05008	0.27531	0.01415	0.00337	0.00477	0.19239	0.00452	0.00494
199	0.07844	0.01320	0.04082	0.05255	0.01388	0.13725	0.00817	0.18331	0.01444	0.01910	0.01413	0.03543	0.01370	0.30988	0.03932	0.00341	0.00693	0.00614	0.00384	0.00608
200	0.01408	0.01405	0.13721	0.01345	0.07340	0.01192	0.01103	0.30023	0.01761	0.02395	0.01984	0.28664	0.03096	0.01047	0.00624	0.00195	0.00560	0.00898	0.00480	0.00762
201	0.00745	0.00522	0.00646	0.00724	0.00752	0.00498	0.00460	0.00810	0.01008	0.01336	0.02771	0.48807	0.06186	0.30247	0.01523	0.00348	0.00411	0.01319	0.00464	0.00422
202	0.00756	0.00551	0.00751	0.00851	0.00922	0.00546	0.00626	0.00905	0.01109	0.01480	0.02962	0.48468	0.07207	0.02224	0.15675	0.00369	0.00595	0.13032	0.00487	0.00485
203	0.01919	0.06268	0.07822	0.04498	0.02050	0.25620	0.12742	0.19421	0.01760	0.10645	0.01213	0.01325	0.00892	0.00600	0.00557	0.00167	0.00815	0.00482	0.00399	0.00807
204	0.01529	0.80242	0.02997	0.00979	0.01468	0.02263	0.00979	0.01713	0.01162	0.01346	0.00795	0.00918	0.00734	0.00489	0.00367	0.00122	0.00612	0.00306	0.00245	0.00734
205	0.01350	0.01292	0.02203	0.18169	0.62184	0.01342	0.01723	0.01698	0.01271	0.01789	0.01064	0.01437	0.00878	0.00522	0.00567	0.00174	0.00696	0.00509	0.00277	0.00853
206	0.01491	0.01840	0.23076	0.01826	0.06364	0.01394	0.23990	0.17530	0.03511	0.05114	0.01381	0.01819	0.01085	0.00647	0.00613	0.00189	0.00778	0.06139	0.00379	0.00835
207	0.01231	0.01170	0.01988	0.44854	0.36432	0.01310	0.01663	0.01593	0.01215	0.01644	0.01043	0.01476	0.00827	0.00544	0.00569	0.00181	0.00725	0.00509	0.00267	0.00757
208	0.00699	0.00499	0.00666	0.00795	0.00830	0.00466	0.00531	0.00802	0.01105	0.01476	0.04554	0.78078	0.03814	0.01780	0.00729	0.00231	0.00331	0.01615	0.00533	0.00466
209	0.01445	0.00909	0.01145	0.01026	0.01285	0.00985	0.00810	0.02132	0.26299	0.19922	0.01977	0.02136	0.01534	0.02233	0.32886	0.00494	0.00913	0.00615	0.00497	0.00756
210	0.01266	0.00998	0.01366	0.29310	0.02293	0.01155	0.01131	0.02010	0.25680	0.07850	0.01840	0.02412	0.01507	0.01169	0.08921	0.00278	0.00694	0.08956	0.00436	0.00726
211	0.10355	0.00670	0.00735	0.00759	0.00846	0.00699	0.00504	0.01155	0.08983	0.01540	0.02228	0.30403	0.02487	0.34287	0.01586	0.00357	0.00451	0.01037	0.00439	0.00480
212	0.01286	0.00691	0.00911	0.00796	0.01017	0.00620	0.00618	0.01537	0.01612	0.22659	0.53037	0.03684	0.07102	0.01054	0.00647	0.00180	0.00330	0.00915	0.00647	0.00656
213	0.35309	0.00937	0.00918	0.00886	0.01128	0.01036	0.00691	0.07446	0.09683	0.02221	0.01929	0.25276	0.01970	0.01046	0.00550	0.00203	0.00433	0.07245	0.00467	0.00626
214	0.17577	0.01144	0.01194	0.01016	0.01336	0.01260	0.00804	0.21730	0.20605	0.06591	0.12306	0.04576	0.01904	0.04664	0.00667	0.00201	0.00476	0.00638	0.00535	0.00778
215	0.00730	0.00538	0.00683	0.00739	0.00829	0.00491	0.00519	0.00890	0.01293	0.01738	0.26680	0.44492	0.15187	0.01543	0.00704	0.00210	0.00306	0.01375	0.00562	0.00491
216	0.01520	0.01277	0.01348	0.01184	0.01525	0.01468	0.00929	0.12292	0.65885	0.02550	0.02204	0.02035	0.01646	0.00764	0.00581	0.00191	0.00476	0.00630	0.00581	0.00914
217	0.10323	0.00728	0.00914	0.00873	0.01082	0.00685	0.00655	0.01576	0.01271	0.27054	0.02592	0.42946	0.02628	0.01284	0.00639	0.00208	0.00401	0.02914	0.00572	0.00655
218	0.01015	0.00818	0.00941	0.00958	0.01132	0.00876	0.00720	0.01750	0.31118	0.01873	0.03016	0.33819	0.08688	0.01329	0.00673	0.00217	0.00400	0.09452	0.00551	0.00651
219	0.02413	0.01219	0.01480	0.01134	0.01583	0.01206	0.00937	0.30803	0.02049	0.48129	0.01911	0.01723	0.01243	0.00700	0.00574	0.00175	0.00543	0.00552	0.00655	0.00973
220	0.00858	0.00560	0.00684	0.00706	0.00809	0.00520	0.00495	0.01020	0.01258	0.04639	0.21815	0.29614	0.12481	0.10508	0.00916	0.00237	0.00335	0.01153	0.10893	0.00501
221	0.83938	0.01106	0.00841	0.00752	0.01106	0.01283	0.00619	0.01681	0.00973	0.02566	0.00796	0.00929	0.00619	0.00531	0.00354	0.00177	0.00442	0.00310	0.00354	0.00619
222	0.00717	0.00581	0.00636	0.00622	0.00798	0.00500	0.00467	0.00900	0.01400	0.01773	0.27163	0.05130	0.54587	0.01364	0.00676	0.00189	0.00284	0.01155	0.00561	0.00500
223	0.00817	0.00613	0.00919	0.00919	0.01021	0.00715	0.00715	0.01021	0.00919	0.01328	0.01532	0.02247	0.01430	0.04290	0.77631	0.00919	0.01532	0.00613	0.00306	0.00511
224	0.44983	0.01148	0.01051	0.00937	0.01273	0.01316	0.00747	0.05968	0.27762	0.03938	0.01503	0.04691	0.01190	0.00683	0.00467	0.00185	0.00452	0.00502	0.00461	0.00741
225	0.02119	0.01115	0.01345	0.01094	0.01494	0.01125	0.00883	0.08448	0.28568	0.43947	0.02214	0.01971	0.01502	0.00731	0.00577	0.00183	0.00485	0.00597	0.00651	0.00949
226	0.01296	0.01237	0.02106	0.30267	0.50510	0.01328	0.01696	0.01651	0.01246	0.01723	0.01055	0.01455	0.00855	0.00532	0.00568	0.00177	0.00709	0.00509	0.00273	0.00810
227	0.01761	0.01607	0.01581	0.01356	0.01582	0.20669	0.01087	0.07756	0.13524	0.12414	0.01305	0.01449	0.01022	0.00794	0.01036	0.00199	0.29193	0.00503	0.00406	0.00757
228	0.37858	0.01187	0.01108	0.00988	0.01329	0.01373	0.00785	0.04884	0.40016	0.02511	0.01620	0.01576	0.01222	0.00665	0.00481	0.00186	0.00454	0.00493	0.00481	0.00782
229	0.01655	0.01177	0.01300	0.01134	0.01482	0.01304	0.00892	0.02988	0.60333	0.17493	0.02314	0.02096	0.01679	0.00762	0.00581	0.00191	0.00460	0.00632	0.00608	0.00919
230	0.01201	0.01208	0.05970	0.44813	0.10649	0.01307	0.07164	0.01553	0.01172	0.04455	0.01249	0.01646	0.03957	0.00653	0.00746	0.00195	0.10536	0.00548	0.00288	0.00691
231	0.00759	0.00538	0.00695	0.00742	0.00807	0.00506	0.00506	0.00906	0.01247	0.01712	0.29720	0.40188	0.04113	0.13610	0.01046	0.00263	0.00343	0.01286	0.00539	0.00474
