[name]
unknown

[dist]
# distance from previous block
# <min> <max>
0	28

[block]
# block no. 0 follows, 41 sequences, length 32
# corresponding to MSA columns:
# 101-115,117-133
name=unknown_A
#
# <colnr> <probs for GDERKNQSTAVLIFYWHMCP>
#	G	D	E	R	K	N	Q	S	T	A	V	L	I	F	Y	W	H	M	C	P
0	0.10163	0.04068	0.09807	0.04255	0.26328	0.04066	0.05114	0.06955	0.01414	0.13765	0.01396	0.01821	0.01122	0.00651	0.00560	0.00180	0.00654	0.06464	0.00392	0.00824
1	0.10723	0.01038	0.01298	0.01039	0.01415	0.01030	0.00852	0.05348	0.07667	0.50828	0.05176	0.01881	0.01465	0.00737	0.00659	0.00184	0.06594	0.00565	0.00616	0.00885
2	0.01219	0.01223	0.02268	0.43505	0.18528	0.01334	0.20380	0.01617	0.01230	0.01641	0.01065	0.01507	0.00819	0.00536	0.00597	0.00187	0.00798	0.00552	0.00269	0.00726
3	0.01392	0.09468	0.33771	0.09706	0.10773	0.01410	0.01595	0.12360	0.01449	0.04315	0.03522	0.01382	0.00965	0.00577	0.00536	0.00169	0.00712	0.00464	0.00328	0.05106
4	0.00804	0.00588	0.00793	0.03633	0.00955	0.00630	0.00583	0.00929	0.00948	0.01295	0.02090	0.15701	0.05871	0.28019	0.33915	0.00623	0.00924	0.00879	0.00366	0.00453
5	0.19402	0.01025	0.01178	0.00955	0.01334	0.01021	0.00778	0.08330	0.07317	0.40367	0.07705	0.01891	0.01554	0.00709	0.00530	0.00176	0.00461	0.00554	0.03870	0.00842
6	0.01426	0.08063	0.12162	0.10448	0.07957	0.01355	0.29672	0.04677	0.01362	0.09572	0.01448	0.04205	0.03747	0.00613	0.00600	0.00182	0.00767	0.00615	0.00347	0.00781
7	0.16281	0.12094	0.11160	0.05964	0.27168	0.07308	0.01370	0.08848	0.01364	0.02029	0.00994	0.01209	0.00796	0.00541	0.00496	0.00166	0.00675	0.00426	0.00313	0.00798
8	0.01268	0.00662	0.00808	0.00732	0.00859	0.00622	0.00489	0.01341	0.01088	0.20704	0.03887	0.06156	0.05244	0.51327	0.02078	0.00421	0.00511	0.00816	0.00461	0.00523
9	0.00735	0.00543	0.00691	0.00763	0.00853	0.00499	0.00547	0.00891	0.01260	0.01671	0.19009	0.44892	0.16730	0.01584	0.00714	0.00217	0.00327	0.07036	0.00552	0.00489
10	0.01492	0.06612	0.11027	0.03329	0.30407	0.07388	0.04115	0.09388	0.06585	0.01976	0.01136	0.01355	0.00910	0.00574	0.00609	0.00167	0.04739	0.00478	0.00330	0.07382
11	0.00828	0.00569	0.00695	0.00695	0.00719	0.00593	0.00435	0.00877	0.00853	0.01162	0.01737	0.03384	0.01924	0.61750	0.20846	0.00642	0.00789	0.00779	0.00337	0.00386
12	0.00711	0.00544	0.00653	0.00704	0.00814	0.00486	0.00498	0.00860	0.01271	0.01651	0.18110	0.38536	0.30004	0.01549	0.00700	0.00208	0.00305	0.01362	0.00550	0.00486
13	0.01762	0.08345	0.02165	0.06360	0.04438	0.42061	0.17792	0.02007	0.01432	0.01511	0.00944	0.01196	0.00774	0.00582	0.00640	0.00166	0.06389	0.00455	0.00284	0.00697
14	0.01792	0.01831	0.12317	0.11774	0.17336	0.19763	0.01395	0.10117	0.01558	0.14796	0.01252	0.01394	0.00916	0.00596	0.00554	0.00170	0.00760	0.00475	0.00382	0.00823
15	0.01715	0.01374	0.01458	0.01223	0.01599	0.01559	0.00976	0.30771	0.47090	0.02864	0.01957	0.01839	0.01446	0.00741	0.00578	0.00185	0.00521	0.00596	0.00578	0.00932
16	0.78161	0.01100	0.00865	0.00759	0.01124	0.01247	0.00624	0.01665	0.00988	0.02517	0.00812	0.00947	0.00635	0.00523	0.00359	0.00171	0.00441	0.00312	0.00353	0.06399
17	0.02174	0.01602	0.01717	0.01316	0.01774	0.01774	0.01087	0.74423	0.02689	0.03605	0.01373	0.01373	0.00973	0.00687	0.00572	0.00172	0.00629	0.00515	0.00572	0.00973
18	0.01494	0.01410	0.01338	0.01026	0.01488	0.15036	0.00812	0.11425	0.01469	0.02013	0.01040	0.01183	0.00844	0.00490	0.00461	0.00108	0.00563	0.00368	0.00362	0.57072
19	0.00962	0.00615	0.00816	0.00792	0.00874	0.00651	0.00556	0.01074	0.00936	0.07196	0.01713	0.02909	0.01726	0.38636	0.37309	0.00693	0.01002	0.00710	0.00357	0.00472
20	0.01097	0.01027	0.01431	0.01302	0.01323	0.01361	0.01061	0.01230	0.00968	0.01428	0.01504	0.18945	0.01668	0.01232	0.01518	0.00248	0.53849	0.07889	0.00339	0.00581
21	0.02244	0.01317	0.01519	0.01183	0.01620	0.01373	0.00971	0.38712	0.10297	0.31878	0.01822	0.01680	0.01230	0.00705	0.00574	0.00176	0.00554	0.00553	0.00626	0.00966
22	0.00884	0.00568	0.00681	0.00653	0.00790	0.00535	0.00490	0.01147	0.01469	0.02204	0.48759	0.03654	0.07804	0.01024	0.00587	0.00166	0.00270	0.00884	0.26897	0.00535
23	0.01343	0.07869	0.02092	0.02530	0.43972	0.07226	0.07159	0.01627	0.01301	0.01742	0.04479	0.13220	0.01495	0.00732	0.00584	0.00176	0.00655	0.00685	0.00333	0.00780
24	0.01837	0.02224	0.19921	0.01561	0.02048	0.30897	0.11965	0.02171	0.01461	0.16043	0.01218	0.01332	0.00884	0.00599	0.00602	0.00171	0.03455	0.00470	0.00359	0.00781
25	0.00798	0.00595	0.00754	0.00817	0.00914	0.00577	0.00589	0.01077	0.07403	0.01747	0.19373	0.46377	0.08178	0.01533	0.00707	0.00218	0.00341	0.06922	0.00557	0.00524
26	0.01157	0.01210	0.07650	0.21574	0.10555	0.01139	0.11474	0.06131	0.06541	0.01890	0.10192	0.05422	0.11015	0.00797	0.00615	0.00188	0.00627	0.00726	0.00392	0.00705
27	0.01298	0.05334	0.32459	0.06141	0.22892	0.01360	0.05395	0.06825	0.04050	0.01914	0.01242	0.06266	0.01032	0.00627	0.00566	0.00180	0.00729	0.00550	0.00310	0.00830
28	0.00993	0.00863	0.01342	0.17999	0.18793	0.00930	0.01080	0.01279	0.02471	0.01610	0.07768	0.09821	0.09831	0.01780	0.20497	0.00377	0.00806	0.00762	0.00366	0.00629
29	0.00757	0.00556	0.00719	0.00833	0.00891	0.00540	0.00574	0.00970	0.06285	0.01536	0.03090	0.70967	0.03620	0.01712	0.00722	0.00231	0.00349	0.04616	0.00534	0.00498
30	0.01311	0.04900	0.26803	0.01806	0.19563	0.01291	0.01464	0.12306	0.06113	0.02051	0.01809	0.07885	0.08713	0.00758	0.00576	0.00181	0.00644	0.00640	0.00373	0.00811
31	0.04319	0.17084	0.09414	0.01533	0.12189	0.14823	0.01192	0.09167	0.06676	0.16296	0.01317	0.01364	0.00979	0.00598	0.00513	0.00161	0.00680	0.00453	0.00406	0.00835

[dist]
# distance from previous block
# <min> <max>
0	2

[block]
# block no. 1 follows, 41 sequences, length 7
# corresponding to MSA columns:
# 136-142
name=unknown_B
#
# <colnr> <probs for GDERKNQSTAVLIFYWHMCP>
#	G	D	E	R	K	N	Q	S	T	A	V	L	I	F	Y	W	H	M	C	P
0	0.01507	0.01374	0.01454	0.04307	0.08781	0.13229	0.01006	0.18879	0.01631	0.02160	0.09605	0.06500	0.03533	0.00798	0.00716	0.00172	0.09829	0.00614	0.04172	0.09732
1	0.54676	0.01228	0.01141	0.00935	0.01333	0.04177	0.04177	0.09598	0.01237	0.02487	0.00915	0.01052	0.00711	0.00531	0.00410	0.00161	0.00507	0.00356	0.00370	0.13996
2	0.00974	0.00592	0.00703	0.00695	0.00774	0.00559	0.00448	0.01037	0.01031	0.09472	0.02621	0.18792	0.11642	0.45933	0.01944	0.00404	0.00470	0.01008	0.00446	0.00455
3	0.01195	0.01174	0.05242	0.01706	0.19582	0.01101	0.09016	0.06230	0.15162	0.02018	0.09048	0.02885	0.21450	0.00876	0.00619	0.00185	0.00534	0.00780	0.00451	0.00748
4	0.01280	0.01413	0.05616	0.27133	0.06030	0.07642	0.11335	0.01581	0.01136	0.01529	0.00943	0.01367	0.00779	0.00690	0.00995	0.00202	0.25981	0.00507	0.00265	0.03577
5	0.00702	0.00528	0.00665	0.00753	0.00832	0.00491	0.00523	0.00822	0.01132	0.01470	0.03675	0.54312	0.21706	0.01921	0.07343	0.00282	0.00425	0.01434	0.00512	0.00473
6	0.04535	0.24601	0.04287	0.04106	0.13632	0.12889	0.09943	0.10306	0.04216	0.01857	0.01032	0.01226	0.00841	0.00565	0.00557	0.00161	0.03701	0.00445	0.00318	0.00781

[dist]
# distance from previous block
# <min> <max>
1	14

[block]
# block no. 2 follows, 41 sequences, length 12
# corresponding to MSA columns:
# 157-168
name=unknown_C
#
# <colnr> <probs for GDERKNQSTAVLIFYWHMCP>
#	G	D	E	R	K	N	Q	S	T	A	V	L	I	F	Y	W	H	M	C	P
0	0.06844	0.14889	0.12082	0.01755	0.18134	0.24229	0.01290	0.01879	0.02947	0.01711	0.06487	0.01382	0.01130	0.00601	0.00538	0.00160	0.02433	0.00451	0.00310	0.00746
1	0.00711	0.00520	0.00671	0.00777	0.00840	0.00480	0.00537	0.00834	0.01163	0.01534	0.08125	0.62751	0.12511	0.01702	0.00723	0.00226	0.00331	0.04555	0.00537	0.00474
2	0.01320	0.01833	0.21713	0.15167	0.15292	0.06996	0.14403	0.01855	0.07432	0.01756	0.01137	0.01424	0.00875	0.00584	0.00661	0.00186	0.05773	0.00516	0.00292	0.00785
3	0.01388	0.01325	0.01930	0.14829	0.43510	0.06200	0.01472	0.05282	0.04756	0.01857	0.01248	0.06132	0.01084	0.00617	0.00566	0.00171	0.00665	0.00563	0.00326	0.06077
4	0.51280	0.06661	0.01239	0.01009	0.01351	0.26946	0.00805	0.01886	0.01203	0.02098	0.00826	0.00963	0.00666	0.00548	0.00409	0.00164	0.00651	0.00329	0.00327	0.00641
5	0.30516	0.01812	0.21479	0.08289	0.04870	0.08765	0.09929	0.01830	0.04128	0.02034	0.01000	0.01205	0.00757	0.00547	0.00494	0.00179	0.00706	0.00427	0.00308	0.00725
6	0.26720	0.01144	0.01426	0.01776	0.27691	0.01218	0.01050	0.05249	0.09517	0.04376	0.01549	0.01684	0.05768	0.00634	0.00496	0.00173	0.00512	0.00512	0.07744	0.00763
7	0.00817	0.00613	0.00919	0.00919	0.01021	0.00715	0.00715	0.01021	0.00919	0.01328	0.01532	0.02247	0.01430	0.04290	0.77631	0.00919	0.01532	0.00613	0.00306	0.00511
8	0.00932	0.00679	0.00872	0.00829	0.00960	0.00723	0.00621	0.04748	0.05976	0.01832	0.26617	0.03088	0.02853	0.13594	0.29281	0.00504	0.00804	0.00780	0.03760	0.00545
9	0.00775	0.00553	0.00712	0.00755	0.00845	0.00517	0.00542	0.00954	0.01315	0.01805	0.31923	0.33129	0.08405	0.06750	0.00849	0.00231	0.00333	0.06561	0.02552	0.00494
10	0.01593	0.01044	0.01152	0.00988	0.01294	0.01123	0.00781	0.13985	0.30092	0.13779	0.06768	0.02119	0.01738	0.00750	0.00542	0.00172	0.00430	0.00612	0.20220	0.00815
11	0.01403	0.07245	0.01969	0.16577	0.31831	0.14583	0.04353	0.01674	0.01277	0.01598	0.01189	0.06342	0.01089	0.05639	0.00707	0.00196	0.00733	0.00566	0.00297	0.00732

[dist]
# distance from previous block
# <min> <max>
0	1

[block]
# block no. 3 follows, 41 sequences, length 15
# corresponding to MSA columns:
# 170-177,185-191
name=unknown_D
#
# <colnr> <probs for GDERKNQSTAVLIFYWHMCP>
#	G	D	E	R	K	N	Q	S	T	A	V	L	I	F	Y	W	H	M	C	P
0	0.06709	0.05321	0.01678	0.01386	0.01665	0.38831	0.06749	0.06596	0.01423	0.01632	0.01018	0.01299	0.00867	0.01212	0.12960	0.00287	0.08945	0.00448	0.00311	0.00664
1	0.22975	0.01199	0.01433	0.25310	0.02234	0.01353	0.01087	0.22301	0.01608	0.13393	0.01242	0.01390	0.00881	0.00614	0.00516	0.00180	0.00602	0.00469	0.00436	0.00776
2	0.01531	0.01502	0.01186	0.01087	0.01340	0.25033	0.00821	0.02288	0.31166	0.01946	0.01741	0.01886	0.01388	0.05489	0.00662	0.00188	0.00599	0.00545	0.18891	0.00713
3	0.00738	0.00585	0.00674	0.00721	0.00875	0.00521	0.00560	0.00907	0.01288	0.01599	0.07605	0.16689	0.46542	0.01517	0.00709	0.00214	0.00347	0.16881	0.00534	0.00492
4	0.01398	0.00683	0.00874	0.00839	0.01044	0.00640	0.00673	0.01624	0.01336	0.23095	0.02465	0.15481	0.02266	0.01080	0.00597	0.00193	0.00403	0.18229	0.26435	0.00646
5	0.14407	0.01071	0.01264	0.01007	0.01405	0.01058	0.00823	0.13351	0.06161	0.43777	0.08169	0.01917	0.01588	0.00722	0.00551	0.00177	0.00481	0.00570	0.00620	0.00880
6	0.00832	0.00555	0.00624	0.00624	0.00624	0.00555	0.00347	0.00832	0.00832	0.01109	0.01802	0.03743	0.02080	0.79898	0.02911	0.00555	0.00555	0.00832	0.00347	0.00347
7	0.01135	0.01040	0.01259	0.07848	0.10320	0.07733	0.00904	0.01372	0.04907	0.01571	0.14216	0.02621	0.02037	0.25600	0.01540	0.00307	0.13949	0.00694	0.00371	0.00575
8	0.00726	0.00574	0.00654	0.00649	0.00807	0.00502	0.00481	0.00913	0.01401	0.01810	0.31075	0.11338	0.44288	0.01376	0.00680	0.00192	0.00286	0.01180	0.00567	0.00502
9	0.83938	0.01106	0.00841	0.00752	0.01106	0.01283	0.00619	0.01681	0.00973	0.02566	0.00796	0.00929	0.00619	0.00531	0.00354	0.00177	0.00442	0.00310	0.00354	0.00619
10	0.01386	0.01708	0.19038	0.06433	0.42487	0.01348	0.04109	0.07901	0.01385	0.01981	0.01086	0.01360	0.00859	0.00529	0.00556	0.00169	0.00710	0.00485	0.00301	0.06169
11	0.01574	0.22432	0.06310	0.01716	0.15136	0.23818	0.04382	0.01811	0.01288	0.01504	0.00959	0.01224	0.00832	0.00890	0.07150	0.00223	0.07330	0.00425	0.00274	0.00724
12	0.00832	0.00555	0.00624	0.00624	0.00624	0.00555	0.00347	0.00832	0.00832	0.01109	0.01802	0.03743	0.02080	0.79898	0.02911	0.00555	0.00555	0.00832	0.00347	0.00347
13	0.01776	0.18834	0.01983	0.05523	0.12220	0.35387	0.01178	0.07511	0.03355	0.01666	0.01079	0.01410	0.00932	0.00617	0.00513	0.00156	0.00808	0.03996	0.00320	0.00734
14	0.05435	0.00963	0.07975	0.00877	0.01206	0.00724	0.00761	0.01479	0.01308	0.17500	0.05266	0.15326	0.21814	0.01068	0.00604	0.00181	0.00427	0.04132	0.00508	0.12447

[dist]
# distance from previous block
# <min> <max>
5	7

[block]
# block no. 4 follows, 41 sequences, length 55
# corresponding to MSA columns:
# 199-225,252-279
name=unknown_E
#
# <colnr> <probs for GDERKNQSTAVLIFYWHMCP>
#	G	D	E	R	K	N	Q	S	T	A	V	L	I	F	Y	W	H	M	C	P
0	0.00941	0.00778	0.00809	0.00833	0.00974	0.05336	0.00600	0.03126	0.10664	0.01734	0.06961	0.39278	0.17498	0.01386	0.00658	0.00204	0.00382	0.01210	0.06068	0.00558
1	0.00695	0.00564	0.00617	0.00638	0.00793	0.00486	0.00465	0.00845	0.01299	0.01613	0.13218	0.19819	0.53985	0.01484	0.00686	0.00199	0.00296	0.01269	0.00542	0.00486
2	0.01629	0.01163	0.01296	0.01072	0.01407	0.01247	0.00857	0.30261	0.18960	0.09343	0.19189	0.02521	0.06793	0.00867	0.00605	0.00180	0.00472	0.00713	0.00597	0.00827
3	0.12375	0.00787	0.00890	0.00764	0.01060	0.00724	0.00608	0.01698	0.01391	0.28731	0.07982	0.03272	0.28797	0.00980	0.00575	0.00179	0.00377	0.00796	0.07327	0.00684
4	0.40721	0.01216	0.01197	0.00980	0.01376	0.01330	0.00805	0.20823	0.06540	0.17878	0.01345	0.01332	0.00948	0.00624	0.00471	0.00177	0.00501	0.00439	0.00498	0.00802
5	0.01251	0.01251	0.01752	0.01502	0.01502	0.01752	0.01251	0.01377	0.00876	0.01377	0.00751	0.01251	0.00751	0.01001	0.01877	0.00250	0.78851	0.00501	0.00250	0.00626
6	0.01193	0.01001	0.01058	0.00958	0.01234	0.01084	0.00742	0.06986	0.41600	0.02203	0.09232	0.03299	0.25029	0.01010	0.00618	0.00191	0.00399	0.00843	0.00569	0.00750
7	0.01529	0.80242	0.02997	0.00979	0.01468	0.02263	0.00979	0.01713	0.01162	0.01346	0.00795	0.00918	0.00734	0.00489	0.00367	0.00122	0.00612	0.00306	0.00245	0.00734
8	0.02155	0.01593	0.01706	0.01312	0.01766	0.01765	0.01083	0.72600	0.04544	0.03574	0.01398	0.01393	0.00992	0.00689	0.00572	0.00172	0.00625	0.00518	0.00572	0.00971
9	0.01139	0.00828	0.00932	0.00725	0.01087	0.00673	0.00569	0.01398	0.01191	0.01969	0.01348	0.01555	0.01088	0.00518	0.00414	0.00104	0.00362	0.00415	0.32596	0.51088
10	0.01521	0.00726	0.00825	0.00721	0.00957	0.00708	0.00567	0.05417	0.04163	0.21429	0.01959	0.02047	0.01439	0.00682	0.00460	0.00149	0.00348	0.00547	0.54653	0.00682
11	0.00697	0.00498	0.00664	0.00796	0.00830	0.00465	0.00531	0.00796	0.01095	0.01460	0.03153	0.79525	0.03783	0.01792	0.00730	0.00232	0.00332	0.01626	0.00531	0.00465
12	0.01310	0.01252	0.02131	0.27054	0.53610	0.01331	0.01703	0.01663	0.01253	0.01741	0.01057	0.01450	0.00861	0.00529	0.00568	0.00176	0.00706	0.00509	0.00274	0.00821
13	0.00696	0.00541	0.00633	0.00694	0.00806	0.00478	0.00488	0.00828	0.01227	0.01560	0.09743	0.40812	0.36268	0.01592	0.00702	0.00211	0.00308	0.01395	0.00538	0.00478
14	0.01569	0.10685	0.10786	0.25533	0.02477	0.01589	0.01338	0.28272	0.08112	0.02352	0.01235	0.01414	0.00916	0.00618	0.00546	0.00175	0.00680	0.00489	0.00396	0.00818
15	0.01119	0.00922	0.01106	0.00855	0.01245	0.00767	0.00668	0.03518	0.01153	0.01755	0.01188	0.01603	0.01062	0.07961	0.14545	0.00278	0.00641	0.00436	0.00341	0.58839
16	0.01927	0.02250	0.01773	0.07033	0.16631	0.51240	0.01264	0.08014	0.01613	0.01677	0.00971	0.01168	0.00791	0.00580	0.00534	0.00157	0.00911	0.00418	0.00312	0.00734
17	0.01907	0.01762	0.01418	0.01211	0.01512	0.31025	0.00950	0.22354	0.01792	0.07221	0.01303	0.01424	0.00996	0.00665	0.00595	0.00160	0.05474	0.00465	0.17025	0.00743
18	0.01585	0.01866	0.07627	0.03016	0.08952	0.30768	0.01136	0.08915	0.01471	0.01696	0.01659	0.01925	0.10807	0.06071	0.00870	0.00201	0.09849	0.00561	0.00345	0.00682
19	0.01277	0.00926	0.01070	0.00950	0.01199	0.00970	0.00739	0.12127	0.21783	0.07405	0.31333	0.08219	0.06364	0.01023	0.00634	0.00188	0.00395	0.02075	0.00601	0.00722
20	0.01182	0.01187	0.06279	0.01341	0.12111	0.07808	0.00948	0.04091	0.10734	0.01971	0.18259	0.07413	0.11801	0.00938	0.00662	0.00182	0.04426	0.00781	0.07209	0.00677
21	0.01688	0.01721	0.06572	0.05734	0.41400	0.17631	0.01509	0.07199	0.01486	0.07951	0.01147	0.01366	0.00899	0.00560	0.00555	0.00167	0.00749	0.00480	0.00337	0.00849
22	0.01499	0.08702	0.25614	0.02044	0.23808	0.01553	0.01609	0.18132	0.01539	0.02157	0.01077	0.01285	0.00837	0.00598	0.00650	0.00176	0.07061	0.00465	0.00329	0.00864
23	0.43042	0.01252	0.01569	0.01773	0.24163	0.03253	0.07338	0.01822	0.01176	0.08282	0.01033	0.01215	0.00796	0.00536	0.00468	0.00175	0.00578	0.00425	0.00354	0.00749
24	0.00751	0.00567	0.00676	0.00696	0.00795	0.00544	0.00486	0.00869	0.01097	0.01419	0.06947	0.16363	0.28761	0.21447	0.15602	0.00424	0.00593	0.01063	0.00448	0.00454
25	0.01710	0.04596	0.01813	0.01481	0.01773	0.32689	0.09474	0.08302	0.11219	0.01760	0.01163	0.01371	0.00950	0.00899	0.05466	0.00224	0.13554	0.00487	0.00348	0.00721
26	0.01281	0.01420	0.03045	0.02221	0.02737	0.01334	0.64836	0.01726	0.01332	0.01801	0.01404	0.06628	0.01208	0.00636	0.00686	0.00200	0.00896	0.05552	0.00320	0.00736
27	0.06605	0.00641	0.00786	0.00789	0.00948	0.00594	0.00575	0.01226	0.01273	0.14175	0.12343	0.41136	0.13926	0.01399	0.00664	0.00207	0.00351	0.01228	0.00561	0.00572
28	0.11438	0.01967	0.01496	0.01274	0.01620	0.35642	0.00997	0.27744	0.01926	0.02390	0.07149	0.01404	0.01185	0.00664	0.00530	0.00162	0.00759	0.00468	0.00427	0.00758
29	0.00984	0.00682	0.00859	0.00776	0.00950	0.00650	0.00593	0.07093	0.01699	0.05203	0.65469	0.03979	0.06600	0.01119	0.00663	0.00179	0.00308	0.00979	0.00626	0.00590
30	0.01275	0.02177	0.44626	0.01451	0.02069	0.01274	0.06026	0.11372	0.07461	0.02091	0.01420	0.07751	0.01152	0.00688	0.00563	0.00182	0.00708	0.00574	0.06330	0.00809
31	0.01197	0.00789	0.00812	0.00765	0.00968	0.00860	0.00585	0.01959	0.28406	0.02228	0.02036	0.02133	0.01569	0.00707	0.00467	0.00156	0.00335	0.00575	0.52785	0.00670
32	0.00817	0.00613	0.00919	0.00919	0.01021	0.00715	0.00715	0.01021	0.00919	0.01328	0.01532	0.02247	0.01430	0.04290	0.77631	0.00919	0.01532	0.00613	0.00306	0.00511
33	0.77239	0.01116	0.00877	0.00786	0.01137	0.01294	0.00643	0.01792	0.07008	0.02552	0.00921	0.01027	0.00711	0.00551	0.00372	0.00178	0.00443	0.00337	0.00372	0.00643
34	0.45441	0.01308	0.01234	0.01003	0.01405	0.01468	0.00827	0.32375	0.01729	0.06703	0.01112	0.01167	0.00808	0.00605	0.00457	0.00175	0.00523	0.00409	0.00464	0.00786
35	0.83938	0.01106	0.00841	0.00752	0.01106	0.01283	0.00619	0.01681	0.00973	0.02566	0.00796	0.00929	0.00619	0.00531	0.00354	0.00177	0.00442	0.00310	0.00354	0.00619
36	0.00707	0.00508	0.00673	0.00802	0.00845	0.00475	0.00547	0.00816	0.01112	0.01475	0.03230	0.73665	0.06042	0.01771	0.00731	0.00233	0.00340	0.05028	0.00531	0.00468
37	0.00994	0.00497	0.00745	0.00745	0.00745	0.00497	0.00497	0.00745	0.00745	0.00994	0.00994	0.01739	0.00994	0.01987	0.02235	0.83358	0.00497	0.00497	0.00248	0.00248
38	0.01356	0.01428	0.01717	0.01486	0.01526	0.11490	0.01221	0.01486	0.00973	0.01379	0.00785	0.01244	0.00763	0.01018	0.03313	0.00251	0.67193	0.00486	0.00257	0.00628
39	0.01423	0.01229	0.01293	0.01164	0.01487	0.01423	0.00905	0.03039	0.75297	0.02393	0.02328	0.02134	0.01746	0.00776	0.00582	0.00194	0.00453	0.00647	0.00582	0.00905
40	0.00994	0.00497	0.00745	0.00745	0.00745	0.00497	0.00497	0.00745	0.00745	0.00994	0.00994	0.01739	0.00994	0.01987	0.02235	0.83358	0.00497	0.00497	0.00248	0.00248
41	0.00814	0.00555	0.00664	0.00696	0.00720	0.00546	0.00438	0.00869	0.00966	0.01293	0.06669	0.17479	0.02684	0.54797	0.02213	0.00451	0.00495	0.06844	0.00411	0.00394
42	0.01529	0.80242	0.02997	0.00979	0.01468	0.02263	0.00979	0.01713	0.01162	0.01346	0.00795	0.00918	0.00734	0.00489	0.00367	0.00122	0.00612	0.00306	0.00245	0.00734
43	0.01080	0.01017	0.01716	0.78523	0.03940	0.01271	0.01589	0.01461	0.01144	0.01461	0.01017	0.01525	0.00762	0.00572	0.00572	0.00191	0.00762	0.00508	0.00254	0.00635
44	0.43851	0.17191	0.04114	0.00971	0.01395	0.01606	0.00861	0.20094	0.01454	0.02558	0.00950	0.01049	0.00735	0.00562	0.00418	0.00165	0.00538	0.00365	0.00383	0.00740
45	0.00697	0.00498	0.00664	0.00796	0.00830	0.00465	0.00531	0.00796	0.01095	0.01460	0.03153	0.79525	0.03783	0.01792	0.00730	0.00232	0.00332	0.01626	0.00531	0.00465
46	0.83938	0.01106	0.00841	0.00752	0.01106	0.01283	0.00619	0.01681	0.00973	0.02566	0.00796	0.00929	0.00619	0.00531	0.00354	0.00177	0.00442	0.00310	0.00354	0.00619
47	0.00736	0.00542	0.00680	0.00749	0.00835	0.00500	0.00529	0.00878	0.01224	0.01616	0.16215	0.43121	0.17414	0.06368	0.00847	0.00238	0.00340	0.06152	0.00537	0.00478
48	0.02413	0.01219	0.01479	0.01134	0.01582	0.01205	0.00937	0.30717	0.02047	0.48217	0.01912	0.01723	0.01243	0.00700	0.00574	0.00175	0.00542	0.00552	0.00655	0.00973
49	0.83938	0.01106	0.00841	0.00752	0.01106	0.01283	0.00619	0.01681	0.00973	0.02566	0.00796	0.00929	0.00619	0.00531	0.00354	0.00177	0.00442	0.00310	0.00354	0.00619
50	0.01332	0.01372	0.02628	0.16013	0.35256	0.01378	0.29992	0.01735	0.01294	0.01784	0.01097	0.01484	0.00866	0.00510	0.00610	0.00182	0.00805	0.00574	0.00281	0.00807
51	0.00927	0.00611	0.00802	0.00740	0.00895	0.00560	0.00560	0.01194	0.01620	0.07289	0.71078	0.04117	0.05130	0.01138	0.00668	0.00180	0.00284	0.01004	0.00635	0.00569
52	0.00814	0.00615	0.00757	0.00731	0.00877	0.00577	0.00544	0.01129	0.06010	0.02097	0.53028	0.11504	0.16672	0.01251	0.00674	0.00188	0.00290	0.01096	0.00601	0.00545
53	0.00891	0.07119	0.01009	0.00834	0.00979	0.00777	0.00643	0.01168	0.04951	0.01746	0.29499	0.11078	0.03149	0.06123	0.26952	0.00452	0.00757	0.00864	0.00461	0.00547
54	0.01413	0.01383	0.02057	0.14052	0.53058	0.07543	0.01584	0.01804	0.05019	0.01807	0.01144	0.01464	0.00935	0.00545	0.00557	0.00171	0.00693	0.00506	0.03433	0.00833

[dist]
# distance from previous block
# <min> <max>
0	23

[block]
# block no. 5 follows, 41 sequences, length 30
# corresponding to MSA columns:
# 303-332
name=unknown_F
#
# <colnr> <probs for GDERKNQSTAVLIFYWHMCP>
#	G	D	E	R	K	N	Q	S	T	A	V	L	I	F	Y	W	H	M	C	P
0	0.06545	0.01276	0.01727	0.05114	0.37041	0.06995	0.01275	0.05152	0.04086	0.11575	0.01684	0.08378	0.05224	0.00723	0.00572	0.00178	0.00609	0.00633	0.00401	0.00811
1	0.00771	0.00509	0.00645	0.00744	0.00801	0.00481	0.00507	0.00910	0.01142	0.01629	0.06808	0.61236	0.03442	0.01551	0.00666	0.00211	0.00317	0.01393	0.15755	0.00481
2	0.01280	0.01638	0.23971	0.07057	0.01770	0.09239	0.01199	0.01716	0.05597	0.09805	0.17674	0.06543	0.08409	0.00858	0.00597	0.00182	0.00602	0.00713	0.00440	0.00711
3	0.01214	0.05864	0.71300	0.01583	0.02399	0.01346	0.02023	0.01844	0.01222	0.04554	0.01063	0.01224	0.00750	0.00547	0.00538	0.00179	0.00823	0.00424	0.00259	0.00846
4	0.01270	0.01195	0.02023	0.21421	0.50633	0.01268	0.01602	0.01605	0.01223	0.01711	0.01111	0.01532	0.00928	0.00933	0.08900	0.00256	0.00792	0.00520	0.00279	0.00798
5	0.00707	0.00516	0.00668	0.00786	0.00842	0.00477	0.00541	0.00820	0.01130	0.01483	0.03444	0.67284	0.11902	0.01742	0.00727	0.00230	0.00338	0.05364	0.00531	0.00470
6	0.00720	0.00577	0.00644	0.00636	0.00802	0.00500	0.00473	0.00903	0.01396	0.01784	0.28432	0.08794	0.49573	0.01375	0.00678	0.00191	0.00285	0.01172	0.00563	0.00500
7	0.01290	0.01358	0.02335	0.28435	0.10938	0.05485	0.25736	0.01647	0.01212	0.01612	0.01020	0.01448	0.00810	0.00606	0.00815	0.00197	0.13520	0.00555	0.00271	0.00710
8	0.00705	0.00578	0.00621	0.00617	0.00792	0.00494	0.00460	0.00874	0.01362	0.01700	0.20470	0.07943	0.58593	0.01402	0.00678	0.00192	0.00287	0.01186	0.00552	0.00494
9	0.01849	0.10069	0.02097	0.07592	0.10120	0.28545	0.13049	0.05946	0.01517	0.12128	0.01167	0.01328	0.00885	0.00573	0.00547	0.00163	0.00821	0.00474	0.00357	0.00772
10	0.01295	0.01544	0.13415	0.27071	0.39240	0.04196	0.01732	0.01690	0.01249	0.01712	0.01042	0.01405	0.00826	0.00538	0.00563	0.00177	0.00744	0.00491	0.00268	0.00801
11	0.01515	0.01212	0.01363	0.01003	0.01495	0.01099	0.00814	0.25756	0.01687	0.02444	0.01135	0.01248	0.00889	0.00511	0.00473	0.00114	0.00492	0.00398	0.00417	0.55934
12	0.00716	0.00551	0.00655	0.00692	0.00813	0.00490	0.00495	0.00874	0.01304	0.01694	0.21735	0.32097	0.32815	0.01506	0.00695	0.00204	0.00300	0.01318	0.00555	0.00490
13	0.00794	0.00544	0.00623	0.00656	0.00755	0.00505	0.00454	0.00939	0.01184	0.01642	0.11478	0.25876	0.21709	0.13929	0.00998	0.00250	0.00338	0.01125	0.15731	0.00471
14	0.00973	0.00611	0.00751	0.00721	0.00843	0.00579	0.00506	0.01102	0.01179	0.09630	0.15791	0.10354	0.16680	0.27790	0.09627	0.00390	0.00532	0.00956	0.00482	0.00502
15	0.00716	0.00536	0.00665	0.00728	0.00821	0.00485	0.00510	0.00863	0.01258	0.01660	0.19481	0.45720	0.21318	0.01576	0.00705	0.00212	0.00308	0.01399	0.00552	0.00485
16	0.01186	0.01017	0.01186	0.00847	0.01356	0.00762	0.00678	0.01440	0.01186	0.01864	0.01017	0.01186	0.00847	0.00424	0.00424	0.00085	0.00424	0.00339	0.00339	0.83395
17	0.02149	0.02352	0.01653	0.01421	0.01770	0.52338	0.01099	0.26319	0.01977	0.02135	0.01047	0.01145	0.00815	0.00622	0.00535	0.00155	0.00898	0.00417	0.00387	0.00766
18	0.00697	0.00498	0.00664	0.00796	0.00830	0.00465	0.00531	0.00796	0.01095	0.01460	0.03153	0.79525	0.03783	0.01792	0.00730	0.00232	0.00332	0.01626	0.00531	0.00465
19	0.02533	0.01027	0.01361	0.01043	0.01487	0.00921	0.00862	0.08938	0.01727	0.70448	0.02181	0.01898	0.01378	0.00706	0.00575	0.00177	0.00499	0.00570	0.00696	0.00973
20	0.00687	0.00580	0.00595	0.00591	0.00780	0.00488	0.00444	0.00843	0.01331	0.01609	0.11824	0.05399	0.70028	0.01425	0.00676	0.00192	0.00288	0.01192	0.00540	0.00488
21	0.01251	0.01251	0.01752	0.01502	0.01502	0.01752	0.01251	0.01377	0.00876	0.01377	0.00751	0.01251	0.00751	0.01001	0.01877	0.00250	0.78851	0.00501	0.00250	0.00626
22	0.00697	0.00498	0.00664	0.00796	0.00830	0.00465	0.00531	0.00796	0.01095	0.01460	0.03153	0.79525	0.03783	0.01792	0.00730	0.00232	0.00332	0.01626	0.00531	0.00465
23	0.01344	0.01481	0.03062	0.06333	0.02878	0.01435	0.62449	0.01943	0.09334	0.01873	0.01276	0.01606	0.00957	0.00519	0.00659	0.00193	0.00898	0.00663	0.00319	0.00779
24	0.01709	0.01763	0.01506	0.01385	0.04230	0.28385	0.01039	0.12564	0.22872	0.02019	0.01536	0.07419	0.01301	0.00789	0.00702	0.00182	0.08817	0.00584	0.00430	0.00767
25	0.08056	0.01224	0.01579	0.31058	0.02503	0.01373	0.01201	0.27723	0.01771	0.15921	0.01351	0.01502	0.00945	0.00634	0.00556	0.00180	0.00641	0.00508	0.00457	0.00816
26	0.01433	0.09135	0.26330	0.01427	0.01974	0.01423	0.09560	0.02359	0.29634	0.08425	0.01624	0.01637	0.01192	0.00635	0.00559	0.00182	0.00656	0.00539	0.00418	0.00861
27	0.01125	0.02312	0.51873	0.27249	0.02963	0.01309	0.01938	0.01695	0.01186	0.01695	0.01023	0.01313	0.00737	0.00553	0.00553	0.00184	0.00818	0.00451	0.00246	0.00775
28	0.00940	0.00795	0.01168	0.28539	0.02009	0.00926	0.00984	0.01162	0.01071	0.01407	0.02042	0.03058	0.10976	0.16253	0.12358	0.00378	0.06704	0.08353	0.00343	0.00531
29	0.01625	0.14965	0.33378	0.01532	0.07666	0.04504	0.01522	0.15643	0.01553	0.10607	0.01193	0.01285	0.00866	0.00580	0.00524	0.00167	0.00720	0.00443	0.00363	0.00863

[dist]
# distance from previous block
# <min> <max>
0	1

[block]
# block no. 6 follows, 41 sequences, length 23
# corresponding to MSA columns:
# 334-339,363-379
name=unknown_G
#
# <colnr> <probs for GDERKNQSTAVLIFYWHMCP>
#	G	D	E	R	K	N	Q	S	T	A	V	L	I	F	Y	W	H	M	C	P
0	0.02157	0.01439	0.01535	0.01206	0.01622	0.06561	0.00983	0.44838	0.03704	0.21720	0.06977	0.01719	0.01403	0.00722	0.00577	0.00172	0.00591	0.00560	0.00592	0.00919
1	0.00801	0.00565	0.00698	0.00709	0.00778	0.00533	0.00468	0.00919	0.01153	0.01588	0.24147	0.25136	0.03495	0.31518	0.01539	0.00335	0.00402	0.01096	0.00482	0.03636
2	0.01446	0.01378	0.02000	0.02780	0.53451	0.06504	0.01483	0.05617	0.07887	0.02014	0.08520	0.01729	0.01411	0.00612	0.00575	0.00172	0.00641	0.00564	0.00359	0.00857
3	0.00729	0.00558	0.00668	0.00700	0.00812	0.00515	0.00498	0.00872	0.01210	0.01570	0.14515	0.26327	0.31031	0.08634	0.08415	0.00305	0.00444	0.01213	0.00507	0.00477
4	0.01993	0.21109	0.01947	0.01356	0.01697	0.59735	0.01075	0.02149	0.01512	0.01387	0.00863	0.01004	0.00736	0.00566	0.00480	0.00141	0.00932	0.00354	0.00283	0.00680
5	0.01115	0.00992	0.01628	0.10780	0.35798	0.01054	0.01268	0.01389	0.01126	0.01591	0.01358	0.05851	0.01258	0.04318	0.27450	0.00448	0.00963	0.00613	0.00303	0.00698
6	0.01198	0.10068	0.64702	0.01626	0.02419	0.01424	0.07238	0.01804	0.01214	0.01769	0.01014	0.01205	0.00736	0.00534	0.00537	0.00177	0.00832	0.00430	0.00245	0.00830
7	0.01700	0.04880	0.03976	0.01885	0.21792	0.29608	0.01218	0.05904	0.12246	0.03448	0.01358	0.01567	0.02724	0.04456	0.00658	0.00183	0.00757	0.00500	0.00361	0.00776
8	0.01251	0.01251	0.01752	0.01502	0.01502	0.01752	0.01251	0.01377	0.00876	0.01377	0.00751	0.01251	0.00751	0.01001	0.01877	0.00250	0.78851	0.00501	0.00250	0.00626
9	0.00695	0.00504	0.00658	0.00781	0.00826	0.00466	0.00524	0.00798	0.01110	0.01466	0.03340	0.74281	0.08906	0.01768	0.00726	0.00230	0.00329	0.01596	0.00531	0.00466
10	0.01358	0.01383	0.02606	0.11181	0.44255	0.01379	0.25779	0.01749	0.01301	0.01813	0.01097	0.01470	0.00878	0.00507	0.00603	0.00180	0.00783	0.00564	0.00282	0.00832
11	0.10050	0.01026	0.01149	0.00837	0.01329	0.00818	0.00672	0.01466	0.01163	0.01939	0.00993	0.01159	0.00823	0.00435	0.00416	0.00095	0.00426	0.00336	0.00340	0.74528
12	0.00700	0.00576	0.00615	0.00615	0.00790	0.00492	0.00458	0.00863	0.01346	0.01668	0.17571	0.09265	0.60223	0.01420	0.00679	0.00193	0.00289	0.01200	0.00548	0.00492
13	0.00711	0.00550	0.00650	0.00703	0.00822	0.00490	0.00506	0.00858	0.01260	0.01611	0.13353	0.35136	0.35359	0.01557	0.00702	0.00210	0.00314	0.04183	0.00543	0.00484
14	0.02011	0.01410	0.01514	0.01181	0.01586	0.01543	0.00969	0.60273	0.02415	0.05920	0.01483	0.01514	0.01067	0.00684	0.00545	0.00166	0.00567	0.00520	0.13729	0.00903
15	0.01427	0.01199	0.01348	0.01346	0.08752	0.01356	0.00953	0.06190	0.58105	0.02377	0.02119	0.02027	0.01602	0.00736	0.00564	0.00185	0.00467	0.00617	0.07754	0.00876
16	0.01295	0.01657	0.26743	0.01283	0.01757	0.01140	0.05042	0.02093	0.23546	0.09239	0.11245	0.08844	0.01967	0.00815	0.00598	0.00190	0.00581	0.00701	0.00466	0.00800
17	0.01063	0.08410	0.00995	0.00808	0.00981	0.00747	0.00611	0.01300	0.04859	0.10044	0.13994	0.36272	0.09192	0.01290	0.00633	0.00195	0.00365	0.01129	0.06525	0.00587
18	0.00995	0.00723	0.00941	0.00887	0.00999	0.00800	0.00661	0.01295	0.08354	0.05203	0.16630	0.05791	0.02432	0.19915	0.24516	0.00498	0.07606	0.00777	0.00430	0.00548
19	0.01489	0.22160	0.13441	0.05956	0.07242	0.16397	0.04833	0.01794	0.02855	0.01523	0.00922	0.01177	0.00779	0.00632	0.00770	0.00174	0.16436	0.00426	0.00268	0.00728
20	0.01571	0.09467	0.08370	0.02110	0.14854	0.10831	0.28528	0.11964	0.01522	0.01973	0.01086	0.01342	0.00846	0.00545	0.00609	0.00174	0.02553	0.00528	0.00319	0.00808
21	0.01012	0.03749	0.01068	0.01145	0.08384	0.00810	0.00757	0.11198	0.01355	0.01807	0.02686	0.53024	0.05121	0.01445	0.00679	0.00214	0.00424	0.04029	0.00502	0.00592
22	0.05125	0.01170	0.00980	0.00965	0.01139	0.20346	0.00721	0.01390	0.04251	0.01640	0.11134	0.20108	0.13260	0.02779	0.08200	0.00269	0.00640	0.04878	0.00450	0.00558

[dist]
# distance from previous block
# <min> <max>
3	89

[block]
# block no. 7 follows, 41 sequences, length 9
# corresponding to MSA columns:
# 472-480
name=unknown_H
#
# <colnr> <probs for GDERKNQSTAVLIFYWHMCP>
#	G	D	E	R	K	N	Q	S	T	A	V	L	I	F	Y	W	H	M	C	P
0	0.01736	0.01217	0.01386	0.01075	0.01488	0.01227	0.00874	0.28164	0.07934	0.12211	0.01465	0.01504	0.01082	0.00632	0.00582	0.00149	0.04458	0.00481	0.06613	0.25721
1	0.01537	0.01382	0.07893	0.10363	0.15620	0.01266	0.01225	0.22380	0.01638	0.05733	0.01218	0.01420	0.00935	0.00784	0.05108	0.00199	0.00672	0.00474	0.00393	0.19763
2	0.01423	0.01214	0.07363	0.00975	0.01479	0.00920	0.00851	0.09878	0.01428	0.10060	0.04979	0.01446	0.01142	0.00531	0.00479	0.00117	0.00480	0.00426	0.00412	0.54396
3	0.00695	0.00506	0.00655	0.00774	0.00824	0.00466	0.00521	0.00799	0.01117	0.01469	0.03424	0.71910	0.11223	0.01757	0.00725	0.00228	0.00328	0.01583	0.00531	0.00466
4	0.00765	0.00615	0.00947	0.00952	0.01056	0.00571	0.08383	0.00909	0.01138	0.01506	0.03135	0.65730	0.08827	0.01627	0.00720	0.00225	0.00396	0.01494	0.00505	0.00499
5	0.01566	0.07012	0.04916	0.01586	0.11624	0.07420	0.08883	0.10528	0.03389	0.12604	0.01392	0.01649	0.01100	0.01530	0.19931	0.00359	0.02814	0.00537	0.00389	0.00769
6	0.00963	0.00938	0.09536	0.01106	0.07159	0.00753	0.00822	0.01240	0.05385	0.04410	0.06038	0.27207	0.05118	0.17357	0.09026	0.00348	0.00595	0.00994	0.00433	0.00574
7	0.00708	0.00542	0.00650	0.00705	0.00813	0.00484	0.00498	0.00853	0.01258	0.01631	0.16326	0.40151	0.30194	0.01563	0.00701	0.00209	0.00306	0.01375	0.00548	0.00484
8	0.02039	0.01055	0.01350	0.01250	0.09347	0.01030	0.00901	0.15700	0.04291	0.38075	0.01893	0.01826	0.01301	0.00677	0.00540	0.00167	0.00490	0.00551	0.16639	0.00878

[dist]
# distance from previous block
# <min> <max>
0	23

[block]
# block no. 8 follows, 41 sequences, length 56
# corresponding to MSA columns:
# 504-559
name=unknown_I
#
# <colnr> <probs for GDERKNQSTAVLIFYWHMCP>
#	G	D	E	R	K	N	Q	S	T	A	V	L	I	F	Y	W	H	M	C	P
0	0.05091	0.07200	0.08529	0.10330	0.40740	0.07452	0.05510	0.05174	0.01347	0.01858	0.01037	0.01327	0.00839	0.00531	0.00544	0.00169	0.00728	0.00477	0.00292	0.00825
1	0.01239	0.02706	0.61106	0.01841	0.08896	0.05489	0.07169	0.01834	0.01248	0.01796	0.01032	0.01240	0.00751	0.00539	0.00553	0.00179	0.00850	0.00445	0.00251	0.00835
2	0.00757	0.00572	0.00709	0.00801	0.00887	0.00546	0.00563	0.00981	0.06430	0.01554	0.03516	0.58007	0.15361	0.01652	0.00714	0.00225	0.00344	0.05343	0.00534	0.00502
3	0.19695	0.03853	0.09439	0.05918	0.13196	0.26229	0.10282	0.01910	0.01318	0.01824	0.00947	0.01172	0.00753	0.00543	0.00510	0.00168	0.00797	0.00426	0.00296	0.00722
4	0.00932	0.00556	0.00644	0.00645	0.00774	0.00536	0.00486	0.01183	0.01345	0.02097	0.27405	0.08723	0.05512	0.00993	0.00547	0.00165	0.00287	0.04718	0.41923	0.00528
5	0.01403	0.04981	0.11534	0.02475	0.30238	0.02545	0.23539	0.04232	0.04603	0.03327	0.01222	0.03698	0.00992	0.00573	0.00616	0.00180	0.02116	0.00578	0.00316	0.00833
6	0.01243	0.01926	0.32119	0.01255	0.01771	0.09362	0.01324	0.01642	0.01309	0.04088	0.13472	0.01841	0.03800	0.00691	0.00634	0.00164	0.05926	0.00534	0.00353	0.16545
7	0.04956	0.13885	0.35590	0.01679	0.07710	0.08137	0.10417	0.04242	0.01314	0.03875	0.01074	0.01321	0.00830	0.00558	0.00531	0.00171	0.00789	0.01831	0.00290	0.00800
8	0.01535	0.60051	0.11221	0.01108	0.01612	0.08981	0.01116	0.01848	0.05242	0.01461	0.00913	0.01027	0.00788	0.00520	0.00412	0.00135	0.00668	0.00343	0.00267	0.00750
9	0.00696	0.00569	0.00615	0.00626	0.00791	0.00488	0.00461	0.00851	0.01317	0.01631	0.14587	0.15074	0.57392	0.01457	0.00683	0.00197	0.00293	0.01240	0.00544	0.00488
10	0.00877	0.00634	0.00801	0.00813	0.00926	0.00615	0.00585	0.07626	0.01454	0.01995	0.32644	0.41778	0.04184	0.01438	0.00693	0.00205	0.00334	0.01284	0.00575	0.00541
11	0.01633	0.53710	0.10854	0.01139	0.01649	0.07163	0.01130	0.13575	0.01446	0.01768	0.00921	0.01031	0.00772	0.00534	0.00430	0.00139	0.00669	0.00357	0.00301	0.00780
12	0.00862	0.00556	0.00688	0.00698	0.00723	0.00559	0.00447	0.00853	0.00876	0.01164	0.01886	0.03511	0.05166	0.50065	0.07853	0.16917	0.00599	0.05874	0.00345	0.00358
13	0.01371	0.48240	0.33614	0.01249	0.01885	0.01876	0.01449	0.01754	0.01181	0.01539	0.00891	0.01038	0.00730	0.00512	0.00440	0.00147	0.00708	0.00354	0.00243	0.00780
14	0.00704	0.00501	0.00662	0.00787	0.00818	0.00469	0.00521	0.00798	0.01081	0.01441	0.03079	0.75402	0.03690	0.06041	0.00849	0.00250	0.00344	0.01583	0.00521	0.00458
15	0.01050	0.00535	0.00539	0.00539	0.00664	0.00535	0.00396	0.01299	0.01175	0.02063	0.01862	0.02241	0.01507	0.06012	0.00569	0.00162	0.00286	0.00553	0.77492	0.00521
16	0.00697	0.00498	0.00664	0.00796	0.00830	0.00465	0.00531	0.00796	0.01095	0.01460	0.03153	0.79525	0.03783	0.01792	0.00730	0.00232	0.00332	0.01626	0.00531	0.00465
17	0.00909	0.00652	0.00904	0.01021	0.01154	0.00647	0.00886	0.01170	0.01337	0.01748	0.08012	0.06285	0.04972	0.01550	0.00780	0.00256	0.00504	0.66154	0.00534	0.00527
18	0.01498	0.73974	0.08995	0.01032	0.01550	0.02187	0.01071	0.01721	0.01166	0.01384	0.00814	0.00941	0.00733	0.00494	0.00381	0.00127	0.00631	0.00315	0.00244	0.00743
19	0.01918	0.01390	0.01413	0.01163	0.01529	0.10006	0.00929	0.26774	0.17546	0.18159	0.11286	0.01987	0.01769	0.00761	0.00582	0.00176	0.00562	0.00605	0.00578	0.00868
20	0.01558	0.01529	0.01638	0.01371	0.01676	0.20316	0.11770	0.02197	0.22494	0.07260	0.13630	0.02031	0.01850	0.00764	0.00702	0.00183	0.07200	0.00627	0.00456	0.00747
21	0.01342	0.10337	0.15156	0.01442	0.10581	0.01157	0.06522	0.01686	0.01241	0.06389	0.01087	0.01260	0.00856	0.00484	0.00483	0.00130	0.00594	0.00410	0.00323	0.38520
22	0.08693	0.01269	0.01394	0.01053	0.01521	0.01242	0.00861	0.32546	0.01845	0.09172	0.01257	0.01310	0.00931	0.00569	0.00494	0.00137	0.00518	0.00432	0.00471	0.34284
23	0.01123	0.00921	0.06193	0.28758	0.02046	0.00903	0.00992	0.01516	0.04493	0.04447	0.07468	0.02016	0.01488	0.00671	0.00507	0.00165	0.00500	0.00563	0.34608	0.00623
24	0.00777	0.00540	0.00664	0.00712	0.00739	0.00535	0.00449	0.00836	0.00949	0.01269	0.02384	0.30938	0.04869	0.42519	0.08872	0.00461	0.00556	0.01109	0.00415	0.00408
25	0.07122	0.01094	0.01166	0.00996	0.01307	0.01198	0.00791	0.19210	0.26578	0.07927	0.08624	0.02055	0.01742	0.00748	0.00536	0.00173	0.00443	0.00601	0.16889	0.00800
26	0.83938	0.01106	0.00841	0.00752	0.01106	0.01283	0.00619	0.01681	0.00973	0.02566	0.00796	0.00929	0.00619	0.00531	0.00354	0.00177	0.00442	0.00310	0.00354	0.00619
27	0.00989	0.00628	0.00771	0.00719	0.00906	0.00555	0.00545	0.01200	0.01482	0.11764	0.38427	0.09730	0.27631	0.01244	0.00666	0.00188	0.00309	0.01072	0.00601	0.00573
28	0.01208	0.01151	0.01212	0.05322	0.01401	0.16654	0.00906	0.01402	0.01094	0.03844	0.01309	0.01838	0.01176	0.02847	0.46701	0.00623	0.09883	0.00543	0.00308	0.00577
29	0.02762	0.14548	0.58816	0.04838	0.02375	0.01471	0.04069	0.01780	0.01198	0.01740	0.00991	0.01182	0.00730	0.00534	0.00518	0.00173	0.00802	0.00414	0.00246	0.00813
30	0.01147	0.02959	0.76934	0.01630	0.02476	0.01328	0.02113	0.01811	0.01208	0.01811	0.01026	0.01208	0.00725	0.00543	0.00543	0.00181	0.00845	0.00423	0.00242	0.00845
31	0.00832	0.00555	0.00624	0.00624	0.00624	0.00555	0.00347	0.00832	0.00832	0.01109	0.01802	0.03743	0.02080	0.79898	0.02911	0.00555	0.00555	0.00832	0.00347	0.00347
32	0.00708	0.00571	0.00630	0.00635	0.00797	0.00493	0.00469	0.00875	0.01349	0.01700	0.20971	0.13686	0.52259	0.01426	0.00682	0.00195	0.00290	0.01217	0.00553	0.00493
33	0.01452	0.15147	0.42106	0.01427	0.02074	0.06700	0.01604	0.12705	0.07891	0.02025	0.01144	0.01254	0.00853	0.00579	0.00521	0.00169	0.00754	0.00433	0.00324	0.00839
34	0.29654	0.01359	0.01337	0.01070	0.01470	0.01520	0.00881	0.44695	0.02005	0.03150	0.01214	0.01278	0.00889	0.00633	0.00486	0.00171	0.00541	0.00447	0.06380	0.00822
35	0.20850	0.01021	0.01158	0.00888	0.01336	0.00912	0.00724	0.01993	0.01303	0.29652	0.01423	0.01407	0.01004	0.00553	0.00463	0.00140	0.00451	0.00419	0.00479	0.33820
36	0.01080	0.01017	0.01716	0.78523	0.03940	0.01271	0.01589	0.01461	0.01144	0.01461	0.01017	0.01525	0.00762	0.00572	0.00572	0.00191	0.00762	0.00508	0.00254	0.00635
37	0.00742	0.00517	0.00650	0.00738	0.00760	0.00495	0.00469	0.00808	0.01006	0.01342	0.02697	0.53983	0.03209	0.28117	0.01465	0.00341	0.00407	0.01358	0.00469	0.00425
38	0.01529	0.80242	0.02997	0.00979	0.01468	0.02263	0.00979	0.01713	0.01162	0.01346	0.00795	0.00918	0.00734	0.00489	0.00367	0.00122	0.00612	0.00306	0.00245	0.00734
39	0.02137	0.02726	0.01621	0.01474	0.01768	0.77602	0.01105	0.02284	0.01621	0.01400	0.00884	0.01031	0.00737	0.00589	0.00516	0.00147	0.01031	0.00368	0.00295	0.00663
40	0.00697	0.00498	0.00664	0.00796	0.00830	0.00465	0.00531	0.00796	0.01095	0.01460	0.03153	0.79525	0.03783	0.01792	0.00730	0.00232	0.00332	0.01626	0.00531	0.00465
41	0.32942	0.00869	0.00896	0.00834	0.01089	0.00914	0.00644	0.01652	0.06197	0.14803	0.09122	0.23736	0.02189	0.00996	0.00544	0.00194	0.00403	0.00820	0.00506	0.00647
42	0.43016	0.01354	0.01279	0.01034	0.01440	0.01529	0.00854	0.38088	0.01832	0.03086	0.01085	0.01151	0.00796	0.00609	0.00463	0.00174	0.00536	0.00412	0.00463	0.00796
43	0.01403	0.01021	0.01085	0.00951	0.01222	0.01120	0.00745	0.18621	0.27045	0.02527	0.06419	0.04729	0.04218	0.00801	0.00538	0.00171	0.00417	0.00655	0.25554	0.00758
44	0.00851	0.00563	0.00726	0.00726	0.00755	0.00592	0.00474	0.00874	0.00844	0.01155	0.01609	0.03027	0.01738	0.47047	0.24244	0.12528	0.00827	0.00721	0.00321	0.00380
45	0.16811	0.00988	0.01064	0.00877	0.01209	0.01011	0.00710	0.16932	0.01599	0.23714	0.01945	0.01930	0.06230	0.00710	0.00496	0.00166	0.00438	0.00546	0.21861	0.00762
46	0.01581	0.00891	0.01059	0.00889	0.01176	0.00878	0.00706	0.13726	0.06683	0.22469	0.22800	0.02752	0.06860	0.00874	0.00580	0.00172	0.00400	0.00728	0.14026	0.00748
47	0.00813	0.00563	0.00654	0.00669	0.00708	0.00548	0.00422	0.00872	0.00985	0.01303	0.07851	0.09246	0.09171	0.56159	0.02246	0.00452	0.00493	0.06042	0.00409	0.00394
