[name]
unknown

[dist]
# distance from previous block
# <min> <max>
0	65

[block]
# block no. 0 follows, 44 sequences, length 15
# corresponding to MSA columns:
# 78-92
name=unknown_A
#
# <colnr> <probs for GDERKNQSTAVLIFYWHMCP>
#	G	D	E	R	K	N	Q	S	T	A	V	L	I	F	Y	W	H	M	C	P
0	0.09628	0.08564	0.20463	0.01318	0.07259	0.02473	0.04500	0.07487	0.02912	0.04933	0.03519	0.03195	0.03838	0.00719	0.00529	0.00171	0.00592	0.10359	0.01659	0.05882
1	0.01718	0.05947	0.11613	0.01220	0.01623	0.16530	0.04375	0.18171	0.07043	0.13781	0.01450	0.05467	0.01139	0.02648	0.00581	0.00171	0.00650	0.00528	0.04579	0.00767
2	0.01647	0.09950	0.11371	0.01309	0.04571	0.15312	0.01118	0.23339	0.16602	0.02220	0.01275	0.01320	0.00970	0.00595	0.00505	0.00155	0.00648	0.00448	0.00403	0.06243
3	0.14726	0.10771	0.13437	0.01878	0.27630	0.01415	0.01306	0.14172	0.01405	0.06808	0.01062	0.01215	0.00816	0.00532	0.00484	0.00160	0.00609	0.00425	0.00342	0.00807
4	0.00920	0.00749	0.01043	0.00972	0.01095	0.00833	0.05352	0.01283	0.12575	0.01444	0.01822	0.13038	0.01834	0.18599	0.26866	0.00495	0.06410	0.03765	0.00373	0.00530
5	0.00661	0.00548	0.00579	0.00582	0.00749	0.00466	0.00432	0.00811	0.01267	0.01556	0.14208	0.09762	0.63762	0.01368	0.00647	0.00185	0.00276	0.01155	0.00518	0.00466
6	0.01162	0.01041	0.04788	0.16284	0.13973	0.01084	0.01073	0.10808	0.05635	0.01778	0.04220	0.01930	0.01289	0.11091	0.13686	0.00332	0.04128	0.00564	0.04486	0.00650
7	0.01093	0.02820	0.78016	0.01554	0.02360	0.01266	0.02014	0.01727	0.01151	0.01727	0.00978	0.01151	0.00691	0.00518	0.00518	0.00173	0.00806	0.00403	0.00230	0.00806
8	0.84691	0.01054	0.00801	0.00717	0.01054	0.01223	0.00590	0.01603	0.00928	0.02446	0.00759	0.00886	0.00590	0.00506	0.00337	0.00169	0.00422	0.00295	0.00337	0.00590
9	0.01174	0.00891	0.01134	0.01318	0.14675	0.03381	0.00826	0.13743	0.01382	0.05278	0.02169	0.41314	0.02312	0.01152	0.00607	0.00189	0.00447	0.01023	0.06351	0.00632
10	0.00877	0.00581	0.00763	0.00704	0.00851	0.00532	0.00532	0.01131	0.01544	0.06946	0.72431	0.03933	0.04905	0.01087	0.00637	0.00171	0.00270	0.00958	0.00605	0.00540
11	0.01191	0.01096	0.01757	0.16822	0.34131	0.01158	0.06125	0.01698	0.12655	0.01813	0.08649	0.05016	0.01500	0.00649	0.00561	0.00173	0.00583	0.00608	0.03069	0.00744
12	0.00696	0.00549	0.00628	0.00619	0.00771	0.00481	0.00460	0.00879	0.01350	0.01752	0.33910	0.09503	0.43873	0.01295	0.00647	0.00181	0.00271	0.01110	0.00544	0.00481
13	0.01331	0.01374	0.06474	0.04253	0.22268	0.08722	0.04097	0.10643	0.01314	0.01767	0.01280	0.01778	0.03049	0.01136	0.10687	0.00271	0.13529	0.04996	0.00320	0.00709
14	0.18908	0.01547	0.01399	0.03913	0.10159	0.21493	0.00981	0.17478	0.06256	0.05927	0.01234	0.06122	0.01018	0.00648	0.00498	0.00164	0.00638	0.00489	0.00397	0.00729

[dist]
# distance from previous block
# <min> <max>
0	3

[block]
# block no. 1 follows, 44 sequences, length 32
# corresponding to MSA columns:
# 111-142
name=unknown_B
#
# <colnr> <probs for GDERKNQSTAVLIFYWHMCP>
#	G	D	E	R	K	N	Q	S	T	A	V	L	I	F	Y	W	H	M	C	P
0	0.09281	0.15004	0.06616	0.01805	0.26575	0.10308	0.01179	0.01739	0.07672	0.01718	0.01208	0.06461	0.01084	0.00619	0.00492	0.00157	0.00609	0.02445	0.00317	0.04713
1	0.22951	0.09930	0.01554	0.01323	0.07528	0.35550	0.00975	0.08914	0.01397	0.01848	0.00868	0.01013	0.00708	0.00552	0.00483	0.00152	0.02910	0.00358	0.00314	0.00674
2	0.01583	0.13265	0.05796	0.03470	0.25454	0.28842	0.10620	0.01853	0.01329	0.01538	0.00929	0.01159	0.00768	0.00509	0.00508	0.00151	0.00800	0.00426	0.00267	0.00735
3	0.01382	0.12350	0.14159	0.01213	0.01566	0.02735	0.01137	0.07777	0.04064	0.07617	0.01076	0.03076	0.00893	0.00692	0.00887	0.00172	0.25462	0.00452	0.00327	0.12964
4	0.00691	0.00536	0.00630	0.00645	0.00775	0.00474	0.00469	0.00859	0.01297	0.01692	0.28842	0.22280	0.36119	0.01368	0.00656	0.00189	0.00279	0.01188	0.00538	0.00474
5	0.00793	0.00529	0.00595	0.00595	0.00595	0.00529	0.00330	0.00793	0.00793	0.01057	0.01718	0.03568	0.01982	0.80840	0.02775	0.00529	0.00529	0.00793	0.00330	0.00330
6	0.00780	0.00579	0.00853	0.00853	0.00942	0.00669	0.00652	0.00958	0.00869	0.01248	0.01482	0.02260	0.01414	0.10469	0.72370	0.00847	0.01383	0.00601	0.00295	0.00474
7	0.02037	0.02598	0.01545	0.01404	0.01685	0.78652	0.01053	0.02177	0.01545	0.01334	0.00843	0.00983	0.00702	0.00562	0.00492	0.00140	0.00983	0.00351	0.00281	0.00632
8	0.01336	0.01247	0.01571	0.01744	0.26553	0.07076	0.01061	0.06332	0.01282	0.01836	0.00991	0.01205	0.00823	0.00478	0.00510	0.00123	0.03155	0.00395	0.00314	0.41968
9	0.01874	0.00897	0.01158	0.00905	0.01283	0.00784	0.00733	0.04552	0.03837	0.46377	0.15135	0.02107	0.01919	0.00706	0.00540	0.00154	0.00420	0.00586	0.00592	0.15440
10	0.01287	0.01471	0.03217	0.02298	0.02849	0.01379	0.75460	0.01746	0.01287	0.01746	0.01103	0.01471	0.00827	0.00460	0.00643	0.00184	0.00919	0.00643	0.00276	0.00735
11	0.00759	0.00557	0.00711	0.00672	0.00807	0.00509	0.00504	0.01004	0.01513	0.02114	0.69897	0.04191	0.12444	0.01141	0.00643	0.00173	0.00259	0.01003	0.00591	0.00509
12	0.00788	0.00528	0.00603	0.00607	0.00611	0.00529	0.00345	0.00796	0.00804	0.01075	0.01761	0.06463	0.02029	0.76025	0.04478	0.00525	0.00542	0.00817	0.00336	0.00338
13	0.02037	0.02598	0.01545	0.01404	0.01685	0.78652	0.01053	0.02177	0.01545	0.01334	0.00843	0.00983	0.00702	0.00562	0.00492	0.00140	0.00983	0.00351	0.00281	0.00632
14	0.01030	0.00969	0.01635	0.79530	0.03755	0.01211	0.01514	0.01393	0.01090	0.01393	0.00969	0.01453	0.00727	0.00545	0.00545	0.00182	0.00727	0.00484	0.00242	0.00606
15	0.01458	0.81168	0.02857	0.00933	0.01399	0.02157	0.00933	0.01632	0.01108	0.01283	0.00758	0.00875	0.00700	0.00466	0.00350	0.00117	0.00583	0.00292	0.00233	0.00700
16	0.00724	0.00533	0.00692	0.00796	0.00882	0.00501	0.00600	0.00873	0.01141	0.01477	0.03406	0.45426	0.16223	0.01591	0.00704	0.00224	0.00364	0.22875	0.00505	0.00463
17	0.02072	0.01527	0.01636	0.01254	0.01691	0.01691	0.01036	0.75622	0.02563	0.03436	0.01309	0.01309	0.00927	0.00654	0.00545	0.00164	0.00600	0.00491	0.00545	0.00927
18	0.00712	0.00570	0.00644	0.00683	0.00814	0.00525	0.00489	0.00947	0.07032	0.01530	0.06893	0.34786	0.39505	0.01451	0.00658	0.00198	0.00303	0.01261	0.00513	0.00487
19	0.00698	0.00543	0.00639	0.00670	0.00803	0.00484	0.00500	0.00863	0.01265	0.01624	0.20148	0.21709	0.38384	0.01408	0.00666	0.00196	0.00302	0.08101	0.00526	0.00472
20	0.01032	0.00649	0.00830	0.00787	0.00942	0.00616	0.00586	0.06938	0.01459	0.10823	0.37979	0.28887	0.03865	0.01224	0.00642	0.00187	0.00328	0.01083	0.00573	0.00571
21	0.00650	0.00530	0.00576	0.00613	0.00752	0.00455	0.00441	0.00776	0.01185	0.01449	0.04789	0.27160	0.55779	0.01476	0.00659	0.00195	0.00288	0.01267	0.00506	0.00455
22	0.01435	0.01267	0.02139	0.03161	0.71518	0.01257	0.01605	0.01750	0.01266	0.07702	0.01113	0.01389	0.00901	0.00500	0.00540	0.00162	0.00633	0.00491	0.00301	0.00869
23	0.03830	0.01075	0.01302	0.01035	0.01428	0.01069	0.00843	0.15727	0.16201	0.46294	0.03986	0.01831	0.01420	0.00692	0.00547	0.00171	0.00476	0.00558	0.00619	0.00897
24	0.00750	0.00511	0.00607	0.00649	0.00660	0.00500	0.00388	0.00782	0.00876	0.01168	0.02144	0.29023	0.02519	0.54652	0.02087	0.00427	0.00458	0.01043	0.00388	0.00368
25	0.01447	0.01527	0.26538	0.01113	0.01580	0.00989	0.01143	0.12235	0.01491	0.20398	0.09118	0.08124	0.10283	0.00821	0.00569	0.00175	0.00544	0.00678	0.00470	0.00758
26	0.00980	0.01032	0.13165	0.01062	0.07080	0.00764	0.00865	0.01262	0.03855	0.07378	0.03143	0.19676	0.27856	0.01113	0.00655	0.00187	0.03968	0.00940	0.04419	0.00601
27	0.01030	0.00916	0.01563	0.04332	0.10051	0.00950	0.17321	0.04643	0.01103	0.01522	0.01487	0.08116	0.01447	0.14361	0.24314	0.00448	0.02791	0.02699	0.00323	0.00584
28	0.00981	0.01292	0.17532	0.12397	0.02062	0.00969	0.19156	0.01339	0.01187	0.01628	0.07600	0.21828	0.02003	0.00932	0.00625	0.00195	0.00632	0.06654	0.00363	0.00622
29	0.01390	0.01387	0.02043	0.14179	0.50410	0.09733	0.05047	0.04139	0.01296	0.01734	0.01028	0.01345	0.00839	0.00511	0.00537	0.00163	0.00698	0.00479	0.02254	0.00788
30	0.01354	0.05402	0.24463	0.04316	0.09640	0.17026	0.16782	0.02988	0.03147	0.01642	0.01166	0.07403	0.00995	0.00611	0.00550	0.00169	0.00787	0.00544	0.00289	0.00726
31	0.01267	0.06686	0.14045	0.09436	0.32765	0.07117	0.04251	0.01607	0.01228	0.01674	0.04678	0.04193	0.01096	0.00567	0.00525	0.00158	0.00663	0.00505	0.00288	0.07253

[dist]
# distance from previous block
# <min> <max>
0	45

[block]
# block no. 2 follows, 44 sequences, length 15
# corresponding to MSA columns:
# 188-202
name=unknown_C
#
# <colnr> <probs for GDERKNQSTAVLIFYWHMCP>
#	G	D	E	R	K	N	Q	S	T	A	V	L	I	F	Y	W	H	M	C	P
0	0.01422	0.04602	0.08134	0.05595	0.06753	0.10912	0.03671	0.19183	0.03641	0.05060	0.04320	0.11999	0.10706	0.00840	0.00566	0.00172	0.00590	0.00700	0.00424	0.00707
1	0.04684	0.00768	0.01021	0.10243	0.01264	0.00813	0.06143	0.07994	0.01037	0.01433	0.01502	0.02828	0.01585	0.54165	0.02032	0.00411	0.00583	0.00694	0.00336	0.00461
2	0.01033	0.01112	0.12505	0.25890	0.02033	0.00966	0.01075	0.03501	0.08268	0.03581	0.16014	0.02440	0.04343	0.13866	0.00930	0.00235	0.00564	0.00655	0.00381	0.00609
3	0.64884	0.01116	0.01012	0.00974	0.06821	0.01246	0.00720	0.09226	0.01132	0.02458	0.00848	0.00979	0.00659	0.00514	0.00378	0.00162	0.00456	0.00331	0.00353	0.05731
4	0.00752	0.00528	0.00639	0.00652	0.00707	0.00503	0.00424	0.00854	0.01090	0.01479	0.24242	0.19253	0.07809	0.36837	0.01605	0.00342	0.00391	0.01023	0.00455	0.00415
5	0.01791	0.02096	0.01524	0.01508	0.08723	0.50805	0.01061	0.02321	0.21468	0.01628	0.01226	0.01297	0.00974	0.00602	0.00513	0.00154	0.00805	0.00434	0.00353	0.00715
6	0.00831	0.00578	0.00707	0.00662	0.00825	0.00515	0.00501	0.01050	0.01453	0.06426	0.50876	0.04300	0.26912	0.01170	0.00638	0.00175	0.00275	0.01010	0.00576	0.00522
7	0.00669	0.00507	0.00618	0.00688	0.00776	0.00455	0.00479	0.00794	0.01156	0.01498	0.11328	0.49446	0.26523	0.01546	0.00675	0.00205	0.00298	0.01369	0.00516	0.00455
8	0.01093	0.02820	0.78016	0.01554	0.02360	0.01266	0.02014	0.01727	0.01151	0.01727	0.00978	0.01151	0.00691	0.00518	0.00518	0.00173	0.00806	0.00403	0.00230	0.00806
9	0.00977	0.00771	0.00934	0.00843	0.01097	0.00677	0.00641	0.05572	0.03488	0.01718	0.02054	0.34306	0.02222	0.01074	0.00571	0.00164	0.00390	0.08107	0.00436	0.33955
10	0.00676	0.00480	0.00629	0.00744	0.00772	0.00451	0.00490	0.00762	0.01020	0.01360	0.02884	0.73266	0.03453	0.09134	0.00891	0.00250	0.00336	0.01479	0.00490	0.00432
11	0.29653	0.01160	0.01229	0.00976	0.01375	0.01224	0.00806	0.25472	0.01669	0.29161	0.01421	0.01360	0.00963	0.00612	0.00477	0.00167	0.00493	0.00446	0.00522	0.00815
12	0.02446	0.00928	0.01265	0.00970	0.01392	0.00801	0.00801	0.02657	0.01560	0.77817	0.02151	0.01856	0.01350	0.00675	0.00548	0.00169	0.00464	0.00548	0.00675	0.00928
13	0.01754	0.01369	0.01457	0.01190	0.01569	0.01542	0.00959	0.43323	0.35380	0.02923	0.01713	0.01631	0.01254	0.00692	0.00550	0.00173	0.00525	0.00547	0.00550	0.00899
14	0.84691	0.01054	0.00801	0.00717	0.01054	0.01223	0.00590	0.01603	0.00928	0.02446	0.00759	0.00886	0.00590	0.00506	0.00337	0.00169	0.00422	0.00295	0.00337	0.00590

[dist]
# distance from previous block
# <min> <max>
0	8

[block]
# block no. 3 follows, 44 sequences, length 40
# corresponding to MSA columns:
# 211-224,226-251
name=unknown_D
#
# <colnr> <probs for GDERKNQSTAVLIFYWHMCP>
#	G	D	E	R	K	N	Q	S	T	A	V	L	I	F	Y	W	H	M	C	P
0	0.00670	0.00527	0.00609	0.00669	0.00788	0.00466	0.00486	0.00800	0.01165	0.01453	0.04321	0.35181	0.42304	0.01520	0.00673	0.00204	0.00309	0.06891	0.00506	0.00457
1	0.01030	0.00969	0.01635	0.79530	0.03755	0.01211	0.01514	0.01393	0.01090	0.01393	0.00969	0.01453	0.00727	0.00545	0.00545	0.00182	0.00727	0.00484	0.00242	0.00606
2	0.17666	0.01438	0.01479	0.01153	0.01571	0.01602	0.00952	0.61651	0.02255	0.03249	0.01205	0.01229	0.00864	0.00626	0.00506	0.00165	0.00566	0.00454	0.00506	0.00864
3	0.00651	0.00525	0.00581	0.00626	0.00756	0.00454	0.00447	0.00774	0.01172	0.01444	0.04626	0.32033	0.51010	0.01497	0.00663	0.00197	0.00290	0.01293	0.00506	0.00454
4	0.01030	0.00969	0.01635	0.79530	0.03755	0.01211	0.01514	0.01393	0.01090	0.01393	0.00969	0.01453	0.00727	0.00545	0.00545	0.00182	0.00727	0.00484	0.00242	0.00606
5	0.00779	0.00584	0.00876	0.00876	0.00974	0.00681	0.00681	0.00974	0.00876	0.01266	0.01460	0.02142	0.01363	0.04089	0.78680	0.00876	0.01460	0.00584	0.00292	0.00487
6	0.01048	0.00620	0.00817	0.00854	0.03898	0.00559	0.00594	0.01206	0.01258	0.16355	0.13827	0.38042	0.16149	0.01318	0.00645	0.00195	0.00342	0.01163	0.00543	0.00567
7	0.01318	0.01187	0.01941	0.05812	0.59814	0.01194	0.01467	0.01688	0.05188	0.04987	0.04221	0.01753	0.05829	0.00588	0.00551	0.00166	0.00594	0.00555	0.00328	0.00818
8	0.01093	0.02820	0.78016	0.01554	0.02360	0.01266	0.02014	0.01727	0.01151	0.01727	0.00978	0.01151	0.00691	0.00518	0.00518	0.00173	0.00806	0.00403	0.00230	0.00806
9	0.00664	0.00474	0.00633	0.00759	0.00791	0.00443	0.00506	0.00759	0.01044	0.01392	0.03005	0.80485	0.03606	0.01708	0.00696	0.00221	0.00316	0.01550	0.00506	0.00443
10	0.30564	0.09887	0.12724	0.08395	0.06603	0.03681	0.06186	0.01717	0.01125	0.08552	0.00987	0.01146	0.00745	0.00514	0.00445	0.00160	0.00592	0.00389	0.00320	0.05269
11	0.07151	0.37053	0.21116	0.01105	0.01617	0.03746	0.01159	0.01773	0.06799	0.04319	0.00989	0.01097	0.00794	0.00521	0.00460	0.00143	0.02772	0.00362	0.00288	0.06736
12	0.01025	0.04144	0.19228	0.01055	0.01393	0.01009	0.01002	0.01716	0.23939	0.01799	0.08954	0.15626	0.05796	0.01284	0.09291	0.00262	0.00597	0.00772	0.00431	0.00677
13	0.00722	0.00555	0.00660	0.00634	0.00784	0.00493	0.00475	0.00932	0.01426	0.01907	0.49136	0.04532	0.33334	0.01219	0.00644	0.00176	0.00265	0.01050	0.00563	0.00493
14	0.07513	0.13219	0.05552	0.08633	0.11421	0.35663	0.01142	0.01868	0.01340	0.04055	0.04121	0.01218	0.00925	0.00558	0.00481	0.00149	0.00764	0.00404	0.00297	0.00679
15	0.01188	0.01079	0.01498	0.01367	0.05148	0.01366	0.03687	0.06482	0.04215	0.01562	0.01206	0.04186	0.01188	0.09027	0.01496	0.00251	0.45647	0.05719	0.03081	0.00608
16	0.00970	0.00609	0.00748	0.00683	0.00872	0.00538	0.00523	0.01181	0.01447	0.12793	0.42901	0.04140	0.28247	0.01139	0.00630	0.00175	0.00293	0.00977	0.00580	0.00556
17	0.00868	0.00683	0.00817	0.00778	0.00944	0.00696	0.00589	0.01358	0.16945	0.01950	0.38107	0.07440	0.15334	0.01440	0.09333	0.00257	0.00434	0.00919	0.00537	0.00572
18	0.01474	0.00784	0.00927	0.00801	0.01054	0.00758	0.00616	0.01891	0.14828	0.28106	0.04922	0.02767	0.13876	0.11932	0.00853	0.00218	0.00400	0.00700	0.12407	0.00685
19	0.13792	0.02379	0.01439	0.01307	0.01596	0.67640	0.00988	0.02095	0.01457	0.01492	0.00831	0.00969	0.00686	0.00554	0.00470	0.00144	0.00903	0.00343	0.00289	0.00626
20	0.01458	0.81168	0.02857	0.00933	0.01399	0.02157	0.00933	0.01632	0.01108	0.01283	0.00758	0.00875	0.00700	0.00466	0.00350	0.00117	0.00583	0.00292	0.00233	0.00700
21	0.00697	0.00555	0.00675	0.00731	0.00822	0.00533	0.00527	0.00816	0.01115	0.01427	0.03822	0.44011	0.31585	0.01528	0.00746	0.00209	0.05256	0.03994	0.00489	0.00461
22	0.01458	0.81168	0.02857	0.00933	0.01399	0.02157	0.00933	0.01632	0.01108	0.01283	0.00758	0.00875	0.00700	0.00466	0.00350	0.00117	0.00583	0.00292	0.00233	0.00700
23	0.01162	0.01147	0.05383	0.12571	0.24728	0.01037	0.01175	0.01456	0.01129	0.01667	0.01005	0.01309	0.00838	0.00711	0.05418	0.00181	0.04519	0.00423	0.00285	0.33857
24	0.01345	0.01429	0.03818	0.01209	0.03766	0.26265	0.03322	0.01546	0.01237	0.05423	0.07503	0.01941	0.06062	0.01754	0.24298	0.00381	0.07207	0.00558	0.00339	0.00597
25	0.02334	0.01108	0.01377	0.01055	0.01481	0.01068	0.00872	0.24569	0.01862	0.55480	0.01898	0.01691	0.01223	0.00669	0.00547	0.00167	0.00505	0.00531	0.00636	0.00928
26	0.01439	0.00669	0.00837	0.00736	0.00964	0.00606	0.00572	0.01653	0.01355	0.29679	0.14265	0.11136	0.06936	0.00890	0.00535	0.00163	0.00340	0.00754	0.25821	0.00652
27	0.01404	0.05053	0.20394	0.04186	0.32051	0.05153	0.07800	0.05712	0.01315	0.07109	0.01163	0.04134	0.00936	0.00562	0.00539	0.00167	0.00698	0.00507	0.00311	0.00807
28	0.01615	0.01160	0.02044	0.07808	0.02148	0.01125	0.30551	0.04913	0.07337	0.25005	0.01686	0.02091	0.01279	0.00666	0.00607	0.00185	0.00672	0.07881	0.00450	0.00778
29	0.00920	0.00617	0.00729	0.00731	0.00926	0.00548	0.00593	0.01099	0.01283	0.10341	0.04370	0.05116	0.47020	0.01335	0.00665	0.00202	0.00363	0.22089	0.00525	0.00526
30	0.01257	0.01315	0.13690	0.19133	0.23513	0.01098	0.07323	0.01606	0.01218	0.10132	0.03598	0.11020	0.01313	0.00688	0.00569	0.00178	0.00640	0.00635	0.00341	0.00734
31	0.01240	0.01126	0.01778	0.37093	0.21696	0.05016	0.07296	0.01561	0.01218	0.06560	0.04245	0.04222	0.03351	0.00618	0.00561	0.00175	0.00673	0.00569	0.00313	0.00690
32	0.02037	0.02598	0.01545	0.01404	0.01685	0.78652	0.01053	0.02177	0.01545	0.01334	0.00843	0.00983	0.00702	0.00562	0.00492	0.00140	0.00983	0.00351	0.00281	0.00632
33	0.01266	0.00719	0.03549	0.00744	0.00926	0.00620	0.00562	0.01411	0.01153	0.22493	0.07653	0.08354	0.05794	0.30147	0.02731	0.00313	0.00459	0.00761	0.09782	0.00563
34	0.01391	0.07229	0.17289	0.06511	0.21461	0.01307	0.03773	0.09944	0.06721	0.07892	0.01536	0.01664	0.06774	0.00631	0.00580	0.00170	0.03452	0.00526	0.00358	0.00792
35	0.00888	0.00711	0.00992	0.24635	0.01738	0.03025	0.00843	0.01071	0.01085	0.03874	0.02228	0.44938	0.02476	0.05176	0.00744	0.00222	0.00483	0.03945	0.00416	0.00510
36	0.02037	0.02598	0.01545	0.01404	0.01685	0.78652	0.01053	0.02177	0.01545	0.01334	0.00843	0.00983	0.00702	0.00562	0.00492	0.00140	0.00983	0.00351	0.00281	0.00632
37	0.30373	0.04328	0.08723	0.01289	0.05308	0.21602	0.05923	0.10605	0.01370	0.04475	0.00947	0.01078	0.00726	0.00539	0.00457	0.00160	0.00677	0.00384	0.00337	0.00699
38	0.00692	0.00553	0.00620	0.00618	0.00777	0.00482	0.00466	0.00867	0.01323	0.01686	0.26401	0.08102	0.50030	0.01321	0.00650	0.00185	0.00281	0.03935	0.00534	0.00477
39	0.01486	0.15467	0.01698	0.01227	0.07102	0.14230	0.03319	0.08600	0.05987	0.03743	0.03099	0.01257	0.00969	0.00519	0.00459	0.00125	0.00585	0.00402	0.00346	0.29380

[dist]
# distance from previous block
# <min> <max>
0	1

[block]
# block no. 4 follows, 44 sequences, length 20
# corresponding to MSA columns:
# 253-272
name=unknown_E
#
# <colnr> <probs for GDERKNQSTAVLIFYWHMCP>
#	G	D	E	R	K	N	Q	S	T	A	V	L	I	F	Y	W	H	M	C	P
0	0.11499	0.11238	0.26089	0.01301	0.01826	0.14149	0.04552	0.14620	0.01461	0.06896	0.01043	0.01147	0.00771	0.00549	0.00485	0.00159	0.00711	0.00404	0.00337	0.00765
1	0.01317	0.01295	0.02105	0.13897	0.56906	0.04108	0.04041	0.01631	0.01206	0.01679	0.00993	0.01345	0.00828	0.00526	0.00623	0.00170	0.05783	0.00485	0.00265	0.00797
2	0.00759	0.00537	0.00732	0.00770	0.00830	0.00573	0.00547	0.00890	0.00923	0.01300	0.01984	0.25689	0.02150	0.17929	0.37166	0.00579	0.00883	0.00907	0.04408	0.00445
3	0.01140	0.00965	0.01249	0.18259	0.01760	0.01154	0.00956	0.05982	0.22456	0.01801	0.06373	0.05435	0.01569	0.06185	0.06450	0.00260	0.12288	0.00628	0.04439	0.00652
4	0.01140	0.00622	0.00762	0.00696	0.00893	0.00557	0.00533	0.01344	0.01367	0.18630	0.25019	0.10655	0.20432	0.01059	0.00586	0.00171	0.00312	0.00905	0.13729	0.00585
5	0.00948	0.00788	0.00861	0.00839	0.01034	0.00827	0.00626	0.01659	0.32137	0.01821	0.07124	0.22433	0.24381	0.01185	0.00620	0.00193	0.00349	0.01021	0.00531	0.00624
6	0.01016	0.00508	0.00508	0.00508	0.00635	0.00508	0.00381	0.01270	0.01143	0.02033	0.01778	0.02033	0.01397	0.00635	0.00381	0.00127	0.00254	0.00508	0.83867	0.00508
7	0.01997	0.01433	0.01328	0.01109	0.01452	0.20204	0.00885	0.17907	0.06546	0.28075	0.01657	0.01758	0.01211	0.00684	0.00530	0.00162	0.00603	0.04032	0.07633	0.00794
8	0.01357	0.59428	0.23712	0.01105	0.01666	0.01910	0.01233	0.01659	0.01120	0.01406	0.00819	0.00951	0.00697	0.00481	0.00396	0.00132	0.00645	0.00322	0.00232	0.00729
9	0.28766	0.00968	0.01117	0.00889	0.01284	0.00936	0.00734	0.02319	0.01358	0.53697	0.01705	0.01545	0.01107	0.00621	0.00481	0.00169	0.00450	0.00467	0.00567	0.00820
10	0.01843	0.01812	0.01401	0.08588	0.01732	0.40989	0.00988	0.02263	0.14388	0.14461	0.01359	0.01408	0.01014	0.00614	0.00512	0.00156	0.00740	0.00451	0.04569	0.00713
11	0.01244	0.01073	0.01667	0.21926	0.09273	0.01174	0.11526	0.15075	0.01395	0.03081	0.04892	0.13006	0.01483	0.05010	0.00778	0.00204	0.05450	0.00701	0.00371	0.00670
12	0.00694	0.00497	0.00659	0.00739	0.00797	0.00463	0.00508	0.00834	0.01182	0.01611	0.23509	0.59354	0.04031	0.01544	0.00681	0.00208	0.00300	0.01394	0.00532	0.00463
13	0.01201	0.00754	0.00977	0.00978	0.01164	0.00752	0.00806	0.11214	0.01424	0.12042	0.02603	0.21449	0.02706	0.01325	0.00685	0.00222	0.00469	0.38092	0.00532	0.00603
14	0.01554	0.01610	0.01593	0.01347	0.01602	0.27027	0.08502	0.15709	0.01455	0.01757	0.01084	0.01395	0.00914	0.01448	0.18952	0.00335	0.12250	0.00480	0.00327	0.00660
15	0.06194	0.00601	0.00691	0.00709	0.00856	0.00567	0.00525	0.01034	0.03981	0.04642	0.15362	0.28928	0.27755	0.01343	0.00639	0.00196	0.00319	0.04633	0.00518	0.00507
16	0.06162	0.00616	0.00742	0.00804	0.00894	0.00617	0.00565	0.07868	0.01176	0.01646	0.02657	0.63675	0.03097	0.04100	0.00728	0.00223	0.00361	0.03080	0.00493	0.00496
17	0.01929	0.01600	0.01390	0.01185	0.01530	0.25263	0.00929	0.12010	0.25174	0.20768	0.01657	0.01570	0.01193	0.00657	0.00532	0.00164	0.00633	0.00501	0.00498	0.00816
18	0.01047	0.00863	0.01103	0.11058	0.01463	0.00833	0.00762	0.01316	0.04090	0.03935	0.11414	0.05028	0.07693	0.05897	0.00777	0.00169	0.07897	0.00604	0.00382	0.33669
19	0.01366	0.20863	0.01809	0.01141	0.06311	0.01250	0.05529	0.08508	0.01290	0.04244	0.00999	0.01143	0.00814	0.00460	0.00432	0.00112	0.00516	0.00369	0.00327	0.42518

[dist]
# distance from previous block
# <min> <max>
27	224

[block]
# block no. 5 follows, 44 sequences, length 65
# corresponding to MSA columns:
# 539-603
name=unknown_F
#
# <colnr> <probs for GDERKNQSTAVLIFYWHMCP>
#	G	D	E	R	K	N	Q	S	T	A	V	L	I	F	Y	W	H	M	C	P
0	0.09867	0.03614	0.09496	0.07409	0.19292	0.10807	0.01153	0.04509	0.08134	0.03504	0.05586	0.06242	0.06731	0.00706	0.00530	0.00169	0.00595	0.00584	0.00364	0.00709
1	0.01510	0.11495	0.03860	0.08490	0.12152	0.02957	0.02826	0.27365	0.06777	0.02226	0.01361	0.09311	0.01177	0.00712	0.00587	0.00169	0.04002	0.00578	0.01671	0.00773
2	0.05522	0.03535	0.08529	0.02000	0.29610	0.01214	0.09187	0.11049	0.01388	0.02019	0.04942	0.01585	0.04075	0.00569	0.00523	0.00156	0.00599	0.00514	0.02775	0.10211
3	0.05951	0.06518	0.07108	0.00947	0.01240	0.06095	0.00793	0.09997	0.08719	0.01858	0.04706	0.17557	0.03208	0.07224	0.03096	0.00214	0.00524	0.00714	0.02703	0.10828
4	0.08616	0.09820	0.03794	0.05021	0.08287	0.06787	0.00952	0.15642	0.06759	0.05702	0.01971	0.02199	0.13090	0.00755	0.00525	0.00166	0.00544	0.05063	0.00415	0.03891
5	0.01128	0.01466	0.26131	0.01127	0.01502	0.03070	0.01133	0.08912	0.01266	0.06076	0.04535	0.15496	0.01717	0.03834	0.16088	0.00332	0.00771	0.04380	0.00379	0.00655
6	0.01239	0.01207	0.01550	0.30815	0.14920	0.09135	0.01200	0.01623	0.06581	0.01624	0.01055	0.01337	0.00837	0.00511	0.00499	0.00146	0.00627	0.00435	0.00296	0.24363
7	0.01154	0.01085	0.01012	0.00966	0.01123	0.17424	0.00722	0.08919	0.01274	0.01576	0.05758	0.18283	0.04875	0.06602	0.26219	0.00425	0.00870	0.00779	0.00387	0.00546
8	0.09545	0.00656	0.00817	0.00917	0.06347	0.00650	0.00635	0.01046	0.01137	0.01650	0.14309	0.09345	0.13649	0.09796	0.01011	0.09248	0.00411	0.15479	0.02870	0.00482
9	0.00772	0.00538	0.00615	0.00612	0.00668	0.00525	0.00388	0.00843	0.00957	0.01281	0.08796	0.03749	0.15705	0.51102	0.07562	0.00445	0.00516	0.00847	0.03689	0.00388
10	0.01491	0.67152	0.02601	0.00974	0.01422	0.02041	0.00933	0.07072	0.09032	0.01541	0.00949	0.01026	0.00816	0.00508	0.00385	0.00127	0.00569	0.00340	0.00289	0.00733
11	0.00752	0.00566	0.00647	0.00620	0.00789	0.00493	0.00468	0.00942	0.01377	0.04105	0.35077	0.04657	0.45055	0.01249	0.00641	0.00178	0.00274	0.01064	0.00550	0.00497
12	0.00701	0.00555	0.00631	0.00612	0.00771	0.00484	0.00459	0.00892	0.01376	0.01790	0.37411	0.04724	0.45132	0.01262	0.00644	0.00178	0.00268	0.01077	0.00548	0.00484
13	0.01458	0.81168	0.02857	0.00933	0.01399	0.02157	0.00933	0.01632	0.01108	0.01283	0.00758	0.00875	0.00700	0.00466	0.00350	0.00117	0.00583	0.00292	0.00233	0.00700
14	0.00678	0.00544	0.00606	0.00611	0.00762	0.00471	0.00450	0.00840	0.01292	0.01638	0.22842	0.14330	0.50306	0.01356	0.00650	0.00186	0.00276	0.01160	0.00529	0.00471
15	0.01458	0.81168	0.02857	0.00933	0.01399	0.02157	0.00933	0.01632	0.01108	0.01283	0.00758	0.00875	0.00700	0.00466	0.00350	0.00117	0.00583	0.00292	0.00233	0.00700
16	0.01130	0.00969	0.01130	0.00807	0.01292	0.00727	0.00646	0.01373	0.01130	0.01776	0.00969	0.01130	0.00807	0.00404	0.00404	0.00081	0.00404	0.00323	0.00323	0.84173
17	0.00779	0.00584	0.00876	0.00876	0.00974	0.00681	0.00681	0.00974	0.00876	0.01266	0.01460	0.02142	0.01363	0.04089	0.78680	0.00876	0.01460	0.00584	0.00292	0.00487
18	0.63710	0.01174	0.01013	0.00853	0.01216	0.01342	0.00704	0.20400	0.01343	0.02697	0.00899	0.00993	0.00676	0.00544	0.00390	0.00167	0.00467	0.00345	0.00390	0.00676
19	0.01848	0.01415	0.01510	0.01209	0.01605	0.01586	0.00982	0.52794	0.25757	0.03073	0.01595	0.01537	0.01158	0.00681	0.00548	0.00170	0.00547	0.00530	0.00548	0.00907
20	0.01643	0.00944	0.01083	0.00885	0.01180	0.00961	0.00712	0.25825	0.01767	0.19583	0.14166	0.02093	0.01852	0.00730	0.00516	0.00156	0.00415	0.00590	0.24159	0.00741
21	0.01554	0.01015	0.01131	0.00942	0.01267	0.01039	0.00753	0.22411	0.15494	0.18285	0.02981	0.04301	0.24642	0.00918	0.00581	0.00176	0.00435	0.00749	0.00562	0.00763
22	0.06098	0.03656	0.17958	0.00961	0.01438	0.00930	0.00939	0.05597	0.01232	0.01924	0.06653	0.03449	0.01208	0.00554	0.00454	0.00126	0.00485	0.00442	0.06882	0.39013
23	0.00786	0.00554	0.00723	0.00723	0.00767	0.00598	0.00490	0.00875	0.00831	0.01152	0.01601	0.02919	0.01700	0.45903	0.37327	0.00687	0.00953	0.00698	0.00313	0.00402
24	0.00663	0.00495	0.00617	0.00709	0.00779	0.00449	0.00485	0.00772	0.01104	0.01433	0.05720	0.60851	0.20711	0.01615	0.00682	0.00211	0.00305	0.01441	0.00509	0.00449
25	0.01313	0.49960	0.32795	0.01180	0.01782	0.01802	0.01364	0.01670	0.01125	0.01459	0.00846	0.00985	0.00696	0.00487	0.00417	0.00139	0.00672	0.00336	0.00232	0.00742
26	0.13968	0.01377	0.01466	0.01138	0.01559	0.01502	0.00940	0.55048	0.02192	0.13449	0.01345	0.01323	0.00937	0.00636	0.00516	0.00165	0.00556	0.00471	0.00533	0.00879
27	0.01833	0.00823	0.01014	0.00838	0.01148	0.00780	0.00672	0.02236	0.11489	0.42916	0.02038	0.01937	0.01407	0.00671	0.00495	0.00157	0.00391	0.00544	0.27828	0.00782
28	0.00703	0.00530	0.00651	0.00673	0.00786	0.00477	0.00485	0.00877	0.01304	0.01742	0.34391	0.28720	0.23922	0.01375	0.00660	0.00191	0.00281	0.01210	0.00545	0.00477
29	0.06129	0.01233	0.02017	0.16650	0.32141	0.01329	0.11516	0.06945	0.01270	0.05641	0.01055	0.01365	0.00831	0.00565	0.00674	0.00177	0.08893	0.00499	0.00306	0.00763
30	0.01569	0.00738	0.00978	0.00844	0.01093	0.00722	0.00674	0.03893	0.01272	0.33612	0.01817	0.01973	0.01353	0.01780	0.26027	0.00390	0.00746	0.00549	0.19280	0.00689
31	0.28216	0.00707	0.00709	0.00669	0.00860	0.00741	0.00515	0.01245	0.01247	0.02204	0.35240	0.06521	0.02922	0.00862	0.00500	0.00165	0.00313	0.00705	0.15125	0.00535
32	0.01091	0.01345	0.15133	0.53796	0.15162	0.01234	0.01627	0.01496	0.01125	0.01513	0.00980	0.01384	0.00742	0.00531	0.00539	0.00177	0.00728	0.00470	0.00245	0.00682
33	0.01805	0.01649	0.09489	0.01242	0.01695	0.07036	0.01092	0.49605	0.02080	0.02797	0.01171	0.01240	0.00862	0.00611	0.00569	0.00155	0.03759	0.00448	0.00451	0.12245
34	0.49046	0.06891	0.04117	0.00988	0.01333	0.26573	0.00818	0.01797	0.01150	0.01979	0.00795	0.00927	0.00638	0.00522	0.00395	0.00156	0.00630	0.00317	0.00308	0.00619
35	0.57291	0.00883	0.00734	0.00677	0.00904	0.00996	0.00505	0.01338	0.00884	0.01992	0.01072	0.01762	0.01045	0.26742	0.01133	0.00286	0.00457	0.00458	0.00335	0.00505
36	0.00748	0.00530	0.00663	0.00737	0.00790	0.00509	0.00516	0.00847	0.01021	0.01338	0.02775	0.34020	0.09244	0.27483	0.01382	0.00324	0.00420	0.15787	0.00448	0.00419
37	0.00878	0.00564	0.00715	0.00747	0.00876	0.00511	0.00552	0.01030	0.01226	0.09464	0.12785	0.38258	0.20563	0.01431	0.00667	0.00204	0.00333	0.08148	0.00535	0.00512
38	0.00842	0.00501	0.00584	0.00644	0.00725	0.00486	0.00456	0.01014	0.01091	0.01682	0.02417	0.35637	0.03820	0.05167	0.00657	0.00194	0.00307	0.04539	0.38764	0.00470
39	0.00696	0.00534	0.00605	0.00621	0.00735	0.00478	0.00434	0.00822	0.01178	0.01508	0.16745	0.18809	0.37819	0.15343	0.01028	0.00249	0.00325	0.01134	0.00492	0.00444
40	0.01356	0.01171	0.01233	0.01109	0.01418	0.01356	0.00863	0.02897	0.76455	0.02281	0.02219	0.02034	0.01664	0.00740	0.00555	0.00185	0.00431	0.00616	0.00555	0.00863
41	0.02099	0.01815	0.01568	0.01274	0.01658	0.26733	0.01017	0.44063	0.02127	0.10469	0.01244	0.01259	0.00898	0.00626	0.00528	0.00157	0.00711	0.00451	0.00472	0.00831
42	0.01356	0.01171	0.01233	0.01109	0.01418	0.01356	0.00863	0.02897	0.76455	0.02281	0.02219	0.02034	0.01664	0.00740	0.00555	0.00185	0.00431	0.00616	0.00555	0.00863
43	0.01458	0.81168	0.02857	0.00933	0.01399	0.02157	0.00933	0.01632	0.01108	0.01283	0.00758	0.00875	0.00700	0.00466	0.00350	0.00117	0.00583	0.00292	0.00233	0.00700
44	0.00900	0.00655	0.00891	0.00994	0.01130	0.00663	0.00859	0.01225	0.05561	0.01696	0.06588	0.05810	0.03155	0.01443	0.00736	0.00243	0.00486	0.65931	0.00510	0.00523
45	0.01199	0.01029	0.01350	0.26565	0.02139	0.00989	0.00971	0.09355	0.01271	0.01829	0.01006	0.01255	0.00794	0.00477	0.00465	0.00123	0.00530	0.00394	0.00321	0.47939
46	0.00950	0.00778	0.00865	0.00804	0.01012	0.00805	0.00614	0.01640	0.28536	0.02036	0.31591	0.03639	0.22484	0.01048	0.00611	0.00180	0.00325	0.00895	0.00560	0.00626
47	0.00664	0.00474	0.00633	0.00759	0.00791	0.00443	0.00506	0.00759	0.01044	0.01392	0.03005	0.80485	0.03606	0.01708	0.00696	0.00221	0.00316	0.01550	0.00506	0.00443
48	0.01323	0.01196	0.00870	0.00820	0.00997	0.26029	0.00615	0.01540	0.01317	0.01821	0.09569	0.01909	0.01573	0.00663	0.00445	0.00136	0.00493	0.00508	0.47625	0.00549
49	0.84691	0.01054	0.00801	0.00717	0.01054	0.01223	0.00590	0.01603	0.00928	0.02446	0.00759	0.00886	0.00590	0.00506	0.00337	0.00169	0.00422	0.00295	0.00337	0.00590
50	0.01812	0.02173	0.01763	0.02039	0.26426	0.53388	0.01256	0.02012	0.01446	0.01480	0.00902	0.01103	0.00755	0.00537	0.00507	0.00147	0.00874	0.00395	0.00277	0.00708
51	0.01469	0.01243	0.01087	0.00972	0.01175	0.20562	0.00726	0.11485	0.01424	0.10014	0.09397	0.02608	0.01837	0.24305	0.02515	0.00284	0.00627	0.05861	0.01821	0.00590
52	0.01080	0.00916	0.01077	0.00802	0.01238	0.00696	0.00631	0.01307	0.01121	0.01735	0.01188	0.09654	0.01108	0.00544	0.00435	0.00096	0.00394	0.00455	0.00343	0.75179
53	0.01126	0.29618	0.32083	0.01125	0.01619	0.01371	0.01248	0.01468	0.01113	0.01512	0.01367	0.18095	0.01347	0.00760	0.00492	0.00162	0.00601	0.00614	0.03601	0.00679
54	0.00851	0.00641	0.00798	0.00744	0.00897	0.00629	0.00562	0.01284	0.11775	0.02199	0.66917	0.03794	0.04669	0.01063	0.00631	0.00173	0.00281	0.00935	0.00594	0.00562
55	0.01889	0.01352	0.01470	0.01179	0.01573	0.01491	0.00957	0.45090	0.25513	0.11065	0.01683	0.01594	0.01203	0.00683	0.00549	0.00171	0.00533	0.00536	0.00562	0.00907
56	0.00792	0.00532	0.00611	0.00611	0.00616	0.00537	0.00350	0.00803	0.00798	0.01069	0.01703	0.03486	0.01947	0.76461	0.07106	0.00548	0.00582	0.00781	0.00328	0.00339
57	0.00779	0.00584	0.00876	0.00876	0.00974	0.00681	0.00681	0.00974	0.00876	0.01266	0.01460	0.02142	0.01363	0.04089	0.78680	0.00876	0.01460	0.00584	0.00292	0.00487
58	0.01326	0.01272	0.02171	0.08812	0.72153	0.01289	0.01662	0.01653	0.01231	0.01753	0.01021	0.01357	0.00854	0.00490	0.00540	0.00163	0.00653	0.00486	0.00268	0.00845
59	0.00779	0.00584	0.00876	0.00876	0.00974	0.00681	0.00681	0.00974	0.00876	0.01266	0.01460	0.02142	0.01363	0.04089	0.78680	0.00876	0.01460	0.00584	0.00292	0.00487
60	0.57697	0.01559	0.01044	0.00941	0.01260	0.26510	0.00742	0.01790	0.01129	0.02083	0.00786	0.00917	0.00627	0.00524	0.00388	0.00159	0.00605	0.00313	0.00319	0.00604
61	0.57709	0.01209	0.01074	0.00892	0.01262	0.01376	0.00736	0.25776	0.01462	0.02769	0.00939	0.01024	0.00700	0.00555	0.00405	0.00167	0.00480	0.00359	0.00405	0.00700
62	0.01670	0.01216	0.01216	0.01093	0.01380	0.14567	0.00896	0.13459	0.05909	0.20478	0.02167	0.03164	0.04775	0.00955	0.00609	0.00191	0.00580	0.24446	0.00515	0.00714
63	0.01660	0.00960	0.01108	0.00910	0.01245	0.00940	0.00732	0.17711	0.09716	0.28826	0.03079	0.02865	0.26070	0.00908	0.00580	0.00174	0.00428	0.00740	0.00579	0.00768
64	0.00864	0.00591	0.00717	0.00710	0.00790	0.00576	0.00479	0.00944	0.01003	0.05660	0.04719	0.25244	0.12121	0.34068	0.01578	0.00334	0.04413	0.01010	0.00425	0.03751

[dist]
# distance from previous block
# <min> <max>
1	11

[block]
# block no. 6 follows, 44 sequences, length 73
# corresponding to MSA columns:
# 615-687
name=unknown_G
#
# <colnr> <probs for GDERKNQSTAVLIFYWHMCP>
#	G	D	E	R	K	N	Q	S	T	A	V	L	I	F	Y	W	H	M	C	P
0	0.00781	0.00535	0.00656	0.00702	0.00814	0.00477	0.00497	0.00910	0.01180	0.06383	0.09720	0.45587	0.26768	0.01491	0.00666	0.00202	0.00308	0.01314	0.00525	0.00485
1	0.01050	0.00990	0.01672	0.74644	0.08481	0.01217	0.01524	0.01411	0.01100	0.01418	0.00973	0.01447	0.00736	0.00541	0.00545	0.00180	0.00722	0.00485	0.00244	0.00622
2	0.00732	0.00554	0.00679	0.00704	0.00817	0.00515	0.00506	0.00963	0.04665	0.01752	0.31826	0.31994	0.19537	0.01369	0.00659	0.00193	0.00290	0.01209	0.00544	0.00493
3	0.00686	0.00497	0.00648	0.00730	0.00792	0.00459	0.00502	0.00818	0.01163	0.01566	0.18902	0.59442	0.08654	0.01561	0.00681	0.00208	0.00301	0.01405	0.00526	0.00459
4	0.00700	0.00497	0.00622	0.00701	0.00738	0.00469	0.00456	0.00781	0.01014	0.01345	0.05963	0.52910	0.07980	0.21754	0.01218	0.00295	0.00365	0.01308	0.00465	0.00418
5	0.01035	0.00992	0.01167	0.01079	0.01216	0.12663	0.04346	0.01227	0.00993	0.01303	0.01276	0.01840	0.01173	0.03071	0.55507	0.00669	0.09085	0.00541	0.00284	0.00531
6	0.01847	0.01167	0.01605	0.01781	0.25385	0.01176	0.01118	0.11785	0.15743	0.30021	0.01701	0.01659	0.01202	0.00625	0.00546	0.00169	0.00533	0.00534	0.00508	0.00895
7	0.01021	0.00619	0.00738	0.00681	0.00885	0.00538	0.00520	0.01200	0.01364	0.16175	0.22778	0.09873	0.39138	0.01203	0.00630	0.00181	0.00310	0.01024	0.00562	0.00562
8	0.01459	0.01036	0.01427	0.01712	0.25231	0.02757	0.01071	0.09209	0.04603	0.15169	0.02059	0.02790	0.06986	0.00837	0.00584	0.00182	0.00528	0.16035	0.05575	0.00749
9	0.01511	0.01222	0.01396	0.01181	0.01501	0.06922	0.07267	0.15363	0.29895	0.09437	0.02107	0.10094	0.04994	0.00840	0.00582	0.00183	0.00532	0.03688	0.00511	0.00777
10	0.01279	0.00925	0.00990	0.00872	0.01146	0.00972	0.00683	0.11401	0.28135	0.08648	0.03086	0.02937	0.25306	0.00913	0.00561	0.00174	0.00387	0.00750	0.10128	0.00709
11	0.02446	0.00928	0.01265	0.00970	0.01392	0.00801	0.00801	0.02657	0.01560	0.77817	0.02151	0.01856	0.01350	0.00675	0.00548	0.00169	0.00464	0.00548	0.00675	0.00928
12	0.02259	0.01227	0.01451	0.01112	0.01541	0.01246	0.00919	0.39127	0.02062	0.40639	0.01730	0.01582	0.01138	0.00665	0.00547	0.00166	0.00532	0.00520	0.00610	0.00927
13	0.01320	0.01265	0.02159	0.10395	0.70622	0.01288	0.01658	0.01647	0.01227	0.01745	0.01020	0.01359	0.00851	0.00491	0.00540	0.00164	0.00655	0.00486	0.00267	0.00840
14	0.00829	0.00658	0.01067	0.00988	0.01125	0.00736	0.07109	0.01049	0.00919	0.01329	0.01439	0.02081	0.01318	0.03676	0.69689	0.00795	0.01379	0.00587	0.02718	0.00509
15	0.01305	0.01314	0.02433	0.09621	0.51025	0.01311	0.21516	0.01669	0.01241	0.01738	0.01041	0.01391	0.00842	0.00484	0.00568	0.00170	0.00728	0.00528	0.00269	0.00807
16	0.01223	0.01166	0.01984	0.33483	0.48291	0.01262	0.01610	0.01562	0.01182	0.01628	0.01003	0.01391	0.00809	0.00509	0.00542	0.00170	0.00679	0.00485	0.00259	0.00762
17	0.05640	0.00774	0.00890	0.00791	0.00988	0.00814	0.00621	0.06782	0.07933	0.08646	0.24789	0.02729	0.08793	0.00873	0.00626	0.00167	0.06214	0.00705	0.20611	0.00614
18	0.00736	0.00563	0.00679	0.00670	0.00819	0.00506	0.00516	0.00948	0.01401	0.01863	0.42756	0.04728	0.31574	0.01255	0.00655	0.00185	0.00290	0.08806	0.00555	0.00493
19	0.00846	0.01121	0.16452	0.01055	0.04706	0.00749	0.07271	0.01142	0.01285	0.01697	0.17658	0.03700	0.38122	0.01037	0.00614	0.00178	0.00451	0.00896	0.00438	0.00582
20	0.01130	0.00969	0.01130	0.00807	0.01292	0.00727	0.00646	0.01373	0.01130	0.01776	0.00969	0.01130	0.00807	0.00404	0.00404	0.00081	0.00404	0.00323	0.00323	0.84173
21	0.00711	0.00500	0.00645	0.00731	0.00762	0.00485	0.00483	0.00792	0.00976	0.01306	0.02581	0.53745	0.03044	0.22221	0.05705	0.00339	0.00443	0.03665	0.00448	0.00418
22	0.00839	0.00609	0.00702	0.00719	0.00854	0.00581	0.00528	0.07722	0.01293	0.01728	0.07930	0.34289	0.26064	0.01354	0.00632	0.00193	0.00327	0.03884	0.09248	0.00506
23	0.06027	0.01466	0.01573	0.01211	0.01641	0.01611	0.01000	0.67420	0.02421	0.08160	0.01337	0.01324	0.00938	0.00649	0.00536	0.00164	0.00583	0.00485	0.00544	0.00911
24	0.00829	0.00504	0.00572	0.00616	0.00715	0.00479	0.00439	0.01011	0.01141	0.01740	0.07002	0.31546	0.11185	0.01146	0.00543	0.00171	0.00280	0.00995	0.38609	0.00479
25	0.02061	0.01864	0.01607	0.01302	0.01689	0.25928	0.01042	0.52492	0.02243	0.02774	0.01162	0.01206	0.00856	0.00625	0.00528	0.00156	0.00721	0.00447	0.00462	0.00834
26	0.00917	0.00599	0.00721	0.00666	0.00851	0.00526	0.00508	0.01121	0.01425	0.10759	0.39809	0.04281	0.33437	0.01169	0.00632	0.00176	0.00289	0.01000	0.00571	0.00541
27	0.01445	0.79649	0.02819	0.00932	0.01391	0.02129	0.00928	0.01620	0.01103	0.01282	0.00771	0.00898	0.00712	0.00535	0.01827	0.00131	0.00600	0.00297	0.00234	0.00696
28	0.00793	0.00529	0.00595	0.00595	0.00595	0.00529	0.00330	0.00793	0.00793	0.01057	0.01718	0.03568	0.01982	0.80840	0.02775	0.00529	0.00529	0.00793	0.00330	0.00330
29	0.00779	0.00584	0.00876	0.00876	0.00974	0.00681	0.00681	0.00974	0.00876	0.01266	0.01460	0.02142	0.01363	0.04089	0.78680	0.00876	0.01460	0.00584	0.00292	0.00487
30	0.00732	0.00556	0.00673	0.00644	0.00790	0.00497	0.00483	0.00951	0.01449	0.01962	0.54594	0.04442	0.27842	0.01198	0.00643	0.00175	0.00263	0.01038	0.00571	0.00497
31	0.01030	0.00969	0.01635	0.79530	0.03755	0.01211	0.01514	0.01393	0.01090	0.01393	0.00969	0.01453	0.00727	0.00545	0.00545	0.00182	0.00727	0.00484	0.00242	0.00606
32	0.00723	0.00546	0.00672	0.00690	0.00816	0.00495	0.00517	0.00913	0.01331	0.01770	0.34815	0.19627	0.25770	0.01345	0.00664	0.00192	0.00297	0.07789	0.00545	0.00483
33	0.00751	0.00513	0.00613	0.00651	0.00666	0.00501	0.00394	0.00793	0.00906	0.01213	0.05513	0.27814	0.02635	0.52336	0.02024	0.00416	0.00450	0.01040	0.00398	0.00374
34	0.00748	0.00548	0.00702	0.00681	0.00805	0.00502	0.00504	0.00977	0.01462	0.02034	0.62491	0.12303	0.11805	0.01203	0.00649	0.00178	0.00265	0.01061	0.00581	0.00502
35	0.01238	0.01322	0.02633	0.18094	0.14547	0.01352	0.43870	0.01633	0.01209	0.01650	0.01037	0.01429	0.00805	0.00515	0.00686	0.00184	0.06235	0.00575	0.00265	0.00719
36	0.00861	0.00580	0.00739	0.00686	0.00841	0.00525	0.00519	0.01099	0.01502	0.06938	0.62376	0.04094	0.14928	0.01123	0.00637	0.00173	0.00273	0.00981	0.00592	0.00533
37	0.00929	0.00729	0.00933	0.01049	0.09816	0.00726	0.00665	0.05280	0.07904	0.01778	0.20974	0.19039	0.12048	0.14499	0.00986	0.00243	0.00397	0.00970	0.00479	0.00557
38	0.01400	0.36701	0.13551	0.01110	0.01526	0.08136	0.01081	0.04143	0.06587	0.04354	0.01062	0.01240	0.00886	0.01008	0.10576	0.00240	0.04999	0.00400	0.00294	0.00705
39	0.01763	0.26681	0.01920	0.01119	0.01513	0.12791	0.00951	0.35616	0.01830	0.02276	0.01244	0.01374	0.03720	0.04213	0.00580	0.00163	0.00634	0.00446	0.00398	0.00769
40	0.01674	0.00925	0.01159	0.00879	0.01300	0.00767	0.00710	0.01957	0.04430	0.34454	0.07954	0.01727	0.01441	0.00594	0.00492	0.00130	0.00418	0.00488	0.00507	0.37996
41	0.00906	0.01607	0.35078	0.01212	0.01648	0.00890	0.07482	0.01274	0.01132	0.01574	0.02242	0.27945	0.11292	0.02403	0.00642	0.00197	0.00582	0.00903	0.00362	0.00628
42	0.11702	0.01359	0.08236	0.12380	0.02500	0.01237	0.42112	0.01593	0.01200	0.01764	0.01367	0.01830	0.04997	0.00589	0.00588	0.00184	0.00764	0.04619	0.00300	0.00677
43	0.01123	0.00717	0.00736	0.00698	0.00882	0.00775	0.00533	0.01783	0.24861	0.02111	0.01917	0.02033	0.01481	0.00668	0.00436	0.00145	0.00310	0.00542	0.57629	0.00620
44	0.01329	0.01274	0.02176	0.08233	0.72713	0.01290	0.01663	0.01655	0.01232	0.01756	0.01022	0.01356	0.00855	0.00490	0.00540	0.00163	0.00653	0.00486	0.00268	0.00847
45	0.01322	0.45003	0.07745	0.13974	0.04230	0.01783	0.11548	0.01599	0.01122	0.01411	0.00861	0.01102	0.00727	0.00509	0.00519	0.00148	0.05065	0.00395	0.00242	0.00696
46	0.00723	0.00525	0.00672	0.00722	0.00798	0.00494	0.00501	0.00902	0.02956	0.01658	0.27623	0.44721	0.07546	0.06548	0.00806	0.00222	0.00311	0.01273	0.00527	0.00470
