[name]
unknown

[dist]
# distance from previous block
# <min> <max>
0	550

[block]
# block no. 0 follows, 46 sequences, length 87
# corresponding to MSA columns:
# 571-657
name=unknown_A
#
# <colnr> <probs for GDERKNQSTAVLIFYWHMCP>
#	G	D	E	R	K	N	Q	S	T	A	V	L	I	F	Y	W	H	M	C	P
0	0.03922	0.05097	0.03102	0.01051	0.03662	0.03419	0.04267	0.06404	0.04644	0.09842	0.05833	0.27514	0.04324	0.01086	0.00647	0.00191	0.04010	0.09925	0.00455	0.00605
1	0.03459	0.29141	0.05385	0.03251	0.02967	0.08617	0.08130	0.07097	0.09034	0.01638	0.01426	0.01532	0.07940	0.00621	0.00542	0.00151	0.05523	0.00473	0.02393	0.00678
2	0.08262	0.34293	0.12326	0.03625	0.01591	0.20156	0.01053	0.06086	0.01260	0.03467	0.00881	0.01006	0.00717	0.00507	0.00416	0.00136	0.00668	0.00340	0.02529	0.00679
3	0.01059	0.01105	0.11336	0.04543	0.01454	0.00948	0.05511	0.03541	0.24417	0.03775	0.11962	0.21879	0.02270	0.00936	0.00580	0.00181	0.00462	0.00829	0.00458	0.02755
4	0.01477	0.01089	0.01062	0.00931	0.01221	0.10895	0.00726	0.02101	0.27687	0.21100	0.02840	0.02650	0.22269	0.00849	0.00552	0.00170	0.00453	0.00690	0.00521	0.00717
5	0.01048	0.01639	0.32335	0.13285	0.02056	0.01075	0.06905	0.04843	0.07907	0.01820	0.16112	0.02003	0.05338	0.00679	0.00549	0.00171	0.00610	0.00586	0.00351	0.00686
6	0.00710	0.00536	0.00656	0.00633	0.00768	0.00482	0.00472	0.00922	0.01396	0.01899	0.54982	0.07681	0.24573	0.01176	0.00626	0.00172	0.00257	0.01023	0.00553	0.00482
7	0.01194	0.01849	0.36558	0.15457	0.08784	0.01208	0.05152	0.05907	0.07679	0.03962	0.01109	0.01299	0.00816	0.00524	0.00512	0.00163	0.00682	0.00444	0.00293	0.06405
8	0.01931	0.01442	0.01542	0.01200	0.01609	0.01603	0.00986	0.68003	0.10972	0.03204	0.01370	0.01349	0.00980	0.00644	0.00530	0.00161	0.00563	0.00490	0.00530	0.00892
9	0.01050	0.00607	0.00820	0.00847	0.00996	0.00567	0.00674	0.01235	0.01233	0.15822	0.09540	0.28259	0.06361	0.01332	0.00662	0.00210	0.00393	0.28318	0.00528	0.00545
10	0.00985	0.00493	0.00493	0.00493	0.00616	0.00493	0.00370	0.01232	0.01109	0.01971	0.01725	0.01971	0.01355	0.00616	0.00370	0.00123	0.00246	0.00493	0.84356	0.00493
11	0.00823	0.00664	0.00783	0.00733	0.00958	0.00573	0.00575	0.01050	0.03610	0.01599	0.08591	0.13628	0.26866	0.01116	0.00587	0.00168	0.00349	0.14463	0.00452	0.22412
12	0.01813	0.02066	0.01601	0.01364	0.01659	0.51169	0.07535	0.14449	0.01577	0.01681	0.00963	0.01166	0.00788	0.03169	0.00623	0.00160	0.04430	0.00412	0.02720	0.00655
13	0.00985	0.00493	0.00493	0.00493	0.00616	0.00493	0.00370	0.01232	0.01109	0.01971	0.01725	0.01971	0.01355	0.00616	0.00370	0.00123	0.00246	0.00493	0.84356	0.00493
14	0.35547	0.01751	0.32865	0.03751	0.01806	0.01215	0.08854	0.01589	0.01025	0.01931	0.00879	0.01076	0.00661	0.00589	0.02436	0.00186	0.02514	0.00380	0.00272	0.00670
15	0.04009	0.07388	0.25897	0.04421	0.22822	0.01253	0.10717	0.04936	0.01229	0.05116	0.01314	0.01493	0.05965	0.00552	0.00517	0.00162	0.00665	0.00492	0.00294	0.00756
16	0.01471	0.10449	0.26405	0.01358	0.04272	0.32437	0.01289	0.01825	0.03714	0.01496	0.00995	0.01270	0.00823	0.00555	0.00480	0.00147	0.00772	0.03633	0.00272	0.06336
17	0.79562	0.01053	0.00831	0.00730	0.01064	0.01216	0.00602	0.06586	0.01006	0.02436	0.00772	0.00886	0.00594	0.00500	0.00341	0.00163	0.00421	0.00299	0.00341	0.00594
18	0.00969	0.01154	0.14945	0.01164	0.09050	0.00902	0.00939	0.01573	0.21295	0.01765	0.09728	0.12010	0.20457	0.00949	0.00575	0.00178	0.00439	0.00814	0.00440	0.00652
19	0.01542	0.01537	0.01304	0.01163	0.01463	0.22650	0.00899	0.07566	0.51464	0.02036	0.01728	0.01647	0.01311	0.00665	0.00521	0.00166	0.00576	0.00519	0.00465	0.00780
20	0.01065	0.00968	0.01553	0.20372	0.30350	0.01011	0.04114	0.04624	0.01202	0.01612	0.01893	0.13202	0.10956	0.00810	0.00572	0.00177	0.00558	0.03969	0.00338	0.00655
21	0.00688	0.00515	0.00603	0.00651	0.00767	0.00464	0.00480	0.00836	0.01162	0.01514	0.10483	0.29881	0.34803	0.01383	0.00634	0.00192	0.00298	0.08055	0.06140	0.00452
22	0.00848	0.00559	0.00723	0.00773	0.00866	0.00537	0.00551	0.01070	0.06242	0.07251	0.13036	0.52399	0.03333	0.04105	0.00719	0.00213	0.00334	0.05426	0.00513	0.00501
23	0.01025	0.00784	0.01141	0.01455	0.22016	0.00752	0.00857	0.04498	0.01188	0.06545	0.02337	0.38754	0.07382	0.01138	0.00605	0.00186	0.00425	0.04256	0.00433	0.04223
24	0.01034	0.00918	0.01133	0.03585	0.01228	0.01112	0.00819	0.01584	0.24918	0.01596	0.03158	0.14340	0.10118	0.05975	0.01076	0.00221	0.25409	0.00764	0.00407	0.00605
25	0.01384	0.01524	0.10314	0.06701	0.32274	0.13189	0.02281	0.05254	0.01263	0.04248	0.01095	0.01476	0.00913	0.00595	0.00630	0.00166	0.08059	0.03713	0.04189	0.00730
26	0.00651	0.00537	0.00572	0.00563	0.00730	0.00458	0.00422	0.00810	0.01267	0.01576	0.20893	0.04844	0.62278	0.01284	0.00625	0.00176	0.00264	0.01081	0.00510	0.00458
27	0.01096	0.00940	0.01096	0.00783	0.01253	0.00705	0.00626	0.01331	0.01096	0.01723	0.00940	0.01096	0.00783	0.00392	0.00392	0.00078	0.00392	0.00313	0.00313	0.84653
28	0.01038	0.00995	0.01518	0.01297	0.01378	0.01289	0.08101	0.01208	0.00864	0.01298	0.00958	0.01473	0.00903	0.01842	0.26177	0.00422	0.47920	0.00511	0.00251	0.00557
29	0.00769	0.00513	0.00577	0.00577	0.00577	0.00513	0.00320	0.00769	0.00769	0.01025	0.01666	0.03460	0.01922	0.81421	0.02691	0.00513	0.00513	0.00769	0.00320	0.00320
30	0.01329	0.01377	0.01868	0.25930	0.42814	0.14525	0.01474	0.01624	0.01210	0.01541	0.00948	0.01278	0.00771	0.00501	0.00517	0.00159	0.00706	0.00448	0.00255	0.00724
31	0.01448	0.30989	0.26980	0.01232	0.01736	0.22879	0.01274	0.01810	0.04481	0.01439	0.00888	0.01012	0.00717	0.00505	0.00438	0.00140	0.00735	0.00347	0.00251	0.00701
32	0.00678	0.00534	0.00613	0.00616	0.00756	0.00473	0.00453	0.00863	0.02369	0.01654	0.28642	0.16250	0.41621	0.01294	0.00631	0.00180	0.00270	0.01115	0.00521	0.00467
33	0.00728	0.00510	0.00631	0.00682	0.00781	0.00458	0.00480	0.00855	0.01144	0.04888	0.12420	0.47759	0.23805	0.01457	0.00649	0.00197	0.00296	0.01290	0.00509	0.00463
34	0.00669	0.00519	0.00613	0.00649	0.00770	0.00462	0.00477	0.00820	0.01204	0.01548	0.18349	0.27478	0.36818	0.01392	0.00646	0.00191	0.00291	0.06141	0.00508	0.00454
35	0.01081	0.00884	0.01124	0.01047	0.01193	0.01021	0.00877	0.13145	0.01314	0.01767	0.04371	0.03702	0.14249	0.01152	0.00953	0.00214	0.22315	0.28592	0.00427	0.00572
36	0.01918	0.01412	0.01521	0.01184	0.01581	0.01558	0.00970	0.71273	0.02386	0.03198	0.01380	0.06638	0.01074	0.00703	0.00539	0.00162	0.00563	0.00545	0.00526	0.00867
37	0.00769	0.00513	0.00577	0.00577	0.00577	0.00513	0.00320	0.00769	0.00769	0.01025	0.01666	0.03460	0.01922	0.81421	0.02691	0.00513	0.00513	0.00769	0.00320	0.00320
38	0.01307	0.02338	0.52761	0.01403	0.02026	0.06553	0.01622	0.16111	0.01393	0.01961	0.01016	0.01164	0.00738	0.00553	0.00555	0.00165	0.04168	0.00410	0.02982	0.00775
39	0.00985	0.00493	0.00493	0.00493	0.00616	0.00493	0.00370	0.01232	0.01109	0.01971	0.01725	0.01971	0.01355	0.00616	0.00370	0.00123	0.00246	0.00493	0.84356	0.00493
40	0.11685	0.10226	0.12018	0.01137	0.07356	0.03379	0.00958	0.08088	0.04029	0.01901	0.02877	0.01173	0.00876	0.00487	0.00429	0.00126	0.00515	0.00371	0.00322	0.32049
41	0.01182	0.01193	0.07221	0.01180	0.04547	0.06413	0.00928	0.10451	0.03556	0.01543	0.01257	0.06754	0.01264	0.23071	0.01515	0.00283	0.26141	0.00604	0.00322	0.00575
42	0.00985	0.00493	0.00493	0.00493	0.00616	0.00493	0.00370	0.01232	0.01109	0.01971	0.01725	0.01971	0.01355	0.00616	0.00370	0.00123	0.00246	0.00493	0.84356	0.00493
43	0.38164	0.07011	0.01257	0.01023	0.01332	0.36019	0.00808	0.01791	0.01182	0.01774	0.00778	0.00914	0.00637	0.00518	0.00425	0.00147	0.02253	0.00315	0.00294	0.03361
44	0.00842	0.00685	0.00871	0.00862	0.00959	0.05713	0.00658	0.00999	0.00880	0.01207	0.01366	0.02049	0.01291	0.07385	0.66962	0.04671	0.01298	0.00557	0.00282	0.00463
45	0.01373	0.01184	0.01807	0.30895	0.24631	0.01320	0.04594	0.18513	0.01434	0.03989	0.01056	0.01348	0.00807	0.00553	0.00585	0.00169	0.04197	0.00480	0.00322	0.00744
46	0.01891	0.14399	0.01689	0.01293	0.01593	0.67721	0.01004	0.02032	0.01435	0.01286	0.00805	0.00938	0.00681	0.00531	0.00456	0.00133	0.00895	0.00332	0.00265	0.00623
47	0.01756	0.02118	0.01522	0.19112	0.02087	0.58269	0.01121	0.05213	0.01442	0.01396	0.00865	0.01070	0.00696	0.00545	0.00491	0.00146	0.00881	0.00376	0.00275	0.00620
48	0.01043	0.07423	0.48997	0.01335	0.05117	0.01138	0.01491	0.01590	0.05887	0.01766	0.16341	0.01773	0.02595	0.00637	0.00520	0.00164	0.00625	0.00521	0.00319	0.00720
49	0.00666	0.00528	0.00599	0.00602	0.00745	0.00461	0.00443	0.00831	0.01272	0.01636	0.27866	0.14306	0.45576	0.01298	0.00631	0.00179	0.00267	0.01114	0.00520	0.00461
50	0.01199	0.01451	0.08567	0.02146	0.07668	0.01265	0.60729	0.01625	0.01220	0.01672	0.01174	0.06529	0.00968	0.00530	0.00611	0.00178	0.00828	0.00653	0.00278	0.00708
51	0.12350	0.30965	0.01853	0.01024	0.01407	0.12658	0.00886	0.16894	0.03967	0.05855	0.00980	0.01057	0.00779	0.00539	0.00459	0.00139	0.03152	0.00361	0.00343	0.04330
52	0.09307	0.00831	0.00897	0.00816	0.01049	0.05954	0.00624	0.01581	0.03808	0.26112	0.07192	0.23955	0.13666	0.01037	0.00568	0.00179	0.00400	0.00878	0.00520	0.00626
53	0.21456	0.01484	0.01266	0.01052	0.01408	0.22500	0.00841	0.16585	0.01556	0.25038	0.01266	0.01246	0.00886	0.00582	0.00468	0.00155	0.00604	0.00411	0.00449	0.00745
54	0.01400	0.01135	0.04669	0.01170	0.06359	0.01053	0.05463	0.17829	0.11851	0.08802	0.05341	0.01805	0.06391	0.00634	0.00506	0.00145	0.00480	0.00534	0.05227	0.19205
55	0.00637	0.00486	0.00587	0.00667	0.00749	0.00435	0.00460	0.00744	0.01079	0.01377	0.03756	0.54863	0.29166	0.01547	0.00658	0.00202	0.00293	0.01369	0.00491	0.00435
56	0.01514	0.01233	0.02305	0.04851	0.28571	0.01177	0.30921	0.01857	0.01286	0.19001	0.01268	0.01469	0.00925	0.00504	0.00565	0.00168	0.00694	0.00545	0.00352	0.00794
57	0.01358	0.31717	0.15360	0.01032	0.01509	0.10315	0.01017	0.03457	0.01202	0.04002	0.04207	0.01140	0.00913	0.00495	0.00419	0.00122	0.00590	0.00357	0.00288	0.20499
58	0.01162	0.01165	0.06969	0.10990	0.29986	0.01133	0.09412	0.01463	0.01095	0.04841	0.01151	0.04047	0.00987	0.01186	0.14687	0.00294	0.07923	0.00534	0.00282	0.00693
59	0.85155	0.01022	0.00777	0.00695	0.01022	0.01186	0.00573	0.01554	0.00900	0.02372	0.00736	0.00859	0.00573	0.00491	0.00327	0.00164	0.00409	0.00286	0.00327	0.00573
60	0.00770	0.00765	0.07838	0.00757	0.00940	0.00605	0.00645	0.01020	0.01359	0.01888	0.51623	0.07154	0.16721	0.01090	0.00666	0.00174	0.04022	0.00933	0.00513	0.00516
61	0.01235	0.01113	0.01773	0.21259	0.41349	0.01220	0.01387	0.06308	0.01208	0.01724	0.01042	0.01380	0.00846	0.00548	0.00614	0.00165	0.07401	0.00472	0.08228	0.00726
62	0.00664	0.00523	0.00593	0.00625	0.00746	0.00472	0.00452	0.00785	0.01099	0.01366	0.04086	0.20733	0.45821	0.09600	0.05921	0.00266	0.00386	0.04969	0.00460	0.00434
63	0.01147	0.01505	0.21641	0.01294	0.07115	0.06063	0.05975	0.10104	0.07582	0.01856	0.07251	0.07123	0.16328	0.00807	0.00557	0.00170	0.00563	0.00684	0.01556	0.00678
64	0.00930	0.00551	0.00679	0.00691	0.00800	0.00512	0.00490	0.01050	0.01086	0.11103	0.04926	0.30316	0.13266	0.18284	0.01053	0.00259	0.00367	0.05542	0.07615	0.00479
65	0.01303	0.04860	0.07695	0.06757	0.26805	0.05768	0.09666	0.06278	0.07579	0.01749	0.04758	0.01433	0.01047	0.00598	0.00691	0.00171	0.11298	0.00500	0.00308	0.00737
66	0.00723	0.00543	0.00672	0.00649	0.00786	0.00491	0.00493	0.00944	0.01411	0.01924	0.56355	0.04328	0.22747	0.01163	0.00629	0.00173	0.00266	0.04663	0.00555	0.00485
67	0.01555	0.01440	0.03419	0.04855	0.05204	0.19166	0.08915	0.09890	0.14618	0.11610	0.01681	0.08236	0.04536	0.00754	0.01567	0.00175	0.00642	0.00600	0.00418	0.00719
68	0.01560	0.03694	0.07661	0.03890	0.20838	0.21088	0.05876	0.16148	0.06942	0.01910	0.01097	0.01276	0.00864	0.00695	0.03988	0.00186	0.00750	0.00451	0.00332	0.00754
69	0.01248	0.03012	0.13059	0.09747	0.03628	0.03816	0.02743	0.05538	0.04651	0.12081	0.07291	0.12285	0.05820	0.00767	0.00534	0.00160	0.00519	0.00654	0.00406	0.12043
70	0.05011	0.13244	0.33995	0.03945	0.07384	0.01295	0.01367	0.08711	0.01255	0.08182	0.01158	0.05314	0.00924	0.00592	0.00514	0.00160	0.02610	0.00462	0.03133	0.00743
71	0.15568	0.35709	0.01828	0.03485	0.01298	0.01556	0.00853	0.01451	0.00989	0.04846	0.00982	0.06030	0.00936	0.04721	0.01871	0.00186	0.16356	0.00439	0.00285	0.00611
72	0.00667	0.00475	0.00633	0.00750	0.00788	0.00448	0.00515	0.00769	0.01020	0.01357	0.02854	0.71443	0.03394	0.04850	0.00761	0.00229	0.00331	0.07804	0.00484	0.00430
73	0.01647	0.39725	0.02125	0.04676	0.04043	0.35033	0.01005	0.03657	0.01294	0.01337	0.00801	0.00943	0.00691	0.00500	0.00417	0.00128	0.00740	0.00326	0.00255	0.00657
74	0.01266	0.01367	0.01581	0.56860	0.05504	0.21821	0.01355	0.01560	0.01178	0.01348	0.00909	0.01286	0.00703	0.00531	0.00515	0.00165	0.00768	0.00436	0.00246	0.00602
75	0.01248	0.01426	0.03119	0.02228	0.02763	0.01337	0.76203	0.01693	0.01248	0.01693	0.01070	0.01426	0.00802	0.00446	0.00624	0.00178	0.00891	0.00624	0.00267	0.00713
76	0.00687	0.00520	0.00637	0.00671	0.00784	0.00470	0.00495	0.00852	0.01237	0.01628	0.26458	0.27583	0.27301	0.01365	0.00648	0.00191	0.00292	0.07202	0.00518	0.00461
77	0.00716	0.00539	0.00662	0.00631	0.00770	0.00485	0.00473	0.00935	0.01420	0.01939	0.58924	0.04246	0.24021	0.01148	0.00624	0.00169	0.00254	0.00998	0.00558	0.00485
78	0.00990	0.00903	0.01431	0.15055	0.35068	0.00919	0.01132	0.01231	0.01140	0.01530	0.02209	0.18443	0.16013	0.00889	0.00575	0.00176	0.00506	0.00806	0.00348	0.00637
79	0.04156	0.01446	0.01540	0.01194	0.01606	0.01607	0.00983	0.69648	0.07258	0.03234	0.01312	0.01304	0.00937	0.00636	0.00524	0.00160	0.00567	0.00479	0.00524	0.00886
80	0.11796	0.02228	0.47205	0.01343	0.01931	0.11032	0.04714	0.01772	0.06258	0.01764	0.01026	0.01172	0.00759	0.00523	0.00479	0.00162	0.00713	0.00400	0.04002	0.00722
81	0.01018	0.00801	0.01034	0.00947	0.01049	0.00958	0.00726	0.03714	0.11689	0.03988	0.01443	0.02158	0.01357	0.20996	0.28280	0.00498	0.17877	0.00593	0.00337	0.00538
82	0.24746	0.01047	0.01126	0.00907	0.01268	0.01093	0.00743	0.19725	0.04877	0.29953	0.01495	0.01439	0.01028	0.00604	0.00462	0.00160	0.00451	0.00451	0.07654	0.00773
83	0.01399	0.01014	0.03213	0.04380	0.01370	0.01040	0.00820	0.13566	0.26145	0.14177	0.17010	0.02356	0.04938	0.00930	0.04056	0.00201	0.00477	0.01639	0.00528	0.00742
84	0.00725	0.00507	0.00608	0.00644	0.00736	0.00470	0.00457	0.00875	0.01148	0.01582	0.18835	0.29556	0.18044	0.09091	0.00814	0.00216	0.00306	0.03877	0.11063	0.00447
85	0.01219	0.01071	0.01650	0.12963	0.36639	0.01114	0.03251	0.05217	0.09883	0.04332	0.01781	0.04581	0.09445	0.00695	0.00554	0.00171	0.00558	0.03785	0.00357	0.00734
86	0.00644	0.00526	0.00561	0.00573	0.00721	0.00451	0.00417	0.00776	0.01186	0.01457	0.10823	0.14320	0.59362	0.04913	0.00723	0.00197	0.00282	0.01135	0.00491	0.00443

[dist]
# distance from previous block
# <min> <max>
0	24

[block]
# block no. 1 follows, 46 sequences, length 10
# corresponding to MSA columns:
# 682-691
name=unknown_B
#
# <colnr> <probs for GDERKNQSTAVLIFYWHMCP>
#	G	D	E	R	K	N	Q	S	T	A	V	L	I	F	Y	W	H	M	C	P
0	0.01014	0.01127	0.12382	0.01212	0.12191	0.00810	0.00921	0.01334	0.03377	0.01736	0.13347	0.08272	0.03996	0.02702	0.00555	0.00144	0.00453	0.00588	0.00361	0.33480
1	0.01144	0.17938	0.57874	0.01448	0.02146	0.01404	0.07743	0.01658	0.01119	0.01592	0.00917	0.01089	0.00682	0.00488	0.00480	0.00158	0.00748	0.00389	0.00227	0.00756
2	0.00700	0.00581	0.00798	0.00764	0.00910	0.00520	0.06601	0.00860	0.01180	0.01519	0.14351	0.32084	0.34479	0.01345	0.00643	0.00190	0.00330	0.01193	0.00486	0.00469
3	0.01268	0.33700	0.39178	0.01307	0.01912	0.06418	0.06268	0.01667	0.01132	0.01483	0.00864	0.01021	0.00682	0.00482	0.00444	0.00145	0.00714	0.00360	0.00230	0.00726
4	0.00721	0.00496	0.00587	0.00627	0.00645	0.00482	0.00380	0.00758	0.00869	0.01150	0.02248	0.28964	0.06016	0.51518	0.01933	0.00399	0.00434	0.01026	0.00384	0.00362
5	0.01112	0.14346	0.67525	0.01418	0.02151	0.01355	0.01799	0.01661	0.01110	0.01611	0.00917	0.01077	0.00671	0.00495	0.00478	0.00159	0.00750	0.00375	0.00224	0.00766
6	0.00787	0.00564	0.00635	0.00623	0.00788	0.00495	0.00473	0.00939	0.01225	0.06463	0.14065	0.04662	0.49738	0.08423	0.00813	0.00212	0.00319	0.07804	0.00498	0.00475
7	0.01122	0.01000	0.01334	0.01051	0.05811	0.00792	0.07304	0.01380	0.01116	0.01720	0.00954	0.01137	0.00788	0.00401	0.00419	0.00092	0.00449	0.00350	0.00306	0.72474
8	0.01226	0.01040	0.01467	0.05515	0.26235	0.00910	0.00998	0.01491	0.01151	0.05699	0.01017	0.01217	0.00824	0.00438	0.00448	0.00113	0.00487	0.00383	0.00310	0.49030
9	0.01437	0.06141	0.15501	0.04096	0.09840	0.06356	0.01136	0.21440	0.04564	0.06992	0.03395	0.10477	0.04859	0.00736	0.00533	0.00165	0.00582	0.00605	0.00404	0.00743

[dist]
# distance from previous block
# <min> <max>
0	9

[block]
# block no. 2 follows, 46 sequences, length 24
# corresponding to MSA columns:
# 701-724
name=unknown_C
#
# <colnr> <probs for GDERKNQSTAVLIFYWHMCP>
#	G	D	E	R	K	N	Q	S	T	A	V	L	I	F	Y	W	H	M	C	P
0	0.01254	0.01252	0.01883	0.31256	0.44082	0.08115	0.01513	0.01566	0.01176	0.01551	0.00959	0.01314	0.00775	0.00499	0.00521	0.00162	0.00685	0.00459	0.00253	0.00726
1	0.67238	0.01059	0.00913	0.00778	0.01124	0.01191	0.00641	0.09758	0.01137	0.10678	0.00939	0.01005	0.00687	0.00524	0.00371	0.00163	0.00432	0.00333	0.00384	0.00643
2	0.01247	0.01396	0.20977	0.01057	0.01453	0.01042	0.01034	0.20444	0.06265	0.05738	0.19631	0.02325	0.09040	0.00958	0.04835	0.00204	0.00555	0.00641	0.00452	0.00706
3	0.00779	0.00601	0.00686	0.00676	0.00826	0.00559	0.00499	0.07479	0.01333	0.01729	0.20448	0.23989	0.35849	0.01301	0.00629	0.00183	0.00301	0.01123	0.00514	0.00494
4	0.01696	0.01745	0.01427	0.01313	0.05073	0.31950	0.00975	0.15424	0.30839	0.02026	0.01420	0.01418	0.01086	0.00624	0.00512	0.00158	0.00667	0.00470	0.00419	0.00760
5	0.01315	0.01136	0.01195	0.01076	0.01375	0.01315	0.00837	0.02809	0.77168	0.02211	0.02152	0.01972	0.01614	0.00717	0.00538	0.00179	0.00418	0.00598	0.00538	0.00837
6	0.00667	0.00528	0.00601	0.00602	0.00745	0.00461	0.00444	0.00834	0.01277	0.01644	0.28716	0.13807	0.45212	0.01293	0.00630	0.00179	0.00266	0.01110	0.00521	0.00461
7	0.01077	0.02619	0.72012	0.01570	0.02330	0.01237	0.08507	0.01676	0.01128	0.01676	0.00959	0.01143	0.00681	0.00497	0.00513	0.00168	0.00791	0.00411	0.00227	0.00775
8	0.85155	0.01022	0.00777	0.00695	0.01022	0.01186	0.00573	0.01554	0.00900	0.02372	0.00736	0.00859	0.00573	0.00491	0.00327	0.00164	0.00409	0.00286	0.00327	0.00573
9	0.00831	0.00537	0.00665	0.00680	0.00763	0.00514	0.00463	0.00920	0.00985	0.07317	0.02672	0.27714	0.14905	0.27732	0.10541	0.00376	0.00509	0.01014	0.00424	0.00439
10	0.00746	0.00539	0.00653	0.00694	0.00808	0.00494	0.00499	0.00931	0.04048	0.04336	0.12632	0.40690	0.26031	0.01413	0.00645	0.00196	0.00303	0.03359	0.00509	0.00477
11	0.01361	0.01197	0.01690	0.13083	0.01973	0.04961	0.15770	0.17166	0.09606	0.04678	0.06598	0.04748	0.01420	0.00732	0.00679	0.00181	0.07808	0.05251	0.00400	0.00697
12	0.03371	0.05038	0.01723	0.08796	0.12660	0.06592	0.07725	0.14623	0.22986	0.02023	0.01316	0.01442	0.01017	0.00616	0.00628	0.00171	0.07630	0.00499	0.00382	0.00763
13	0.01478	0.00778	0.00971	0.00852	0.01105	0.00742	0.00672	0.03068	0.11497	0.31758	0.09009	0.05800	0.10645	0.09609	0.00812	0.00216	0.00416	0.09344	0.00551	0.00679
14	0.01324	0.00726	0.00892	0.00798	0.01031	0.00675	0.00615	0.07266	0.03736	0.26193	0.05487	0.22702	0.21833	0.01192	0.02813	0.00200	0.00396	0.00941	0.00545	0.00636
15	0.04470	0.07027	0.29356	0.01392	0.01915	0.19629	0.06875	0.19580	0.01532	0.01980	0.00983	0.01112	0.00734	0.00536	0.00496	0.00155	0.00756	0.00406	0.00315	0.00751
16	0.08580	0.04831	0.11495	0.01220	0.01606	0.37320	0.01056	0.09244	0.04359	0.13778	0.01118	0.01165	0.00826	0.00564	0.00479	0.00150	0.00738	0.00393	0.00364	0.00715
17	0.00644	0.00460	0.00613	0.00736	0.00767	0.00429	0.00491	0.00736	0.01012	0.01350	0.02914	0.81076	0.03497	0.01656	0.00675	0.00215	0.00307	0.01503	0.00491	0.00429
18	0.06216	0.07940	0.05769	0.17532	0.10188	0.04375	0.01131	0.13640	0.18054	0.07991	0.01320	0.01419	0.00984	0.00581	0.00500	0.00163	0.00580	0.00469	0.00389	0.00761
19	0.01209	0.15060	0.22552	0.01019	0.01421	0.03921	0.01030	0.08040	0.01283	0.07452	0.07221	0.11847	0.08267	0.03614	0.00591	0.00173	0.00536	0.00650	0.03458	0.00656
20	0.12384	0.04115	0.01230	0.01034	0.01226	0.07978	0.00837	0.01609	0.07737	0.11740	0.01233	0.01510	0.01020	0.01637	0.23457	0.00374	0.19441	0.00473	0.00346	0.00619
21	0.01168	0.00845	0.01441	0.01152	0.01433	0.00775	0.21931	0.01399	0.01227	0.16615	0.07869	0.16898	0.15574	0.05450	0.03521	0.00223	0.00540	0.00883	0.00450	0.00605
22	0.03969	0.01339	0.16956	0.10536	0.14913	0.01049	0.01183	0.09837	0.03302	0.04302	0.04263	0.09534	0.05432	0.00694	0.00523	0.00161	0.00551	0.00592	0.00356	0.10508
23	0.01621	0.08571	0.09056	0.01140	0.01510	0.14431	0.03637	0.19167	0.01560	0.14374	0.07288	0.01575	0.01262	0.01070	0.11124	0.00247	0.00739	0.00492	0.00411	0.00724

[dist]
# distance from previous block
# <min> <max>
0	113

[block]
# block no. 3 follows, 46 sequences, length 23
# corresponding to MSA columns:
# 842-864
name=unknown_D
#
# <colnr> <probs for GDERKNQSTAVLIFYWHMCP>
#	G	D	E	R	K	N	Q	S	T	A	V	L	I	F	Y	W	H	M	C	P
0	0.01138	0.01487	0.16283	0.20120	0.06016	0.08974	0.15533	0.01526	0.03588	0.01523	0.01291	0.10280	0.01167	0.00738	0.01653	0.00188	0.03701	0.03854	0.00293	0.00647
1	0.01042	0.01055	0.01805	0.11273	0.01986	0.04603	0.30122	0.01351	0.01245	0.01662	0.15769	0.09064	0.07995	0.00751	0.00590	0.00168	0.00608	0.00742	0.00363	0.07806
2	0.01198	0.00968	0.07794	0.01335	0.15676	0.00819	0.00948	0.01467	0.02730	0.16250	0.07886	0.08239	0.15340	0.01103	0.04854	0.00217	0.03339	0.08736	0.00443	0.00656
3	0.05049	0.01314	0.09398	0.01297	0.05656	0.03696	0.07150	0.08006	0.26896	0.07333	0.01613	0.08343	0.01317	0.00706	0.00597	0.00172	0.04907	0.00589	0.00424	0.05537
4	0.06027	0.11784	0.07226	0.01088	0.07825	0.00994	0.03232	0.05034	0.01289	0.18243	0.05154	0.06612	0.19607	0.00815	0.00524	0.00162	0.00460	0.00675	0.02577	0.00673
5	0.01365	0.04225	0.27027	0.01241	0.03580	0.04774	0.03191	0.07983	0.10906	0.10540	0.01363	0.06048	0.01074	0.00607	0.00502	0.00153	0.00592	0.00496	0.00372	0.13960
6	0.01351	0.08457	0.36411	0.01639	0.06628	0.16051	0.14234	0.04962	0.02388	0.01654	0.00962	0.01148	0.00729	0.00504	0.00508	0.00158	0.00793	0.00424	0.00260	0.00739
7	0.00824	0.00640	0.00886	0.00931	0.04339	0.00697	0.00669	0.01160	0.09452	0.01533	0.15184	0.13821	0.02295	0.02608	0.41834	0.00532	0.00904	0.00770	0.00393	0.00527
8	0.10390	0.00666	0.00762	0.00714	0.00932	0.00614	0.00555	0.01295	0.01220	0.19529	0.05797	0.16972	0.31654	0.01140	0.00585	0.00183	0.00346	0.05564	0.00514	0.00567
9	0.05758	0.01364	0.14631	0.01598	0.15625	0.03170	0.08496	0.06326	0.01252	0.14053	0.01491	0.09916	0.03411	0.00826	0.03418	0.00199	0.06775	0.00600	0.00369	0.00722
10	0.01073	0.00948	0.01416	0.11975	0.21754	0.02858	0.05060	0.04009	0.05435	0.01611	0.01818	0.10793	0.03349	0.07806	0.00780	0.00218	0.00564	0.17544	0.00368	0.00621
11	0.00658	0.00512	0.00601	0.00650	0.00763	0.00455	0.00471	0.00795	0.01165	0.01483	0.12279	0.33715	0.37668	0.01437	0.00649	0.00194	0.00292	0.05264	0.00501	0.00448
12	0.01332	0.11649	0.28932	0.01384	0.05965	0.04069	0.05744	0.09062	0.12354	0.06123	0.01347	0.07364	0.01099	0.00633	0.00512	0.00164	0.00632	0.00525	0.00350	0.00761
13	0.03408	0.05306	0.14514	0.11965	0.16377	0.05263	0.10103	0.11828	0.10210	0.04181	0.01165	0.01340	0.00879	0.00540	0.00519	0.00164	0.00666	0.00473	0.00333	0.00766
14	0.00823	0.00663	0.00751	0.00748	0.00905	0.00665	0.00551	0.01302	0.19893	0.01730	0.17567	0.24838	0.25092	0.01224	0.00617	0.00186	0.00312	0.01064	0.00520	0.00548
15	0.00867	0.00907	0.07700	0.05710	0.18201	0.00747	0.00892	0.01124	0.01262	0.01691	0.22647	0.04501	0.29769	0.00967	0.00587	0.00170	0.00412	0.00838	0.00427	0.00583
16	0.04110	0.15971	0.08646	0.04769	0.01744	0.14679	0.10064	0.14150	0.01365	0.01747	0.01081	0.07346	0.00957	0.00698	0.01674	0.00172	0.09331	0.00502	0.00315	0.00677
17	0.01390	0.03478	0.05029	0.27515	0.23823	0.12168	0.01362	0.12024	0.04921	0.01775	0.01036	0.01298	0.00806	0.00535	0.00514	0.00161	0.00687	0.00451	0.00302	0.00727
18	0.00668	0.00477	0.00639	0.00753	0.00796	0.00449	0.00522	0.00781	0.01056	0.01412	0.07005	0.70412	0.03539	0.01608	0.00677	0.00215	0.00319	0.07740	0.00495	0.00438
19	0.01331	0.01207	0.01451	0.10103	0.08953	0.10107	0.07389	0.19190	0.05802	0.02007	0.10830	0.06551	0.06738	0.05166	0.00675	0.00186	0.00579	0.00654	0.00410	0.00669
20	0.07403	0.20200	0.11204	0.07352	0.12881	0.01472	0.03239	0.16392	0.05274	0.06176	0.01156	0.02129	0.01808	0.00554	0.00472	0.00153	0.00592	0.00438	0.00345	0.00759
21	0.00934	0.00578	0.00774	0.00762	0.00867	0.00609	0.00574	0.01090	0.00956	0.07927	0.01720	0.02804	0.01659	0.22257	0.36053	0.00559	0.00875	0.08597	0.09932	0.00475
22	0.01380	0.01028	0.07689	0.00932	0.01245	0.00901	0.00804	0.16068	0.07295	0.18161	0.12997	0.07445	0.14069	0.01080	0.05240	0.00212	0.00493	0.01751	0.00514	0.00696

[dist]
# distance from previous block
# <min> <max>
2	6

[block]
# block no. 4 follows, 46 sequences, length 20
# corresponding to MSA columns:
# 871-890
name=unknown_E
#
# <colnr> <probs for GDERKNQSTAVLIFYWHMCP>
#	G	D	E	R	K	N	Q	S	T	A	V	L	I	F	Y	W	H	M	C	P
0	0.01093	0.01256	0.12293	0.01418	0.11440	0.05152	0.10943	0.03487	0.06868	0.01585	0.01524	0.15338	0.01500	0.14815	0.00924	0.00226	0.00588	0.00696	0.00340	0.08512
1	0.01168	0.01016	0.03592	0.00907	0.01325	0.00834	0.02833	0.05190	0.02952	0.04745	0.01337	0.01574	0.05209	0.00549	0.00515	0.00114	0.04725	0.03230	0.00351	0.57835
2	0.00781	0.00508	0.00586	0.00586	0.00586	0.00508	0.00332	0.00762	0.00762	0.01016	0.01603	0.03305	0.01838	0.74796	0.02639	0.07514	0.00508	0.00743	0.00313	0.00313
3	0.01257	0.01114	0.01239	0.03417	0.08134	0.03645	0.00892	0.02427	0.57876	0.02043	0.03849	0.08498	0.01729	0.00772	0.00548	0.00179	0.00448	0.00659	0.00494	0.00781
4	0.00660	0.00501	0.00601	0.00651	0.00745	0.00450	0.00455	0.00788	0.01146	0.01489	0.16018	0.39698	0.28447	0.04921	0.00737	0.00208	0.00293	0.01252	0.00498	0.00442
5	0.00908	0.01408	0.26762	0.05969	0.05935	0.00885	0.08198	0.01256	0.01173	0.01592	0.09796	0.04512	0.23572	0.04918	0.00678	0.00190	0.00554	0.00731	0.00353	0.00611
6	0.00640	0.00499	0.00582	0.00640	0.00743	0.00440	0.00450	0.00758	0.01123	0.01420	0.07370	0.42474	0.38012	0.01484	0.00649	0.00196	0.00286	0.01299	0.00495	0.00440
7	0.01222	0.50882	0.02035	0.00859	0.01198	0.05751	0.00789	0.01393	0.01162	0.01391	0.11517	0.01939	0.13429	0.00698	0.00484	0.00136	0.03677	0.00512	0.00317	0.00611
8	0.01413	0.81739	0.02770	0.00905	0.01357	0.02092	0.00905	0.01583	0.01074	0.01244	0.00735	0.00848	0.00678	0.00452	0.00339	0.00113	0.00565	0.00283	0.00226	0.00678
9	0.01096	0.00940	0.01096	0.00783	0.01253	0.00705	0.00626	0.01331	0.01096	0.01723	0.00940	0.01096	0.00783	0.00392	0.00392	0.00078	0.00392	0.00313	0.00313	0.84653
10	0.02035	0.01441	0.01562	0.01197	0.01620	0.01580	0.00989	0.71290	0.02419	0.08496	0.01325	0.01306	0.00927	0.00636	0.00529	0.00159	0.00573	0.00480	0.00537	0.00899
11	0.85155	0.01022	0.00777	0.00695	0.01022	0.01186	0.00573	0.01554	0.00900	0.02372	0.00736	0.00859	0.00573	0.00491	0.00327	0.00164	0.00409	0.00286	0.00327	0.00573
12	0.01520	0.01788	0.01177	0.01126	0.01317	0.51235	0.00826	0.01648	0.01330	0.01347	0.01499	0.25219	0.01568	0.00884	0.00531	0.00159	0.00720	0.00700	0.04853	0.00551
13	0.01962	0.01457	0.01560	0.01207	0.01621	0.01617	0.00993	0.71306	0.07617	0.03255	0.01330	0.01318	0.00948	0.00640	0.00529	0.00160	0.00571	0.00484	0.00529	0.00895
14	0.01136	0.00835	0.01034	0.00922	0.01102	0.00935	0.00716	0.23708	0.01333	0.01834	0.01407	0.02029	0.01279	0.13946	0.44644	0.00593	0.01036	0.00568	0.00363	0.00580
15	0.00657	0.00514	0.00596	0.00624	0.00746	0.00453	0.00450	0.00804	0.01210	0.01554	0.20300	0.27803	0.39647	0.01379	0.00640	0.00187	0.00276	0.01198	0.00511	0.00453
16	0.01082	0.02583	0.69916	0.01590	0.02343	0.01240	0.10567	0.01676	0.01131	0.01676	0.00963	0.01152	0.00685	0.00496	0.00516	0.00169	0.00794	0.00418	0.00228	0.00773
17	0.04801	0.04845	0.09116	0.01154	0.01444	0.13287	0.03086	0.09348	0.01278	0.11821	0.01365	0.01541	0.05028	0.01027	0.08810	0.00240	0.16656	0.00484	0.04002	0.00666
18	0.00998	0.04943	0.01011	0.00885	0.01066	0.07451	0.00676	0.04460	0.09509	0.01516	0.01963	0.24348	0.05150	0.01934	0.24361	0.00376	0.00739	0.00801	0.00388	0.07425
19	0.01265	0.31540	0.11238	0.01086	0.01526	0.05308	0.09359	0.01515	0.01129	0.04499	0.01260	0.03496	0.05201	0.05405	0.00580	0.00155	0.00589	0.00459	0.00291	0.14101

[dist]
# distance from previous block
# <min> <max>
1	63

[block]
# block no. 5 follows, 46 sequences, length 25
# corresponding to MSA columns:
# 1032-1056
name=unknown_F
#
# <colnr> <probs for GDERKNQSTAVLIFYWHMCP>
#	G	D	E	R	K	N	Q	S	T	A	V	L	I	F	Y	W	H	M	C	P
0	0.07676	0.04000	0.01211	0.01180	0.11014	0.06990	0.00803	0.09770	0.01300	0.04404	0.09269	0.11872	0.08607	0.05287	0.00714	0.00180	0.05162	0.00677	0.00398	0.09487
1	0.02880	0.01400	0.11682	0.08191	0.09778	0.09185	0.12528	0.05539	0.09494	0.01759	0.06695	0.02178	0.14985	0.00714	0.00554	0.00168	0.00611	0.00627	0.00363	0.00673
2	0.00697	0.00514	0.00655	0.00691	0.00788	0.00471	0.00502	0.00870	0.01255	0.01698	0.34671	0.33175	0.15034	0.01357	0.00649	0.00191	0.00288	0.05501	0.00529	0.00464
3	0.01273	0.05681	0.05690	0.05470	0.13992	0.01187	0.09275	0.06225	0.19654	0.06406	0.07253	0.05519	0.03387	0.03392	0.00654	0.00182	0.03012	0.00617	0.00404	0.00728
4	0.00912	0.00925	0.08021	0.08066	0.08607	0.00787	0.00839	0.05149	0.05683	0.01821	0.25111	0.03325	0.26769	0.00959	0.00585	0.00171	0.00407	0.00821	0.00454	0.00588
5	0.01208	0.07140	0.36154	0.11828	0.10917	0.06882	0.02821	0.04647	0.06457	0.01675	0.01226	0.01397	0.04254	0.00559	0.00507	0.00163	0.00698	0.00454	0.00280	0.00736
6	0.01074	0.00997	0.01483	0.13162	0.16907	0.01213	0.01137	0.01389	0.07476	0.01457	0.01235	0.09722	0.01172	0.01211	0.10718	0.00279	0.27848	0.00598	0.00298	0.00625
7	0.00756	0.00563	0.00831	0.00831	0.00918	0.00650	0.00637	0.00932	0.00844	0.01213	0.01433	0.02173	0.01364	0.09378	0.73970	0.00826	0.01353	0.00581	0.00286	0.00461
8	0.01335	0.07946	0.32151	0.04249	0.07928	0.09583	0.11208	0.01897	0.10741	0.06221	0.01156	0.01292	0.00859	0.00530	0.00512	0.00162	0.00718	0.00451	0.00303	0.00759
9	0.00998	0.00940	0.01586	0.80150	0.03641	0.01175	0.01468	0.01351	0.01057	0.01351	0.00940	0.01409	0.00705	0.00529	0.00529	0.00176	0.00705	0.00470	0.00235	0.00587
10	0.01591	0.01370	0.01324	0.01129	0.01458	0.09862	0.00892	0.25620	0.42842	0.02452	0.01716	0.01642	0.01280	0.00669	0.00522	0.00166	0.00521	0.00528	0.03596	0.00819
11	0.01380	0.12352	0.08624	0.05774	0.39371	0.11672	0.03924	0.03498	0.01239	0.01621	0.00936	0.01179	0.00772	0.00482	0.00487	0.00147	0.00675	0.00418	0.00263	0.05185
12	0.01120	0.02339	0.56556	0.01800	0.08534	0.01253	0.17573	0.01674	0.01151	0.01683	0.00978	0.01197	0.00711	0.00488	0.00530	0.00169	0.00792	0.00446	0.00236	0.00771
13	0.01165	0.01737	0.24504	0.01908	0.02466	0.01270	0.47190	0.01633	0.01191	0.01664	0.01132	0.01620	0.00905	0.00546	0.00639	0.00181	0.03938	0.05330	0.00268	0.00713
14	0.00770	0.00632	0.00998	0.00971	0.01088	0.00605	0.10883	0.00984	0.04491	0.01450	0.02620	0.61762	0.03014	0.01436	0.00665	0.00210	0.00403	0.06064	0.00462	0.00490
15	0.01382	0.01774	0.13420	0.01849	0.17074	0.20565	0.08254	0.01648	0.01144	0.01468	0.00857	0.01156	0.00726	0.00633	0.00895	0.00179	0.25607	0.00438	0.00250	0.00682
16	0.03058	0.07144	0.35478	0.01461	0.06761	0.09348	0.06413	0.01850	0.01244	0.16197	0.01241	0.01495	0.00935	0.00577	0.00513	0.00164	0.00697	0.04333	0.00332	0.00759
17	0.00795	0.00570	0.00785	0.00904	0.01004	0.00560	0.00751	0.00998	0.01166	0.01520	0.02887	0.24704	0.04897	0.01506	0.00714	0.00235	0.00437	0.54608	0.00488	0.00472
18	0.85155	0.01022	0.00777	0.00695	0.01022	0.01186	0.00573	0.01554	0.00900	0.02372	0.00736	0.00859	0.00573	0.00491	0.00327	0.00164	0.00409	0.00286	0.00327	0.00573
19	0.00761	0.00542	0.00725	0.00725	0.00777	0.00593	0.00506	0.00864	0.00813	0.01135	0.01530	0.02706	0.01595	0.39185	0.44479	0.00696	0.01005	0.00658	0.00300	0.00403
20	0.01039	0.00641	0.00869	0.00816	0.00965	0.00669	0.00624	0.04549	0.01087	0.12908	0.06790	0.08140	0.05791	0.10425	0.41565	0.00557	0.00929	0.00699	0.00399	0.00537
21	0.09919	0.01861	0.40760	0.01200	0.01734	0.01136	0.01339	0.04268	0.13711	0.05957	0.05475	0.01499	0.01147	0.00722	0.03615	0.00194	0.00634	0.00466	0.03624	0.00740
22	0.01275	0.01655	0.27341	0.01761	0.19190	0.04174	0.08355	0.01709	0.04533	0.10443	0.05833	0.08699	0.01344	0.00657	0.00545	0.00169	0.00636	0.00588	0.00346	0.00749
23	0.05053	0.24779	0.13235	0.01364	0.01829	0.06468	0.21423	0.02762	0.01155	0.01554	0.01009	0.04769	0.00870	0.00660	0.03518	0.00175	0.01924	0.00469	0.00270	0.06713
24	0.04131	0.18820	0.11776	0.01093	0.01412	0.20085	0.06792	0.01487	0.01099	0.01321	0.01088	0.01736	0.01056	0.24717	0.01120	0.00252	0.00692	0.00483	0.00272	0.00568

[dist]
# distance from previous block
# <min> <max>
15	97

[block]
# block no. 6 follows, 46 sequences, length 25
# corresponding to MSA columns:
# 1206-1230
name=unknown_G
#
# <colnr> <probs for GDERKNQSTAVLIFYWHMCP>
#	G	D	E	R	K	N	Q	S	T	A	V	L	I	F	Y	W	H	M	C	P
0	0.18539	0.26701	0.19922	0.01211	0.06624	0.08213	0.01137	0.04424	0.01172	0.06385	0.00911	0.01026	0.00712	0.00500	0.00418	0.00146	0.00615	0.00348	0.00289	0.00707
1	0.11523	0.14716	0.08975	0.06186	0.30432	0.01247	0.01194	0.01473	0.01106	0.01657	0.01238	0.07787	0.04028	0.00602	0.00475	0.00153	0.00554	0.00509	0.00290	0.05855
2	0.00982	0.04140	0.29096	0.01247	0.07698	0.00895	0.01162	0.01306	0.01076	0.04567	0.01668	0.26907	0.01689	0.01220	0.08565	0.00244	0.00637	0.00769	0.00341	0.05791
3	0.17466	0.01072	0.00969	0.09864	0.01355	0.15226	0.00729	0.01425	0.01216	0.09061	0.07157	0.08722	0.20471	0.00881	0.00526	0.00170	0.00495	0.02219	0.00411	0.00564
4	0.00843	0.06925	0.20181	0.00882	0.01152	0.00772	0.00848	0.01067	0.01071	0.01455	0.11074	0.22554	0.10900	0.13487	0.00962	0.03583	0.00470	0.00875	0.00379	0.00520
5	0.01493	0.01252	0.06094	0.01304	0.10122	0.01248	0.00963	0.38019	0.07925	0.02428	0.01513	0.09331	0.01332	0.11038	0.00813	0.00210	0.00540	0.00617	0.03008	0.00748
6	0.00707	0.00491	0.00590	0.00643	0.00666	0.00473	0.00398	0.00754	0.00897	0.01186	0.02405	0.36789	0.06818	0.42813	0.01713	0.00366	0.00411	0.01102	0.00403	0.00374
7	0.01281	0.06133	0.01309	0.00970	0.01327	0.04976	0.05339	0.05871	0.16969	0.07336	0.01841	0.04726	0.09210	0.03582	0.00573	0.00152	0.00470	0.00559	0.00411	0.26965
8	0.01098	0.00808	0.00945	0.00820	0.01020	0.00834	0.00631	0.19830	0.06328	0.02338	0.47962	0.03121	0.03515	0.07481	0.00763	0.00193	0.00364	0.00799	0.00545	0.00605
9	0.01635	0.23213	0.08065	0.01108	0.01527	0.26421	0.00978	0.07823	0.01366	0.07714	0.00964	0.01056	0.00764	0.00507	0.00436	0.00127	0.00670	0.00351	0.00314	0.14960
10	0.00985	0.00493	0.00493	0.00493	0.00616	0.00493	0.00370	0.01232	0.01109	0.01971	0.01725	0.01971	0.01355	0.00616	0.00370	0.00123	0.00246	0.00493	0.84356	0.00493
11	0.01186	0.00998	0.01143	0.00839	0.01293	0.00825	0.00672	0.07540	0.06706	0.01889	0.01054	0.01174	0.00852	0.00435	0.00413	0.00092	0.00409	0.00347	0.00347	0.71785
12	0.01353	0.06310	0.01377	0.01129	0.01261	0.22567	0.00909	0.01510	0.01088	0.01450	0.00986	0.01285	0.00854	0.00715	0.00966	0.00171	0.33909	0.00426	0.21160	0.00573
13	0.00985	0.00493	0.00493	0.00493	0.00616	0.00493	0.00370	0.01232	0.01109	0.01971	0.01725	0.01971	0.01355	0.00616	0.00370	0.00123	0.00246	0.00493	0.84356	0.00493
14	0.64472	0.01395	0.00956	0.00861	0.01175	0.20609	0.00684	0.01693	0.01048	0.02104	0.00756	0.00882	0.00599	0.00504	0.00364	0.00157	0.00544	0.00300	0.00314	0.00583
15	0.01262	0.01124	0.01328	0.01358	0.11370	0.12212	0.04735	0.04284	0.09230	0.06103	0.04491	0.03860	0.01431	0.04373	0.18336	0.00336	0.05638	0.04669	0.03226	0.00634
16	0.03858	0.12156	0.15818	0.01326	0.07092	0.10902	0.05164	0.09448	0.01330	0.03890	0.02949	0.10944	0.01457	0.00785	0.00537	0.00171	0.00623	0.10523	0.00356	0.00671
17	0.77058	0.01033	0.00817	0.00732	0.01056	0.01198	0.00598	0.01675	0.08266	0.02356	0.00873	0.00966	0.00673	0.00513	0.00348	0.00165	0.00410	0.00316	0.00348	0.00598
18	0.01497	0.06267	0.10369	0.02878	0.07165	0.09148	0.05257	0.19436	0.10126	0.07028	0.02525	0.04639	0.03554	0.00707	0.00565	0.00168	0.02482	0.05035	0.00408	0.00747
19	0.01920	0.02312	0.01640	0.01416	0.01727	0.64109	0.07134	0.10538	0.01590	0.01559	0.00889	0.01028	0.00716	0.00547	0.00495	0.00142	0.00906	0.00379	0.00301	0.00654
20	0.01618	0.06941	0.01950	0.05138	0.25668	0.38980	0.08946	0.01852	0.01336	0.01469	0.00898	0.01124	0.00743	0.00505	0.00500	0.00147	0.00811	0.00412	0.00264	0.00696
21	0.00763	0.00547	0.00640	0.00630	0.00750	0.00500	0.00456	0.00908	0.01189	0.03703	0.24735	0.04338	0.30054	0.21169	0.01144	0.00263	0.00346	0.06941	0.00479	0.00446
22	0.00985	0.00493	0.00493	0.00493	0.00616	0.00493	0.00370	0.01232	0.01109	0.01971	0.01725	0.01971	0.01355	0.00616	0.00370	0.00123	0.00246	0.00493	0.84356	0.00493
23	0.01112	0.02374	0.57863	0.01706	0.02419	0.01258	0.22411	0.01679	0.01152	0.01679	0.00982	0.01202	0.00706	0.00487	0.00536	0.00170	0.00812	0.00455	0.00235	0.00762
24	0.00664	0.00533	0.00592	0.00587	0.00740	0.00461	0.00436	0.00831	0.01284	0.01636	0.27505	0.08959	0.51356	0.01277	0.00627	0.00177	0.00264	0.01088	0.00519	0.00461

[dist]
# distance from previous block
# <min> <max>
0	12

[block]
# block no. 7 follows, 46 sequences, length 76
# corresponding to MSA columns:
# 1243,1245-1319
name=unknown_H
#
# <colnr> <probs for GDERKNQSTAVLIFYWHMCP>
#	G	D	E	R	K	N	Q	S	T	A	V	L	I	F	Y	W	H	M	C	P
0	0.01414	0.29474	0.01780	0.01038	0.01344	0.20731	0.04253	0.04767	0.01315	0.04649	0.11670	0.12337	0.01693	0.00741	0.00487	0.00147	0.00594	0.00590	0.00355	0.00624
1	0.00679	0.00538	0.00611	0.00593	0.00748	0.00470	0.00445	0.00864	0.01334	0.01734	0.37427	0.04584	0.45646	0.01225	0.00624	0.00173	0.00260	0.01045	0.00531	0.00470
2	0.01096	0.00940	0.01096	0.00783	0.01253	0.00705	0.00626	0.01331	0.01096	0.01723	0.00940	0.01096	0.00783	0.00392	0.00392	0.00078	0.00392	0.00313	0.00313	0.84653
3	0.85155	0.01022	0.00777	0.00695	0.01022	0.01186	0.00573	0.01554	0.00900	0.02372	0.00736	0.00859	0.00573	0.00491	0.00327	0.00164	0.00409	0.00286	0.00327	0.00573
4	0.00769	0.00513	0.00577	0.00577	0.00577	0.00513	0.00320	0.00769	0.00769	0.01025	0.01666	0.03460	0.01922	0.81421	0.02691	0.00513	0.00513	0.00769	0.00320	0.00320
5	0.17478	0.08444	0.01700	0.35026	0.24649	0.01285	0.01288	0.01491	0.01071	0.01649	0.00897	0.01222	0.00715	0.00497	0.00471	0.00162	0.00612	0.00417	0.00260	0.00666
6	0.01262	0.01368	0.09766	0.18641	0.36628	0.03634	0.03589	0.06706	0.01251	0.01739	0.00988	0.01276	0.00785	0.00490	0.00510	0.00154	0.00649	0.00446	0.00277	0.09842
7	0.00985	0.00493	0.00493	0.00493	0.00616	0.00493	0.00370	0.01232	0.01109	0.01971	0.01725	0.01971	0.01355	0.00616	0.00370	0.00123	0.00246	0.00493	0.84356	0.00493
8	0.00665	0.00486	0.00613	0.00685	0.00756	0.00443	0.00473	0.00774	0.01103	0.01451	0.13319	0.52686	0.18329	0.01524	0.00712	0.03445	0.00297	0.01313	0.00493	0.00434
9	0.00630	0.00536	0.00543	0.00541	0.00717	0.00449	0.00406	0.00769	0.01218	0.01458	0.08520	0.05038	0.74725	0.01328	0.00625	0.00178	0.00267	0.01109	0.00495	0.00449
10	0.00787	0.00551	0.00725	0.00812	0.00880	0.00545	0.00627	0.00930	0.01047	0.01375	0.02493	0.19984	0.02806	0.24714	0.01289	0.00316	0.00459	0.38795	0.00439	0.00427
11	0.02148	0.01259	0.01449	0.01111	0.01529	0.01311	0.00918	0.48237	0.02115	0.31979	0.01580	0.01471	0.01055	0.00642	0.00530	0.00161	0.00531	0.00497	0.00577	0.00899
12	0.00766	0.00525	0.00639	0.00639	0.00661	0.00547	0.00398	0.00809	0.00787	0.01071	0.01608	0.03143	0.01784	0.63673	0.20251	0.00590	0.00720	0.00722	0.00312	0.00355
13	0.00896	0.00676	0.00801	0.00764	0.00920	0.00689	0.00572	0.03496	0.17213	0.02021	0.41333	0.15637	0.05991	0.01065	0.00597	0.00174	0.00304	0.00933	0.05349	0.00568
14	0.00985	0.00493	0.00493	0.00493	0.00616	0.00493	0.00370	0.01232	0.01109	0.01971	0.01725	0.01971	0.01355	0.00616	0.00370	0.00123	0.00246	0.00493	0.84356	0.00493
15	0.07522	0.16031	0.14462	0.01186	0.01672	0.07881	0.10413	0.03400	0.02581	0.13300	0.01098	0.01192	0.00821	0.00499	0.00459	0.00139	0.00612	0.00401	0.00335	0.15996
16	0.04258	0.05546	0.01378	0.01164	0.01424	0.47395	0.00884	0.07978	0.05461	0.04115	0.01089	0.01401	0.00942	0.10253	0.04310	0.00218	0.00812	0.00428	0.00326	0.00619
17	0.00985	0.00493	0.00493	0.00493	0.00616	0.00493	0.00370	0.01232	0.01109	0.01971	0.01725	0.01971	0.01355	0.00616	0.00370	0.00123	0.00246	0.00493	0.84356	0.00493
18	0.53249	0.05618	0.01118	0.00927	0.01243	0.27201	0.00739	0.01741	0.01108	0.01956	0.00763	0.00890	0.00614	0.00507	0.00377	0.00152	0.00598	0.00304	0.00304	0.00591
