[name]
unknown

[dist]
# distance from previous block
# <min> <max>
0	126

[block]
# block no. 0 follows, 42 sequences, length 17
# corresponding to MSA columns:
# 126-142
name=unknown_A
#
# <colnr> <probs for GDERKNQSTAVLIFYWHMCP>
#	G	D	E	R	K	N	Q	S	T	A	V	L	I	F	Y	W	H	M	C	P
0	0.00976	0.00672	0.00921	0.00988	0.01151	0.00648	0.00849	0.01234	0.01334	0.04875	0.10868	0.05642	0.03255	0.01412	0.00736	0.00237	0.00483	0.58037	0.00526	0.05154
1	0.01292	0.07262	0.33179	0.02527	0.41154	0.01384	0.01821	0.01747	0.01234	0.01781	0.01020	0.01276	0.00807	0.00514	0.00535	0.00169	0.00731	0.00453	0.00259	0.00856
2	0.00757	0.00567	0.00702	0.00682	0.00820	0.00512	0.00506	0.00979	0.01477	0.02016	0.53793	0.10845	0.21744	0.01266	0.00669	0.00184	0.00275	0.01106	0.00589	0.00512
3	0.01425	0.01375	0.02049	0.16594	0.47197	0.07397	0.03977	0.06678	0.01369	0.01855	0.01085	0.01410	0.00877	0.00535	0.00552	0.00169	0.00701	0.00497	0.03447	0.00811
4	0.00762	0.00574	0.00704	0.00672	0.00819	0.00516	0.00504	0.00995	0.01511	0.02062	0.57719	0.04524	0.24128	0.01223	0.00664	0.00180	0.00271	0.01063	0.00594	0.00516
5	0.00705	0.00514	0.00669	0.00785	0.00844	0.00478	0.00549	0.00823	0.01121	0.01470	0.03374	0.64593	0.11632	0.01706	0.00718	0.00227	0.00341	0.08466	0.00522	0.00465
6	0.01331	0.01278	0.02051	0.01646	0.01798	0.01603	0.17425	0.01537	0.01010	0.06027	0.00916	0.01336	0.00804	0.00855	0.01508	0.00229	0.57160	0.00535	0.00282	0.00668
7	0.01063	0.01000	0.01688	0.78870	0.03876	0.01250	0.01563	0.01438	0.01125	0.01438	0.01000	0.01500	0.00750	0.00563	0.00563	0.00188	0.00750	0.00500	0.00250	0.00625
8	0.01629	0.21653	0.02080	0.10103	0.09556	0.32637	0.05902	0.01853	0.01335	0.01440	0.00941	0.01191	0.00798	0.00781	0.05654	0.00199	0.00875	0.00412	0.00272	0.00688
9	0.01371	0.05436	0.06354	0.05396	0.04043	0.01045	0.03368	0.10859	0.01433	0.07196	0.08285	0.01555	0.01297	0.00562	0.00494	0.00129	0.00513	0.00466	0.00395	0.39802
10	0.12617	0.04608	0.26281	0.03618	0.01861	0.06109	0.01290	0.13519	0.01517	0.21338	0.01326	0.01352	0.00914	0.00598	0.00516	0.00171	0.00657	0.00449	0.00424	0.00833
11	0.01292	0.43087	0.17009	0.01263	0.08656	0.01642	0.01159	0.01578	0.01172	0.01531	0.01353	0.06117	0.05454	0.00638	0.00455	0.00147	0.00596	0.00488	0.05647	0.00716
12	0.06194	0.00628	0.00870	0.00864	0.00970	0.00723	0.00660	0.01028	0.00899	0.01363	0.01488	0.02278	0.01421	0.11771	0.65276	0.00820	0.01340	0.00606	0.00309	0.00493
13	0.01130	0.01094	0.06024	0.03078	0.22873	0.00983	0.08050	0.01559	0.08246	0.04298	0.20819	0.05685	0.12045	0.00864	0.00615	0.00181	0.00515	0.00787	0.00443	0.00711
14	0.06708	0.09177	0.01801	0.05985	0.01849	0.23069	0.09037	0.13104	0.01568	0.10970	0.01145	0.01260	0.00862	0.00564	0.00509	0.00152	0.00722	0.00437	0.00381	0.10700
15	0.06691	0.06690	0.06843	0.06468	0.04482	0.23284	0.17805	0.10233	0.01515	0.06879	0.01216	0.01384	0.02831	0.00581	0.00546	0.00167	0.00800	0.00492	0.00347	0.00746
16	0.32374	0.01186	0.01386	0.08855	0.17278	0.01292	0.01020	0.08752	0.11079	0.02287	0.01135	0.01292	0.00882	0.00558	0.00469	0.00167	0.00531	0.00430	0.00373	0.08654

[dist]
# distance from previous block
# <min> <max>
1	6

[block]
# block no. 1 follows, 42 sequences, length 15
# corresponding to MSA columns:
# 149-163
name=unknown_B
#
# <colnr> <probs for GDERKNQSTAVLIFYWHMCP>
#	G	D	E	R	K	N	Q	S	T	A	V	L	I	F	Y	W	H	M	C	P
0	0.01191	0.01019	0.01261	0.01067	0.01278	0.01138	0.00855	0.10798	0.05716	0.01934	0.11930	0.09158	0.07880	0.00950	0.00967	0.00186	0.24716	0.00700	0.00422	0.16834
1	0.01124	0.01061	0.10803	0.00996	0.01265	0.00877	0.00887	0.08595	0.08359	0.05539	0.18725	0.05047	0.04921	0.09391	0.07139	0.00290	0.00575	0.13279	0.00487	0.00638
2	0.01350	0.01278	0.01662	0.51007	0.03061	0.11206	0.01396	0.05920	0.01266	0.05127	0.01029	0.01415	0.00788	0.00630	0.00715	0.00188	0.10519	0.00485	0.00294	0.00663
3	0.02113	0.02360	0.01622	0.01405	0.01741	0.55765	0.01082	0.23388	0.01901	0.02009	0.01010	0.01113	0.00793	0.00608	0.00524	0.00152	0.00900	0.00404	0.00369	0.00741
4	0.01002	0.00827	0.01073	0.04699	0.05603	0.00852	0.00730	0.01226	0.04873	0.01557	0.08866	0.11070	0.01985	0.24412	0.01408	0.00282	0.10616	0.00739	0.00379	0.17802
5	0.01691	0.59492	0.04728	0.01040	0.01504	0.10358	0.00991	0.01886	0.01255	0.11111	0.00984	0.01054	0.00809	0.00522	0.00409	0.00132	0.00638	0.00345	0.00305	0.00748
6	0.01247	0.01091	0.01420	0.01402	0.17248	0.00908	0.00904	0.03956	0.01241	0.01892	0.01024	0.01221	0.00850	0.00443	0.00451	0.00104	0.00477	0.00375	0.00330	0.63416
7	0.01688	0.11972	0.06235	0.12615	0.10984	0.24706	0.05421	0.04245	0.01386	0.09316	0.01069	0.01268	0.00831	0.00586	0.00599	0.00165	0.05409	0.00444	0.00321	0.00741
8	0.00930	0.00593	0.00722	0.00741	0.00895	0.00525	0.00547	0.01075	0.01253	0.11260	0.06121	0.34442	0.31795	0.01464	0.00680	0.00207	0.00339	0.05330	0.00547	0.00534
9	0.01231	0.01231	0.01724	0.01477	0.01477	0.01724	0.01231	0.01354	0.00862	0.01354	0.00739	0.01231	0.00739	0.00985	0.01847	0.00246	0.79192	0.00492	0.00246	0.00616
10	0.01018	0.00843	0.01008	0.00818	0.01174	0.00660	0.00622	0.01222	0.01139	0.01711	0.01649	0.25451	0.01725	0.00832	0.00510	0.00128	0.00389	0.00724	0.00392	0.57984
11	0.00780	0.00529	0.00625	0.00663	0.00673	0.00520	0.00394	0.00808	0.00894	0.01192	0.02161	0.25892	0.02535	0.57346	0.02239	0.00453	0.00482	0.01046	0.00394	0.00375
12	0.01442	0.01705	0.18250	0.02023	0.11990	0.01311	0.31850	0.07927	0.01411	0.07806	0.01191	0.01420	0.00878	0.00520	0.00586	0.00172	0.00779	0.00542	0.00333	0.07863
13	0.01239	0.01260	0.01752	0.59206	0.12954	0.11150	0.01523	0.01579	0.01206	0.01482	0.00991	0.01424	0.00765	0.00557	0.00555	0.00179	0.00774	0.00483	0.00259	0.00663
14	0.05552	0.01966	0.41027	0.01390	0.01964	0.01120	0.07267	0.01767	0.01241	0.13734	0.03548	0.11540	0.01343	0.00745	0.00610	0.00187	0.03234	0.00625	0.00367	0.00771

[dist]
# distance from previous block
# <min> <max>
0	4

[block]
# block no. 2 follows, 42 sequences, length 60
# corresponding to MSA columns:
# 168-227
name=unknown_C
#
# <colnr> <probs for GDERKNQSTAVLIFYWHMCP>
#	G	D	E	R	K	N	Q	S	T	A	V	L	I	F	Y	W	H	M	C	P
0	0.00979	0.00915	0.01470	0.44584	0.07855	0.01021	0.05177	0.01289	0.01212	0.01547	0.05884	0.02684	0.21504	0.00815	0.00600	0.00186	0.00606	0.00720	0.00345	0.00606
1	0.01129	0.02911	0.77306	0.01604	0.02436	0.01307	0.02079	0.01782	0.01188	0.01782	0.01010	0.01188	0.00713	0.00535	0.00535	0.00178	0.00832	0.00416	0.00238	0.00832
2	0.00804	0.00601	0.00893	0.00893	0.00990	0.00697	0.00690	0.00998	0.00901	0.01298	0.01517	0.02267	0.01431	0.07108	0.75138	0.00891	0.01471	0.00611	0.00303	0.00496
3	0.01397	0.01171	0.01651	0.01878	0.25435	0.01224	0.05107	0.10363	0.21657	0.04896	0.15118	0.02241	0.01997	0.00742	0.00593	0.00179	0.00534	0.02524	0.00474	0.00819
4	0.01063	0.01000	0.01688	0.78870	0.03876	0.01250	0.01563	0.01438	0.01125	0.01438	0.01000	0.01500	0.00750	0.00563	0.00563	0.00188	0.00750	0.00500	0.00250	0.00625
5	0.02525	0.00958	0.01306	0.01001	0.01437	0.00827	0.00827	0.02743	0.01611	0.77102	0.02220	0.01915	0.01393	0.00697	0.00566	0.00174	0.00479	0.00566	0.00697	0.00958
6	0.00704	0.00504	0.00669	0.00771	0.00820	0.00469	0.00524	0.00829	0.01162	0.01571	0.15153	0.67419	0.03983	0.01662	0.00709	0.00220	0.00316	0.01504	0.00538	0.00469
7	0.01534	0.01593	0.01216	0.01123	0.01369	0.33861	0.00863	0.01917	0.11739	0.05838	0.17666	0.02716	0.07675	0.00887	0.00590	0.00174	0.00648	0.07482	0.00459	0.00650
8	0.02468	0.01048	0.01362	0.01044	0.01482	0.00962	0.00863	0.13297	0.01762	0.66333	0.02093	0.01833	0.01329	0.00693	0.00565	0.00173	0.00499	0.00557	0.00677	0.00958
9	0.01431	0.00978	0.01127	0.00991	0.01277	0.01042	0.00774	0.02383	0.40510	0.16051	0.23865	0.02679	0.02704	0.00864	0.00598	0.00184	0.00399	0.00734	0.00609	0.00798
10	0.01393	0.01337	0.02284	0.03454	0.76712	0.01337	0.01727	0.01727	0.01281	0.01839	0.01059	0.01393	0.00891	0.00501	0.00557	0.00167	0.00669	0.00501	0.00279	0.00891
11	0.00745	0.00550	0.00709	0.00814	0.00905	0.00515	0.00613	0.00897	0.01179	0.01523	0.03568	0.44630	0.17603	0.01639	0.00725	0.00230	0.00373	0.21785	0.00521	0.00478
12	0.01370	0.30476	0.08980	0.13158	0.15802	0.01675	0.15718	0.03588	0.01245	0.01624	0.00968	0.01235	0.00788	0.00505	0.00505	0.00158	0.00723	0.00453	0.00266	0.00761
13	0.01355	0.01298	0.02216	0.12106	0.68356	0.01327	0.01708	0.01694	0.01263	0.01793	0.01052	0.01405	0.00875	0.00508	0.00558	0.00169	0.00678	0.00501	0.00275	0.00861
14	0.00792	0.00603	0.00752	0.00830	0.00976	0.00563	0.00684	0.00991	0.01272	0.01598	0.04064	0.12328	0.32194	0.01522	0.00728	0.00229	0.00410	0.38446	0.00520	0.00496
15	0.00872	0.00634	0.00757	0.00726	0.00726	0.00698	0.00456	0.00888	0.00824	0.01125	0.01639	0.03365	0.01877	0.69964	0.02733	0.00507	0.10728	0.00776	0.00329	0.00377
16	0.02488	0.01016	0.01342	0.01029	0.01466	0.00914	0.00850	0.09570	0.01709	0.70136	0.02138	0.01862	0.01352	0.00695	0.00566	0.00174	0.00492	0.00560	0.00684	0.00958
17	0.01393	0.01337	0.02284	0.03454	0.76712	0.01337	0.01727	0.01727	0.01281	0.01839	0.01059	0.01393	0.00891	0.00501	0.00557	0.00167	0.00669	0.00501	0.00279	0.00891
18	0.01167	0.01000	0.01167	0.00834	0.01334	0.00750	0.00667	0.01417	0.01167	0.01834	0.01000	0.01167	0.00834	0.00417	0.00417	0.00083	0.00417	0.00333	0.00333	0.83663
19	0.00724	0.00506	0.00642	0.00735	0.00758	0.00482	0.00471	0.00794	0.01003	0.01338	0.02722	0.58066	0.03243	0.24206	0.01332	0.00319	0.00389	0.01376	0.00471	0.00424
20	0.00751	0.00562	0.00697	0.00688	0.00819	0.00508	0.00507	0.00965	0.01449	0.01974	0.50062	0.15430	0.20917	0.01300	0.00672	0.00187	0.00279	0.01140	0.00584	0.00508
21	0.01801	0.01205	0.01633	0.01815	0.25399	0.01226	0.01117	0.23870	0.01703	0.19938	0.01523	0.01835	0.01196	0.12146	0.00895	0.00224	0.00591	0.00564	0.00472	0.00847
22	0.01320	0.00642	0.00777	0.00692	0.00895	0.00598	0.00537	0.01573	0.01406	0.19777	0.24405	0.02690	0.02597	0.00814	0.00515	0.00155	0.00314	0.00683	0.38983	0.00628
23	0.00738	0.00523	0.00694	0.00806	0.00854	0.00499	0.00567	0.00858	0.01106	0.01472	0.05516	0.58173	0.03541	0.09139	0.00929	0.00262	0.00376	0.12981	0.00508	0.00459
24	0.01249	0.27657	0.53610	0.01400	0.02120	0.01600	0.01723	0.01751	0.01174	0.01636	0.00937	0.01097	0.00716	0.00518	0.00479	0.00160	0.00758	0.00379	0.00239	0.00797
25	0.78368	0.02646	0.00894	0.00758	0.01113	0.01259	0.00628	0.01711	0.00995	0.06338	0.00857	0.00965	0.00652	0.00531	0.00360	0.00173	0.00441	0.00318	0.00364	0.00630
26	0.01231	0.01231	0.01724	0.01477	0.01477	0.01724	0.01231	0.01354	0.00862	0.01354	0.00739	0.01231	0.00739	0.00985	0.01847	0.00246	0.79192	0.00492	0.00246	0.00616
27	0.01362	0.26416	0.01821	0.12296	0.01747	0.01555	0.00974	0.08874	0.24708	0.01895	0.01829	0.06015	0.06793	0.00739	0.00518	0.00168	0.00538	0.00590	0.00413	0.00751
28	0.01505	0.80561	0.02949	0.00963	0.01444	0.02227	0.00963	0.01685	0.01143	0.01324	0.00782	0.00903	0.00722	0.00481	0.00361	0.00120	0.00602	0.00301	0.00241	0.00722
29	0.15294	0.01410	0.01468	0.01168	0.01581	0.01567	0.00956	0.48604	0.13012	0.07191	0.01444	0.01421	0.01036	0.00665	0.00530	0.00173	0.00557	0.00496	0.00537	0.00891
30	0.00772	0.00574	0.00718	0.00682	0.00826	0.00521	0.00512	0.01015	0.01535	0.02120	0.63258	0.04429	0.18553	0.01202	0.00664	0.00179	0.00269	0.01049	0.00601	0.00521
31	0.01430	0.11676	0.02187	0.21874	0.23732	0.09438	0.10226	0.05735	0.05129	0.01736	0.01077	0.01366	0.00857	0.00542	0.00542	0.00168	0.00737	0.00487	0.00299	0.00764
32	0.01618	0.01033	0.01116	0.00932	0.01231	0.01109	0.00745	0.26601	0.13799	0.09921	0.01783	0.01828	0.01318	0.00684	0.00497	0.00158	0.00434	0.00541	0.33880	0.00772
33	0.00769	0.00578	0.00730	0.00817	0.00937	0.00539	0.00645	0.00947	0.01235	0.01574	0.05160	0.26747	0.25811	0.01567	0.00724	0.00228	0.00388	0.29593	0.00523	0.00488
34	0.01760	0.00878	0.01043	0.00864	0.01165	0.00860	0.00692	0.11476	0.06792	0.30960	0.07521	0.02089	0.01669	0.00718	0.00514	0.00160	0.00404	0.00583	0.29079	0.00772
35	0.00942	0.00786	0.01178	0.27892	0.05846	0.00855	0.01001	0.01275	0.03221	0.01843	0.31518	0.03412	0.06777	0.00971	0.00636	0.00192	0.00492	0.10121	0.00455	0.00587
36	0.05114	0.01479	0.01569	0.01218	0.01654	0.05410	0.01001	0.52618	0.02304	0.19662	0.01499	0.01443	0.01029	0.00670	0.00553	0.00169	0.00602	0.00505	0.00571	0.00929
37	0.01459	0.01564	0.01720	0.30373	0.10710	0.23151	0.01355	0.01732	0.02517	0.02769	0.00960	0.01314	0.00784	0.00651	0.00804	0.00185	0.16539	0.00463	0.00277	0.00671
38	0.01511	0.01327	0.01823	0.05669	0.29789	0.01489	0.01322	0.17187	0.18232	0.02221	0.01347	0.01524	0.01062	0.00670	0.00751	0.00185	0.12108	0.00531	0.00398	0.00852
39	0.01711	0.04522	0.01925	0.07960	0.04305	0.26077	0.11148	0.16203	0.05607	0.01927	0.01072	0.01287	0.00851	0.00646	0.00740	0.00176	0.12277	0.00479	0.00346	0.00742
40	0.00927	0.00583	0.00762	0.00791	0.00912	0.00524	0.00561	0.01072	0.01221	0.09893	0.13315	0.53762	0.06305	0.01478	0.00676	0.00206	0.00338	0.01323	0.00545	0.04804
41	0.01681	0.01174	0.01408	0.03547	0.01579	0.01258	0.04876	0.20307	0.28225	0.15172	0.04353	0.02067	0.05302	0.00748	0.00570	0.00178	0.00506	0.00623	0.05577	0.00849
42	0.05789	0.60934	0.02532	0.00976	0.01428	0.01988	0.00930	0.09706	0.01338	0.04347	0.04787	0.01158	0.01002	0.00547	0.00405	0.00133	0.00574	0.00370	0.00317	0.00741
43	0.00703	0.00520	0.00652	0.00736	0.00811	0.00476	0.00510	0.00826	0.01162	0.01522	0.10120	0.53462	0.18187	0.04374	0.00780	0.00228	0.00326	0.03616	0.00525	0.00465
44	0.00834	0.00567	0.00782	0.00782	0.00834	0.00619	0.00551	0.00903	0.00851	0.01186	0.01520	0.02633	0.01559	0.29423	0.41778	0.12765	0.01037	0.00659	0.00306	0.00411
45	0.01866	0.01441	0.01535	0.01240	0.01641	0.01618	0.01004	0.48303	0.29623	0.03106	0.01698	0.01628	0.01238	0.00708	0.00567	0.00177	0.00555	0.00555	0.00567	0.00933
46	0.79976	0.01113	0.00871	0.00769	0.01122	0.01287	0.00633	0.05419	0.01045	0.02577	0.00813	0.00937	0.00627	0.00530	0.00359	0.00174	0.00445	0.00315	0.00359	0.00627
47	0.09797	0.01421	0.01486	0.01162	0.01570	0.01572	0.00956	0.60255	0.02334	0.03299	0.01348	0.01387	0.00975	0.00659	0.00525	0.00165	0.00565	0.00489	0.09155	0.00879
48	0.01091	0.00550	0.00577	0.00562	0.00689	0.00543	0.00408	0.01312	0.01149	0.05774	0.01846	0.02321	0.01528	0.12306	0.00764	0.00194	0.00315	0.00570	0.66982	0.00520
49	0.01909	0.18161	0.01938	0.01561	0.09480	0.54801	0.01129	0.02080	0.01472	0.01415	0.00872	0.01032	0.00742	0.00552	0.00483	0.00142	0.00896	0.00365	0.00279	0.00691
50	0.84197	0.01088	0.00827	0.00740	0.01088	0.01262	0.00609	0.01654	0.00958	0.02525	0.00784	0.00914	0.00609	0.00522	0.00348	0.00174	0.00435	0.00305	0.00348	0.00609
51	0.01098	0.01928	0.41753	0.01226	0.01736	0.01091	0.01366	0.05365	0.08231	0.01734	0.01638	0.02186	0.05902	0.21029	0.01145	0.00274	0.00677	0.00593	0.00330	0.00696
52	0.00711	0.00568	0.00636	0.00628	0.00790	0.00493	0.00467	0.00892	0.01377	0.01765	0.29437	0.08801	0.48751	0.01350	0.00667	0.00188	0.00281	0.01151	0.00555	0.00493
53	0.01595	0.01470	0.01460	0.26510	0.04548	0.25523	0.01165	0.01852	0.01375	0.12455	0.01436	0.02061	0.01197	0.00719	0.00564	0.00178	0.00738	0.09844	0.04638	0.00671
54	0.00940	0.00976	0.11919	0.00928	0.01185	0.00723	0.02664	0.01210	0.02364	0.05468	0.09199	0.03820	0.22063	0.11326	0.12247	0.00344	0.00636	0.10986	0.00438	0.00564
55	0.00978	0.00489	0.00733	0.00733	0.00733	0.00489	0.00489	0.00733	0.00733	0.00978	0.00978	0.01711	0.00978	0.01955	0.02199	0.83627	0.00489	0.00489	0.00244	0.00244
56	0.02046	0.02591	0.01600	0.05643	0.01855	0.73808	0.01113	0.02203	0.01569	0.01381	0.00877	0.01041	0.00726	0.00579	0.00510	0.00147	0.01001	0.00370	0.00288	0.00651
57	0.00755	0.00567	0.00708	0.00777	0.00875	0.00537	0.00561	0.00976	0.05012	0.01641	0.14257	0.45267	0.16317	0.01545	0.00699	0.00215	0.00334	0.07919	0.00539	0.00499
58	0.19063	0.00717	0.00818	0.00810	0.00985	0.00716	0.00598	0.01349	0.01134	0.15350	0.02304	0.37418	0.02438	0.09063	0.00826	0.00240	0.00409	0.04691	0.00498	0.00572
59	0.09600	0.17732	0.01772	0.01383	0.11240	0.10048	0.01006	0.06012	0.16925	0.16714	0.01455	0.01452	0.01085	0.00610	0.00497	0.00162	0.00585	0.00467	0.00437	0.00819

[dist]
# distance from previous block
# <min> <max>
0	1

[block]
# block no. 3 follows, 42 sequences, length 44
# corresponding to MSA columns:
# 229-272
name=unknown_D
#
# <colnr> <probs for GDERKNQSTAVLIFYWHMCP>
#	G	D	E	R	K	N	Q	S	T	A	V	L	I	F	Y	W	H	M	C	P
0	0.01371	0.06606	0.06484	0.11034	0.47559	0.08186	0.01540	0.01696	0.01300	0.01746	0.06248	0.01522	0.01147	0.00561	0.00547	0.00166	0.00686	0.00507	0.00295	0.00801
1	0.01270	0.06181	0.01878	0.15600	0.36936	0.01254	0.03574	0.04237	0.05517	0.01821	0.02698	0.01873	0.07773	0.00634	0.00550	0.00169	0.00604	0.00572	0.06094	0.00765
2	0.01134	0.00849	0.01232	0.03742	0.15705	0.00856	0.05939	0.07866	0.01312	0.01957	0.01913	0.22966	0.01850	0.00913	0.00552	0.00174	0.00452	0.00820	0.29130	0.00635
3	0.16573	0.01093	0.10948	0.06354	0.01431	0.00927	0.00924	0.04017	0.05360	0.02008	0.14257	0.03424	0.13231	0.01000	0.00597	0.00197	0.00485	0.16107	0.00452	0.00616
4	0.01440	0.01129	0.01615	0.12405	0.28324	0.04678	0.01217	0.06746	0.01386	0.12660	0.06011	0.01977	0.05802	0.01135	0.10734	0.00269	0.00728	0.00589	0.00393	0.00761
5	0.01086	0.00979	0.01258	0.01573	0.21611	0.05084	0.00961	0.01493	0.10707	0.01825	0.13406	0.09746	0.16477	0.01050	0.00634	0.00192	0.00480	0.10312	0.00463	0.00663
6	0.00725	0.00558	0.00647	0.00660	0.00779	0.00513	0.00468	0.00863	0.01192	0.01534	0.15222	0.15598	0.36159	0.14321	0.07946	0.00315	0.00439	0.01110	0.00489	0.00462
7	0.19864	0.01242	0.01961	0.12516	0.38384	0.01297	0.10003	0.01725	0.01208	0.05148	0.01049	0.01337	0.00827	0.00519	0.00524	0.00174	0.00652	0.00479	0.00309	0.00781
8	0.07879	0.00969	0.01279	0.03420	0.03472	0.00919	0.00852	0.02422	0.04974	0.55161	0.08116	0.01991	0.01620	0.00726	0.00606	0.00178	0.03345	0.00582	0.00619	0.00871
9	0.01231	0.01231	0.01724	0.01477	0.01477	0.01724	0.01231	0.01354	0.00862	0.01354	0.00739	0.01231	0.00739	0.00985	0.01847	0.00246	0.79192	0.00492	0.00246	0.00616
10	0.01335	0.40594	0.34372	0.01457	0.08601	0.01758	0.01504	0.01730	0.01175	0.01564	0.00903	0.01067	0.00733	0.00506	0.00452	0.00149	0.00705	0.00368	0.00243	0.00784
11	0.84197	0.01088	0.00827	0.00740	0.01088	0.01262	0.00609	0.01654	0.00958	0.02525	0.00784	0.00914	0.00609	0.00522	0.00348	0.00174	0.00435	0.00305	0.00348	0.00609
12	0.01071	0.00647	0.00782	0.00725	0.00782	0.00664	0.00467	0.01108	0.00925	0.11087	0.01760	0.03281	0.01869	0.64281	0.02492	0.00476	0.05998	0.00763	0.00381	0.00441
13	0.00884	0.00591	0.00776	0.00729	0.00872	0.00542	0.00547	0.01136	0.01560	0.06288	0.67604	0.08993	0.04993	0.01166	0.00662	0.00180	0.00281	0.01031	0.00617	0.00549
14	0.01262	0.01413	0.07036	0.49670	0.16823	0.11216	0.01567	0.01620	0.01219	0.01527	0.00995	0.01396	0.00770	0.00552	0.00553	0.00178	0.00775	0.00477	0.00260	0.00692
15	0.75867	0.01126	0.00907	0.00791	0.01149	0.01293	0.00651	0.07653	0.01109	0.04095	0.00859	0.00970	0.00653	0.00538	0.00370	0.00174	0.00451	0.00326	0.00373	0.00645
16	0.00702	0.00509	0.00663	0.00758	0.00816	0.00470	0.00518	0.00829	0.01173	0.01572	0.14923	0.62996	0.08700	0.01644	0.00706	0.00218	0.00314	0.01481	0.00538	0.00470
17	0.01308	0.00708	0.00770	0.00700	0.00905	0.00722	0.00542	0.04326	0.11151	0.11491	0.04650	0.02126	0.01597	0.00694	0.00454	0.00147	0.00326	0.00562	0.56178	0.00642
18	0.08421	0.00803	0.00891	0.00834	0.01046	0.00841	0.00646	0.01634	0.22408	0.02188	0.36263	0.03574	0.12498	0.01039	0.00616	0.00186	0.00347	0.04566	0.00565	0.00632
19	0.06482	0.08774	0.01652	0.01229	0.01623	0.18657	0.00999	0.33664	0.11702	0.07759	0.01346	0.01350	0.00995	0.00641	0.00522	0.00163	0.00663	0.00466	0.00472	0.00840
20	0.07226	0.01427	0.01433	0.04147	0.06744	0.17559	0.00993	0.08426	0.01324	0.03589	0.01196	0.01445	0.03561	0.01009	0.08341	0.00235	0.14366	0.00462	0.00337	0.16182
21	0.06135	0.46226	0.02436	0.01444	0.13563	0.11930	0.01092	0.08311	0.01349	0.01678	0.00889	0.01037	0.00765	0.00517	0.00429	0.00138	0.00659	0.00360	0.00288	0.00755
22	0.27286	0.35648	0.19209	0.01054	0.01568	0.04005	0.01111	0.01715	0.01109	0.01806	0.00837	0.00975	0.00685	0.00509	0.00401	0.00151	0.00615	0.00330	0.00275	0.00710
23	0.01473	0.05757	0.01996	0.05653	0.38707	0.03696	0.03771	0.08713	0.20453	0.02066	0.01380	0.01540	0.01087	0.00587	0.00553	0.00172	0.00626	0.00526	0.00377	0.00865
24	0.00836	0.00645	0.00899	0.10002	0.01210	0.00724	0.00686	0.00966	0.00948	0.01297	0.01898	0.23128	0.02087	0.25101	0.21368	0.00492	0.05975	0.00911	0.00362	0.00465
25	0.00694	0.00503	0.00656	0.00763	0.00815	0.00465	0.00517	0.00810	0.01137	0.01515	0.09832	0.68249	0.08590	0.01686	0.00710	0.00221	0.00318	0.01521	0.00531	0.00465
26	0.00777	0.00543	0.00690	0.00727	0.00759	0.00556	0.00473	0.00850	0.00911	0.01237	0.02092	0.25018	0.02380	0.40953	0.19015	0.00535	0.00698	0.00993	0.00384	0.00410
27	0.01986	0.01500	0.01603	0.01264	0.01687	0.01674	0.01033	0.59949	0.17782	0.03300	0.01546	0.01506	0.01115	0.00694	0.00565	0.00173	0.00583	0.00534	0.00565	0.00943
28	0.14385	0.00615	0.00573	0.00559	0.00725	0.00643	0.00428	0.01366	0.01144	0.02167	0.01667	0.01908	0.01309	0.00634	0.00386	0.00138	0.00290	0.00489	0.70034	0.00538
29	0.84197	0.01088	0.00827	0.00740	0.01088	0.01262	0.00609	0.01654	0.00958	0.02525	0.00784	0.00914	0.00609	0.00522	0.00348	0.00174	0.00435	0.00305	0.00348	0.00609
30	0.01407	0.50275	0.02338	0.06430	0.01576	0.06976	0.00986	0.01678	0.05832	0.01420	0.01334	0.01461	0.07569	0.00643	0.00564	0.00149	0.07945	0.00437	0.00291	0.00689
31	0.01505	0.80561	0.02949	0.00963	0.01444	0.02227	0.00963	0.01685	0.01143	0.01324	0.00782	0.00903	0.00722	0.00481	0.00361	0.00120	0.00602	0.00301	0.00241	0.00722
32	0.08746	0.01273	0.02130	0.15232	0.53138	0.01322	0.06666	0.01679	0.01231	0.01833	0.01030	0.01376	0.00841	0.00511	0.00547	0.00173	0.00680	0.00495	0.00281	0.00814
33	0.01033	0.00883	0.01364	0.08218	0.21067	0.00978	0.01061	0.01408	0.07715	0.01550	0.01417	0.01927	0.01244	0.02629	0.44254	0.00587	0.01129	0.00571	0.00315	0.00649
34	0.00672	0.00545	0.00596	0.00638	0.00778	0.00469	0.00458	0.00800	0.01217	0.01494	0.04875	0.29075	0.53357	0.01533	0.00682	0.00202	0.00298	0.01319	0.00523	0.00469
35	0.01384	0.01361	0.02420	0.03312	0.67029	0.01348	0.11301	0.01737	0.01288	0.01834	0.01069	0.01409	0.00886	0.00498	0.00571	0.00170	0.00705	0.00523	0.00279	0.00874
36	0.01195	0.01047	0.01986	0.01526	0.01884	0.00989	0.36534	0.01554	0.01324	0.05097	0.08129	0.02654	0.04174	0.00755	0.00614	0.00184	0.00639	0.10161	0.18900	0.00655
37	0.00969	0.00492	0.00727	0.00727	0.00727	0.00492	0.00481	0.00738	0.00738	0.00984	0.01021	0.01818	0.01036	0.06226	0.02236	0.79093	0.00492	0.00507	0.00250	0.00250
38	0.01378	0.08225	0.01752	0.12319	0.29172	0.03981	0.01214	0.04050	0.02393	0.09196	0.16378	0.02093	0.04083	0.00697	0.00564	0.00169	0.00571	0.00611	0.00401	0.00756
39	0.00748	0.00605	0.00783	0.00746	0.00907	0.00551	0.03665	0.00942	0.01319	0.01726	0.26249	0.14179	0.35575	0.01595	0.07592	0.00255	0.00422	0.01115	0.00522	0.00504
40	0.01255	0.08696	0.21811	0.12926	0.06181	0.01379	0.03036	0.09054	0.01272	0.01781	0.01204	0.04737	0.02755	0.00775	0.02766	0.00198	0.12504	0.00517	0.00306	0.06846
41	0.01551	0.05948	0.01975	0.07619	0.39700	0.08242	0.01390	0.08886	0.04884	0.06216	0.01186	0.01472	0.00966	0.03418	0.00681	0.00182	0.04023	0.00499	0.00342	0.00821
42	0.03775	0.01628	0.05565	0.13486	0.01892	0.23684	0.01068	0.10294	0.01435	0.04980	0.03397	0.01545	0.01053	0.07744	0.00820	0.00195	0.06172	0.00478	0.00348	0.10442
43	0.07172	0.03589	0.13305	0.04725	0.15818	0.06958	0.01278	0.28050	0.01727	0.04409	0.01196	0.01453	0.00941	0.06120	0.00694	0.00194	0.00673	0.00486	0.00394	0.00819

[dist]
# distance from previous block
# <min> <max>
3	90

[block]
# block no. 4 follows, 42 sequences, length 10
# corresponding to MSA columns:
# 363-372
name=unknown_E
#
# <colnr> <probs for GDERKNQSTAVLIFYWHMCP>
#	G	D	E	R	K	N	Q	S	T	A	V	L	I	F	Y	W	H	M	C	P
0	0.01422	0.14337	0.17287	0.03619	0.05076	0.01272	0.06723	0.05797	0.06114	0.11253	0.03252	0.05898	0.01244	0.03614	0.00612	0.00174	0.00610	0.00546	0.00382	0.10766
1	0.01100	0.03547	0.04149	0.01012	0.01334	0.06726	0.07375	0.04603	0.05490	0.01781	0.07743	0.11408	0.21530	0.00965	0.00589	0.00167	0.00490	0.02605	0.00438	0.16947
2	0.01161	0.01409	0.16738	0.05669	0.09451	0.01140	0.05273	0.06406	0.14730	0.01977	0.11053	0.02519	0.14739	0.00830	0.00654	0.00185	0.04211	0.00699	0.00422	0.00733
3	0.01340	0.01041	0.01217	0.00881	0.01372	0.00831	0.00709	0.07082	0.01312	0.07481	0.01116	0.01236	0.00884	0.00457	0.00439	0.00096	0.00437	0.00364	0.00377	0.71328
4	0.01292	0.01192	0.11578	0.01612	0.20000	0.00964	0.01118	0.01741	0.09580	0.12945	0.17341	0.14059	0.02382	0.00891	0.00604	0.00184	0.00502	0.00789	0.00475	0.00752
5	0.09000	0.01808	0.08182	0.01745	0.17413	0.25437	0.01230	0.02071	0.12546	0.04673	0.01249	0.01514	0.01019	0.00652	0.00625	0.00175	0.06391	0.03164	0.00352	0.00754
6	0.01266	0.00881	0.00997	0.00875	0.01134	0.00887	0.00682	0.14447	0.12853	0.10352	0.18322	0.09027	0.23821	0.01083	0.00626	0.00185	0.00388	0.00912	0.00576	0.00685
7	0.00827	0.00564	0.00706	0.00706	0.00748	0.00597	0.00466	0.00911	0.00869	0.01224	0.01688	0.03093	0.01795	0.49903	0.27977	0.00641	0.00852	0.00728	0.05298	0.00406
8	0.01011	0.00800	0.00996	0.00965	0.01091	0.00883	0.00731	0.07922	0.10879	0.01897	0.16019	0.35150	0.03094	0.01312	0.00826	0.00213	0.10662	0.04439	0.00514	0.00595
9	0.01766	0.05497	0.01353	0.01015	0.01370	0.01280	0.00832	0.34565	0.08551	0.12703	0.01902	0.01888	0.06038	0.00720	0.00524	0.00162	0.00487	0.00563	0.17968	0.00816

[dist]
# distance from previous block
# <min> <max>
0	1

[block]
# block no. 5 follows, 42 sequences, length 16
# corresponding to MSA columns:
# 374-383,387,394-398
name=unknown_F
#
# <colnr> <probs for GDERKNQSTAVLIFYWHMCP>
#	G	D	E	R	K	N	Q	S	T	A	V	L	I	F	Y	W	H	M	C	P
0	0.05004	0.13435	0.03844	0.01814	0.23005	0.14785	0.01199	0.13084	0.03249	0.07787	0.01131	0.01263	0.00885	0.00555	0.00502	0.00152	0.00668	0.00434	0.00363	0.06840
1	0.10603	0.01592	0.01502	0.01209	0.01588	0.12286	0.00980	0.49247	0.02157	0.02958	0.01239	0.01309	0.00916	0.00655	0.00563	0.00166	0.03222	0.00466	0.06505	0.00835
2	0.01106	0.00902	0.01306	0.01026	0.01361	0.00800	0.11827	0.03310	0.04377	0.05684	0.28430	0.02838	0.10700	0.00830	0.00586	0.00155	0.00439	0.00747	0.00481	0.23096
3	0.00833	0.00639	0.00806	0.00782	0.00956	0.00548	0.00562	0.01003	0.01203	0.01702	0.17045	0.44445	0.03285	0.01292	0.00629	0.00181	0.00338	0.01156	0.00492	0.22104
4	0.01633	0.01853	0.01324	0.01220	0.01456	0.43037	0.00912	0.02057	0.16054	0.01530	0.01342	0.01689	0.01163	0.09494	0.12502	0.00311	0.00928	0.00501	0.00353	0.00644
5	0.30155	0.01306	0.01294	0.01037	0.01430	0.01450	0.00853	0.41160	0.01916	0.06686	0.01233	0.01281	0.00893	0.00623	0.00478	0.00168	0.00525	0.00442	0.06261	0.00808
6	0.00702	0.00541	0.00641	0.00680	0.00799	0.00481	0.00486	0.00855	0.01275	0.01653	0.20450	0.32875	0.33561	0.01490	0.00685	0.00201	0.00296	0.01303	0.00544	0.00481
7	0.01505	0.80561	0.02949	0.00963	0.01444	0.02227	0.00963	0.01685	0.01143	0.01324	0.00782	0.00903	0.00722	0.00481	0.00361	0.00120	0.00602	0.00301	0.00241	0.00722
8	0.01328	0.01248	0.01700	0.01791	0.17775	0.04739	0.01228	0.09097	0.01178	0.01682	0.01005	0.01432	0.00905	0.01367	0.14015	0.00326	0.37682	0.00509	0.00297	0.00694
9	0.01276	0.01315	0.01750	0.01493	0.01535	0.06515	0.04123	0.01414	0.00933	0.01376	0.00826	0.03332	0.00822	0.00960	0.01685	0.00237	0.69011	0.00521	0.00258	0.00619
10	0.01002	0.08904	0.00959	0.00732	0.00811	0.00700	0.00510	0.00894	0.00823	0.01092	0.01165	0.02108	0.01220	0.22061	0.02078	0.48496	0.00511	0.00546	0.00274	0.05113
11	0.01781	0.01800	0.09450	0.05754	0.01829	0.17531	0.01137	0.33442	0.11851	0.02471	0.01347	0.01520	0.01042	0.05694	0.00696	0.00193	0.00704	0.00504	0.00441	0.00813
12	0.01560	0.14037	0.23527	0.05268	0.15786	0.07028	0.05688	0.09092	0.01421	0.09727	0.01141	0.01294	0.00853	0.00552	0.00525	0.00165	0.00725	0.00453	0.00333	0.00825
13	0.10297	0.05796	0.06283	0.01131	0.01562	0.15464	0.00965	0.18524	0.01558	0.03442	0.01032	0.01158	0.00810	0.00559	0.00531	0.00141	0.04164	0.00390	0.00371	0.25823
14	0.00875	0.00745	0.00870	0.08999	0.01241	0.05533	0.00690	0.01128	0.06586	0.01568	0.08586	0.51418	0.06752	0.01425	0.00671	0.00210	0.00416	0.01270	0.00490	0.00525
15	0.00726	0.00541	0.00607	0.00639	0.00720	0.00496	0.00419	0.00806	0.01062	0.01343	0.03624	0.23147	0.31316	0.30320	0.01482	0.00330	0.00391	0.01154	0.00456	0.00422

[dist]
# distance from previous block
# <min> <max>
1	3

[block]
# block no. 6 follows, 42 sequences, length 24
# corresponding to MSA columns:
# 403-426
name=unknown_G
#
# <colnr> <probs for GDERKNQSTAVLIFYWHMCP>
#	G	D	E	R	K	N	Q	S	T	A	V	L	I	F	Y	W	H	M	C	P
0	0.01912	0.01392	0.01509	0.01216	0.01619	0.01543	0.00985	0.43182	0.28306	0.09582	0.01759	0.01665	0.01264	0.00708	0.00567	0.00177	0.00546	0.00558	0.00578	0.00934
1	0.33985	0.01054	0.01114	0.00926	0.01306	0.01100	0.00754	0.02366	0.14803	0.34623	0.01676	0.01561	0.01148	0.00641	0.00483	0.00177	0.00456	0.00477	0.00539	0.00811
2	0.52192	0.01140	0.01022	0.00867	0.01214	0.01280	0.00708	0.19899	0.01450	0.02701	0.07153	0.01546	0.05507	0.00663	0.00445	0.00174	0.00459	0.00463	0.00434	0.00683
3	0.07964	0.23669	0.20455	0.01503	0.02075	0.01655	0.19691	0.13106	0.01419	0.01993	0.01015	0.01196	0.00781	0.00526	0.00509	0.00163	0.00733	0.00452	0.00310	0.00785
4	0.12722	0.04138	0.09659	0.08640	0.01683	0.06524	0.01041	0.03630	0.19038	0.06415	0.07867	0.01988	0.01540	0.00743	0.00616	0.00184	0.05419	0.04432	0.02998	0.00724
5	0.00719	0.00526	0.00675	0.00735	0.00818	0.00483	0.00514	0.00875	0.01265	0.01707	0.26724	0.47148	0.12675	0.01529	0.00695	0.00208	0.00302	0.01367	0.00553	0.00483
6	0.01585	0.37110	0.12686	0.01303	0.01796	0.01782	0.09771	0.11437	0.01388	0.08388	0.01053	0.01187	0.00828	0.00572	0.00581	0.00157	0.06837	0.00425	0.00328	0.00785
7	0.00756	0.00565	0.00702	0.00685	0.00820	0.00511	0.00507	0.00977	0.01471	0.02010	0.53265	0.12255	0.20855	0.01274	0.00670	0.00185	0.00276	0.01115	0.00588	0.00511
8	0.00978	0.00489	0.00733	0.00733	0.00733	0.00489	0.00489	0.00733	0.00733	0.00978	0.00978	0.01711	0.00978	0.01955	0.02199	0.83627	0.00489	0.00489	0.00244	0.00244
9	0.01517	0.71527	0.07228	0.01029	0.01519	0.06533	0.01036	0.01723	0.01172	0.01354	0.00801	0.00926	0.00722	0.00490	0.00380	0.00125	0.00639	0.00311	0.00243	0.00725
10	0.13445	0.00926	0.01138	0.05096	0.01336	0.04152	0.05003	0.03525	0.01145	0.01726	0.06323	0.09738	0.10356	0.01752	0.20073	0.00365	0.07379	0.00708	0.00376	0.05437
11	0.01549	0.01592	0.01606	0.03770	0.01683	0.24628	0.07213	0.14303	0.01452	0.01769	0.01119	0.01464	0.00950	0.01563	0.20162	0.00360	0.13317	0.00498	0.00332	0.00670
12	0.01102	0.01043	0.01747	0.68321	0.10834	0.01279	0.01565	0.01462	0.01129	0.01473	0.00995	0.01479	0.00763	0.00574	0.00616	0.00188	0.04027	0.00500	0.00253	0.00651
13	0.02047	0.01879	0.01577	0.01312	0.01687	0.28400	0.01037	0.35389	0.12197	0.06857	0.01361	0.01368	0.01005	0.00655	0.00545	0.00164	0.00726	0.00477	0.00476	0.00841
14	0.01687	0.06678	0.01377	0.01103	0.01407	0.19408	0.00866	0.07864	0.18265	0.15079	0.11583	0.08682	0.01945	0.00820	0.00566	0.00172	0.00577	0.00660	0.00506	0.00755
15	0.01490	0.01017	0.01219	0.00889	0.01373	0.00810	0.00718	0.04942	0.01324	0.17440	0.01268	0.01330	0.00954	0.00486	0.00454	0.00106	0.00439	0.00389	0.00419	0.62935
16	0.00693	0.00545	0.00626	0.00660	0.00791	0.00479	0.00475	0.00842	0.01268	0.01614	0.16424	0.28859	0.41752	0.01488	0.00682	0.00200	0.00295	0.01291	0.00538	0.00479
17	0.01616	0.01107	0.01754	0.01414	0.01740	0.01144	0.17465	0.06363	0.05419	0.23438	0.01872	0.02684	0.01574	0.00884	0.00830	0.00208	0.12574	0.16673	0.00481	0.00760
18	0.01646	0.01553	0.07770	0.01765	0.15516	0.04156	0.08341	0.30265	0.13777	0.02584	0.05778	0.01637	0.01285	0.00652	0.00575	0.00174	0.00642	0.00559	0.00454	0.00870
19	0.00826	0.00561	0.00669	0.00682	0.00704	0.00570	0.00430	0.00870	0.00873	0.01169	0.01865	0.03803	0.02102	0.65485	0.09694	0.00551	0.00633	0.07786	0.00354	0.00373
20	0.01586	0.39525	0.16510	0.01297	0.01847	0.01765	0.10227	0.10318	0.01394	0.09069	0.01074	0.01182	0.00829	0.00534	0.00474	0.00150	0.00677	0.00416	0.00327	0.00797
21	0.01038	0.00626	0.00862	0.00824	0.00893	0.00667	0.00591	0.07987	0.00966	0.01315	0.01189	0.01907	0.01141	0.06617	0.21072	0.50329	0.00760	0.00537	0.00295	0.00383
22	0.38284	0.17008	0.01508	0.01007	0.01377	0.20674	0.00836	0.05817	0.01283	0.06428	0.00920	0.01019	0.00725	0.00547	0.00415	0.00156	0.00626	0.00345	0.00345	0.00681
23	0.01870	0.01432	0.01330	0.01096	0.01433	0.14498	0.00874	0.34224	0.04901	0.09893	0.01510	0.01563	0.01110	0.00660	0.00512	0.00157	0.00578	0.00497	0.21067	0.00795

[dist]
# distance from previous block
# <min> <max>
2	4

[block]
# block no. 7 follows, 42 sequences, length 11
# corresponding to MSA columns:
# 431-441
name=unknown_H
#
# <colnr> <probs for GDERKNQSTAVLIFYWHMCP>
#	G	D	E	R	K	N	Q	S	T	A	V	L	I	F	Y	W	H	M	C	P
0	0.00820	0.00723	0.01133	0.00985	0.01190	0.00655	0.14015	0.01038	0.01304	0.01708	0.19417	0.24012	0.28232	0.01281	0.00679	0.00197	0.00413	0.01164	0.00500	0.00534
1	0.00923	0.00782	0.01186	0.15221	0.01609	0.00976	0.00950	0.01143	0.00938	0.01338	0.01285	0.01915	0.01174	0.03006	0.50981	0.00662	0.14519	0.00566	0.00283	0.00544
2	0.01311	0.00868	0.01005	0.00884	0.01089	0.00939	0.00678	0.19584	0.05456	0.05907	0.01667	0.02220	0.01435	0.16064	0.20143	0.00413	0.00732	0.00601	0.18368	0.00635
3	0.06835	0.00682	0.00861	0.00765	0.00969	0.00637	0.00592	0.01418	0.01553	0.16303	0.57326	0.03549	0.04254	0.01022	0.00624	0.00176	0.00317	0.00884	0.00615	0.00616
4	0.01282	0.01269	0.02294	0.25979	0.41312	0.01327	0.14981	0.01654	0.01243	0.01711	0.01056	0.01448	0.00842	0.00515	0.00578	0.00177	0.00744	0.00531	0.00271	0.00787
5	0.00843	0.00539	0.00637	0.00637	0.00672	0.00532	0.00397	0.00840	0.00884	0.01193	0.02091	0.03370	0.10698	0.48345	0.05559	0.15646	0.00528	0.00775	0.05455	0.00358
6	0.02109	0.02480	0.01612	0.01422	0.01741	0.64062	0.01084	0.15486	0.01786	0.01773	0.00958	0.01076	0.00767	0.00597	0.00518	0.00149	0.00943	0.00389	0.00340	0.00708
7	0.01183	0.00891	0.01109	0.00866	0.01255	0.00744	0.00690	0.01417	0.01134	0.07938	0.01236	0.01507	0.01033	0.01453	0.21084	0.00309	0.00712	0.00424	0.00355	0.54660
8	0.02167	0.01437	0.01591	0.01230	0.01670	0.01550	0.01013	0.56787	0.06901	0.17422	0.01573	0.01504	0.01086	0.00685	0.00564	0.00171	0.00582	0.00526	0.00589	0.00953
9	0.01374	0.23357	0.25672	0.01615	0.02206	0.07055	0.22754	0.01869	0.05786	0.01670	0.01054	0.01250	0.00819	0.00520	0.00526	0.00164	0.00793	0.00467	0.00276	0.00772
10	0.01057	0.00959	0.04414	0.15468	0.01731	0.00912	0.00941	0.01574	0.13985	0.01877	0.15875	0.02986	0.02287	0.03301	0.00663	0.00189	0.00495	0.13804	0.00443	0.17038

[dist]
# distance from previous block
# <min> <max>
0	11

[block]
# block no. 8 follows, 42 sequences, length 100
# corresponding to MSA columns:
# 453-552
name=unknown_I
#
# <colnr> <probs for GDERKNQSTAVLIFYWHMCP>
#	G	D	E	R	K	N	Q	S	T	A	V	L	I	F	Y	W	H	M	C	P
0	0.00711	0.00512	0.00651	0.00753	0.00815	0.00474	0.00519	0.00828	0.01124	0.01491	0.05280	0.60401	0.13136	0.03745	0.00760	0.00229	0.00332	0.04730	0.03045	0.00463
1	0.00746	0.00555	0.00694	0.00699	0.00820	0.00503	0.00509	0.00949	0.01415	0.01927	0.45959	0.21855	0.18608	0.01344	0.00677	0.00191	0.00283	0.01184	0.00579	0.00503
2	0.32612	0.00953	0.01037	0.00874	0.01216	0.00960	0.00704	0.04228	0.01336	0.34763	0.05146	0.10828	0.01542	0.00778	0.00507	0.00181	0.00439	0.00610	0.00539	0.00750
3	0.01670	0.01033	0.01185	0.01030	0.01317	0.03346	0.00800	0.18901	0.11357	0.22998	0.02276	0.27429	0.02080	0.01048	0.00614	0.00192	0.00473	0.00895	0.00580	0.00775
4	0.05104	0.01181	0.01261	0.01089	0.01424	0.03582	0.00859	0.07997	0.45668	0.16121	0.07787	0.02090	0.01801	0.00759	0.00566	0.00183	0.00467	0.00621	0.00580	0.00861
5	0.21595	0.00936	0.01022	0.00914	0.01182	0.00974	0.00708	0.15788	0.01456	0.16606	0.02029	0.30476	0.01982	0.01046	0.00569	0.00193	0.00439	0.00875	0.00521	0.00687
6	0.02249	0.01401	0.01580	0.01212	0.01658	0.01485	0.01001	0.54394	0.02352	0.24403	0.01598	0.01511	0.01081	0.00682	0.00564	0.00170	0.00579	0.00523	0.00601	0.00957
7	0.05039	0.68041	0.02700	0.01011	0.01464	0.11124	0.00963	0.01750	0.01189	0.01381	0.00793	0.00916	0.00718	0.00495	0.00378	0.00126	0.00644	0.00308	0.00251	0.00709
8	0.02052	0.02549	0.01545	0.01401	0.01687	0.72220	0.01053	0.04103	0.01602	0.01469	0.00929	0.01076	0.00766	0.00586	0.00503	0.00145	0.00968	0.00374	0.04316	0.00654
9	0.02052	0.01533	0.01640	0.01277	0.01712	0.01704	0.01049	0.66357	0.11266	0.03406	0.01462	0.01439	0.01047	0.00686	0.00564	0.00171	0.00599	0.00522	0.00564	0.00949
10	0.00739	0.00573	0.00673	0.00648	0.00806	0.00507	0.00486	0.00951	0.01457	0.01935	0.45500	0.04734	0.36426	0.01271	0.00664	0.00183	0.00274	0.01092	0.00577	0.00507
11	0.67182	0.01272	0.09859	0.00843	0.01242	0.01216	0.00782	0.01699	0.01022	0.05542	0.00918	0.01042	0.00692	0.00537	0.00381	0.00173	0.00476	0.00339	0.04135	0.00646
12	0.00684	0.00497	0.00646	0.00765	0.00811	0.00459	0.00514	0.00786	0.01095	0.01444	0.03328	0.73364	0.10067	0.01734	0.00714	0.00225	0.00323	0.01564	0.00522	0.00459
13	0.00995	0.00619	0.00830	0.00786	0.00901	0.00633	0.00573	0.01153	0.01108	0.09765	0.18098	0.03049	0.02450	0.25527	0.30425	0.00559	0.00839	0.00753	0.00426	0.00511
14	0.01505	0.80561	0.02949	0.00963	0.01444	0.02227	0.00963	0.01685	0.01143	0.01324	0.00782	0.00903	0.00722	0.00481	0.00361	0.00120	0.00602	0.00301	0.00241	0.00722
15	0.00716	0.00594	0.00629	0.00627	0.00806	0.00523	0.00467	0.00936	0.04698	0.01639	0.13712	0.10218	0.59694	0.01386	0.00664	0.00191	0.00293	0.01171	0.00536	0.00499
16	0.01087	0.01025	0.01731	0.73371	0.09187	0.01257	0.01575	0.01459	0.01137	0.01467	0.01005	0.01493	0.00760	0.00558	0.00562	0.00186	0.00744	0.00500	0.00252	0.00645
17	0.08804	0.01412	0.01611	0.01265	0.01681	0.11392	0.09607	0.19835	0.05161	0.28591	0.01696	0.01646	0.03376	0.00661	0.00555	0.00172	0.00628	0.00537	0.00522	0.00847
18	0.11562	0.01907	0.01743	0.02005	0.26335	0.33735	0.01239	0.11492	0.01554	0.01948	0.00985	0.01171	0.00796	0.00560	0.00512	0.00159	0.00781	0.00420	0.00329	0.00766
19	0.01523	0.10622	0.01529	0.01140	0.01496	0.01538	0.00922	0.14702	0.53352	0.02428	0.03400	0.01875	0.01544	0.00723	0.00548	0.00179	0.00489	0.00583	0.00533	0.00875
20	0.01248	0.00979	0.01245	0.00940	0.01395	0.00775	0.04082	0.01507	0.01224	0.07587	0.01334	0.01852	0.01161	0.00575	0.00482	0.00116	0.00458	0.08933	0.00381	0.63727
21	0.00685	0.00553	0.00610	0.00634	0.00782	0.00478	0.00461	0.00832	0.01274	0.01589	0.13467	0.21847	0.51884	0.01468	0.00677	0.00197	0.00292	0.01259	0.00534	0.00478
22	0.01213	0.01201	0.02180	0.41507	0.25677	0.01310	0.15570	0.01595	0.01211	0.01628	0.01044	0.01471	0.00813	0.00527	0.00580	0.00182	0.00763	0.00532	0.00265	0.00731
23	0.01467	0.01351	0.02189	0.06359	0.64814	0.01382	0.01643	0.10342	0.01436	0.02023	0.01091	0.01392	0.00893	0.00525	0.00558	0.00168	0.00666	0.00502	0.00311	0.00888
24	0.00751	0.00551	0.00705	0.00720	0.00830	0.00505	0.00523	0.00953	0.01401	0.01922	0.45584	0.26484	0.13030	0.01368	0.00682	0.00195	0.00290	0.02426	0.00578	0.00503
25	0.00978	0.00604	0.00754	0.00734	0.00864	0.00564	0.00530	0.01107	0.01197	0.10430	0.15392	0.13804	0.17560	0.19674	0.06024	0.03399	0.00466	0.04922	0.00493	0.00504
26	0.00730	0.00521	0.00704	0.00834	0.00886	0.00495	0.00599	0.00860	0.01121	0.01486	0.03077	0.65224	0.03626	0.01722	0.00730	0.00235	0.00365	0.15797	0.00522	0.00469
27	0.01572	0.01355	0.02101	0.12897	0.41486	0.05441	0.08222	0.07450	0.01425	0.10769	0.01207	0.01457	0.00924	0.00548	0.00567	0.00172	0.00698	0.00517	0.00347	0.00844
28	0.01105	0.01052	0.01233	0.01174	0.01357	0.13915	0.07636	0.01337	0.01210	0.01506	0.01972	0.07200	0.02011	0.02176	0.26128	0.00444	0.00959	0.26641	0.00387	0.00555
29	0.01151	0.01119	0.01984	0.56828	0.16335	0.01286	0.10218	0.01531	0.01176	0.01550	0.01027	0.01484	0.00787	0.00542	0.00574	0.00184	0.00760	0.00520	0.00259	0.00687
30	0.06300	0.01328	0.01396	0.01116	0.01491	0.01471	0.00909	0.50314	0.10337	0.03111	0.01507	0.01539	0.01106	0.00674	0.00523	0.00165	0.00529	0.00513	0.14815	0.00856
31	0.02102	0.02682	0.01595	0.01450	0.01740	0.77963	0.01087	0.02247	0.01595	0.01377	0.00870	0.01015	0.00725	0.00580	0.00507	0.00145	0.01015	0.00362	0.00290	0.00652
32	0.02331	0.01268	0.01498	0.01149	0.01592	0.01288	0.00949	0.38961	0.02131	0.40149	0.01784	0.01632	0.01174	0.00686	0.00564	0.00171	0.00549	0.00536	0.00629	0.00957
33	0.10557	0.00601	0.00671	0.00712	0.00846	0.00574	0.00517	0.00944	0.01203	0.01712	0.13877	0.35564	0.25190	0.01424	0.00653	0.00204	0.00324	0.03417	0.00515	0.00493
