[name]
unknown

[dist]
# distance from previous block
# <min> <max>
0	28

[block]
# block no. 0 follows, 46 sequences, length 13
# corresponding to MSA columns:
# 31-43
name=unknown_A
#
# <colnr> <probs for GDERKNQSTAVLIFYWHMCP>
#	G	D	E	R	K	N	Q	S	T	A	V	L	I	F	Y	W	H	M	C	P
0	0.12852	0.00937	0.01154	0.00926	0.01292	0.00893	0.00765	0.09824	0.01512	0.51795	0.05611	0.02021	0.01474	0.00709	0.00523	0.00169	0.00451	0.05700	0.00584	0.00809
1	0.00965	0.00842	0.01235	0.19962	0.20621	0.00892	0.00962	0.01248	0.05975	0.01429	0.02058	0.02656	0.15726	0.21940	0.01114	0.00260	0.00534	0.00679	0.00332	0.00569
2	0.01670	0.01442	0.01731	0.10063	0.14172	0.08297	0.06050	0.37965	0.09040	0.02470	0.01221	0.01340	0.00911	0.00585	0.00530	0.00162	0.00640	0.00484	0.00416	0.00813
3	0.01604	0.01236	0.01592	0.19355	0.15897	0.03624	0.01174	0.25529	0.11565	0.11060	0.01341	0.01452	0.00978	0.00591	0.00528	0.00165	0.00592	0.00492	0.00422	0.00801
4	0.16176	0.00944	0.01001	0.00845	0.01112	0.01003	0.00674	0.26619	0.01697	0.02509	0.31156	0.02601	0.09876	0.00850	0.00539	0.00164	0.00392	0.00690	0.00510	0.00643
5	0.16656	0.01478	0.01389	0.01337	0.10068	0.16829	0.00954	0.21008	0.16661	0.06630	0.01275	0.01308	0.00956	0.00590	0.00484	0.00159	0.00590	0.00442	0.00421	0.00765
6	0.02141	0.01745	0.01397	0.01174	0.01518	0.38810	0.00920	0.10307	0.01611	0.33087	0.01385	0.01333	0.00961	0.00599	0.00505	0.00150	0.00707	0.00433	0.00456	0.00761
7	0.01326	0.00876	0.01021	0.00858	0.01119	0.00884	0.00680	0.21798	0.05806	0.12663	0.33577	0.02967	0.12380	0.00915	0.00581	0.00166	0.00378	0.00769	0.00563	0.00673
8	0.01312	0.01185	0.01588	0.01972	0.33082	0.01291	0.01161	0.02319	0.45785	0.02011	0.01674	0.01698	0.01293	0.00616	0.00532	0.00170	0.00505	0.00545	0.00424	0.00837
9	0.01243	0.01483	0.07908	0.06190	0.01452	0.28790	0.00915	0.01517	0.04808	0.01552	0.15203	0.17517	0.02209	0.00925	0.00568	0.00172	0.00613	0.05972	0.00391	0.00571
10	0.01347	0.16074	0.11122	0.01127	0.06426	0.09484	0.00959	0.01609	0.01174	0.06960	0.00974	0.01101	0.00779	0.00456	0.00423	0.00113	0.00551	0.00346	0.00302	0.38672
11	0.30813	0.17726	0.01449	0.00959	0.01260	0.11809	0.00802	0.09045	0.03650	0.01881	0.00911	0.01124	0.00771	0.03197	0.05294	0.00207	0.07791	0.00369	0.00315	0.00628
12	0.01088	0.01031	0.01748	0.57877	0.25212	0.01198	0.01513	0.01429	0.01100	0.01460	0.00955	0.01380	0.00743	0.00512	0.00527	0.00171	0.00683	0.00470	0.00243	0.00660

[dist]
# distance from previous block
# <min> <max>
8	14

[block]
# block no. 1 follows, 46 sequences, length 20
# corresponding to MSA columns:
# 58-77
name=unknown_B
#
# <colnr> <probs for GDERKNQSTAVLIFYWHMCP>
#	G	D	E	R	K	N	Q	S	T	A	V	L	I	F	Y	W	H	M	C	P
0	0.05634	0.00914	0.01205	0.14920	0.11395	0.06929	0.00954	0.02789	0.01018	0.01425	0.01193	0.01692	0.01053	0.02398	0.43515	0.00537	0.01083	0.00503	0.00279	0.00564
1	0.01097	0.01041	0.01764	0.55595	0.27423	0.01201	0.01517	0.01437	0.01104	0.01471	0.00957	0.01377	0.00747	0.00510	0.00527	0.00170	0.00680	0.00470	0.00243	0.00667
2	0.01671	0.09541	0.07055	0.01255	0.03912	0.14651	0.01039	0.29249	0.22025	0.02317	0.01346	0.01353	0.01014	0.00609	0.00502	0.00156	0.00615	0.00460	0.00429	0.00802
3	0.01462	0.08067	0.10739	0.09055	0.32630	0.07067	0.01329	0.01766	0.01263	0.14936	0.05687	0.01472	0.01108	0.00552	0.00510	0.00156	0.00619	0.00475	0.00340	0.00769
4	0.08137	0.01930	0.30718	0.01264	0.01799	0.07384	0.01303	0.26662	0.03347	0.10706	0.01181	0.01229	0.00831	0.00570	0.00500	0.00162	0.00655	0.00427	0.00391	0.00805
5	0.01312	0.01189	0.01616	0.02036	0.35338	0.01289	0.01184	0.02284	0.43552	0.01997	0.01640	0.01679	0.01270	0.00608	0.00531	0.00169	0.00511	0.00542	0.00416	0.00837
6	0.00744	0.00769	0.05530	0.00867	0.01095	0.00611	0.10616	0.00946	0.01182	0.01500	0.08009	0.20017	0.43661	0.01222	0.00628	0.00185	0.00388	0.01079	0.00450	0.00501
7	0.01431	0.01475	0.01882	0.16277	0.44915	0.17432	0.01436	0.05831	0.01310	0.01660	0.00963	0.01250	0.00785	0.00506	0.00515	0.00156	0.00706	0.00444	0.00274	0.00750
8	0.00916	0.00829	0.01360	0.61757	0.02975	0.01002	0.01242	0.01208	0.01047	0.01350	0.01397	0.19861	0.01351	0.00790	0.00562	0.00185	0.00613	0.00709	0.00294	0.00551
9	0.00644	0.00460	0.00613	0.00736	0.00767	0.00429	0.00491	0.00736	0.01012	0.01350	0.02914	0.81076	0.03497	0.01656	0.00675	0.00215	0.00307	0.01503	0.00491	0.00429
10	0.01653	0.01806	0.01862	0.02154	0.32228	0.35838	0.06655	0.01886	0.01342	0.05744	0.00972	0.01182	0.00787	0.00526	0.00547	0.00152	0.03226	0.00427	0.00288	0.00724
11	0.00813	0.00581	0.00807	0.00929	0.01033	0.00575	0.00784	0.01028	0.01178	0.01538	0.02821	0.20107	0.03128	0.01497	0.00720	0.00238	0.00453	0.60807	0.00488	0.00476
12	0.00755	0.00566	0.00850	0.00850	0.00944	0.00661	0.00661	0.00944	0.00850	0.01227	0.01416	0.02077	0.01322	0.03965	0.79326	0.00850	0.01416	0.00566	0.00283	0.00472
13	0.01354	0.01473	0.01690	0.39357	0.20369	0.23919	0.01374	0.01635	0.01219	0.01422	0.00917	0.01253	0.00729	0.00520	0.00512	0.00160	0.00759	0.00432	0.00252	0.00653
14	0.01467	0.06105	0.22234	0.01321	0.04071	0.01434	0.03143	0.25299	0.25094	0.02336	0.01414	0.01428	0.01042	0.00605	0.00516	0.00165	0.00593	0.00484	0.00418	0.00829
15	0.01279	0.01226	0.02092	0.10568	0.71031	0.01248	0.01608	0.01597	0.01190	0.01691	0.00989	0.01318	0.00825	0.00477	0.00524	0.00159	0.00635	0.00471	0.00259	0.00814
16	0.17714	0.00942	0.01079	0.00820	0.01241	0.00822	0.00667	0.01797	0.01200	0.27951	0.01290	0.01290	0.00921	0.00500	0.00427	0.00124	0.00415	0.00382	0.00432	0.39986
17	0.01564	0.14241	0.01857	0.01610	0.15374	0.34076	0.08180	0.01775	0.01338	0.04090	0.05455	0.01486	0.05552	0.00588	0.00496	0.00145	0.00732	0.00469	0.00306	0.00667
18	0.00842	0.00626	0.00924	0.00880	0.00985	0.00607	0.07698	0.05322	0.01088	0.01457	0.06417	0.42827	0.04205	0.09455	0.01051	0.11766	0.00420	0.02555	0.00424	0.00451
19	0.06104	0.04551	0.11846	0.01872	0.29149	0.05818	0.01242	0.13215	0.01379	0.06530	0.01324	0.12140	0.01186	0.00678	0.00522	0.00164	0.00591	0.00580	0.00356	0.00753

[dist]
# distance from previous block
# <min> <max>
2	13

[block]
# block no. 2 follows, 46 sequences, length 6
# corresponding to MSA columns:
# 91-96
name=unknown_C
#
# <colnr> <probs for GDERKNQSTAVLIFYWHMCP>
#	G	D	E	R	K	N	Q	S	T	A	V	L	I	F	Y	W	H	M	C	P
0	0.01497	0.14861	0.03687	0.01103	0.03697	0.01127	0.05956	0.01783	0.04627	0.23195	0.06237	0.01789	0.03303	0.00657	0.00611	0.00153	0.08049	0.03254	0.00417	0.13997
1	0.01228	0.01393	0.09490	0.11254	0.33964	0.01285	0.21511	0.01682	0.06343	0.01685	0.01070	0.01372	0.00844	0.00509	0.00601	0.00170	0.04053	0.00512	0.00274	0.00760
2	0.01182	0.00954	0.01011	0.00796	0.01170	0.05640	0.00628	0.01464	0.05979	0.09198	0.02139	0.02132	0.18664	0.00666	0.00474	0.00120	0.00406	0.00539	0.00399	0.46440
3	0.01498	0.01337	0.01196	0.01076	0.01333	0.19104	0.00822	0.14755	0.23598	0.07176	0.01870	0.20472	0.01704	0.00883	0.00554	0.00173	0.00545	0.00729	0.00472	0.00703
4	0.15861	0.11929	0.36193	0.01149	0.01717	0.01216	0.01287	0.01870	0.01174	0.21142	0.01172	0.01211	0.00816	0.00532	0.00459	0.00159	0.00607	0.00395	0.00350	0.00762
5	0.01174	0.00877	0.01036	0.00821	0.01176	0.00769	0.00647	0.01625	0.14277	0.09154	0.18988	0.01971	0.01945	0.00631	0.00483	0.00124	0.00369	0.00531	0.00446	0.42955

[dist]
# distance from previous block
# <min> <max>
0	1

[block]
# block no. 3 follows, 46 sequences, length 54
# corresponding to MSA columns:
# 98-151
name=unknown_D
#
# <colnr> <probs for GDERKNQSTAVLIFYWHMCP>
#	G	D	E	R	K	N	Q	S	T	A	V	L	I	F	Y	W	H	M	C	P
0	0.01477	0.00815	0.01204	0.27073	0.01956	0.00833	0.00930	0.01742	0.01358	0.32243	0.22265	0.02254	0.02107	0.00728	0.00556	0.00168	0.00480	0.00626	0.00496	0.00688
1	0.00998	0.00940	0.01586	0.80150	0.03641	0.01175	0.01468	0.01351	0.01057	0.01351	0.00940	0.01409	0.00705	0.00529	0.00529	0.00176	0.00705	0.00470	0.00235	0.00587
2	0.00632	0.00536	0.00545	0.00543	0.00718	0.00449	0.00407	0.00772	0.01221	0.01466	0.09346	0.05025	0.73895	0.01325	0.00625	0.00178	0.00267	0.01107	0.00496	0.00449
3	0.01204	0.02173	0.44321	0.01515	0.02104	0.10897	0.16777	0.01680	0.01190	0.01666	0.01050	0.01261	0.00780	0.00510	0.00508	0.00160	0.00761	0.00444	0.10288	0.00712
4	0.01096	0.00940	0.01096	0.00783	0.01253	0.00705	0.00626	0.01331	0.01096	0.01723	0.00940	0.01096	0.00783	0.00392	0.00392	0.00078	0.00392	0.00313	0.00313	0.84653
5	0.01642	0.50402	0.02291	0.01052	0.01467	0.14995	0.00947	0.18437	0.01462	0.01720	0.00869	0.00960	0.00728	0.00509	0.00405	0.00127	0.00634	0.00336	0.00302	0.00717
6	0.00875	0.00806	0.01238	0.53809	0.02673	0.00934	0.01115	0.01155	0.01106	0.01376	0.02401	0.02626	0.26248	0.00797	0.00560	0.00177	0.00560	0.00684	0.00320	0.00541
7	0.01140	0.01084	0.01842	0.44997	0.37687	0.01212	0.01539	0.01475	0.01124	0.01523	0.00965	0.01363	0.00765	0.00502	0.00526	0.00167	0.00670	0.00470	0.00247	0.00702
8	0.00918	0.00459	0.00689	0.00689	0.00689	0.00459	0.00459	0.00689	0.00689	0.00918	0.00918	0.01607	0.00918	0.01837	0.02066	0.84619	0.00459	0.00459	0.00230	0.00230
9	0.00769	0.00513	0.00577	0.00577	0.00577	0.00513	0.00320	0.00769	0.00769	0.01025	0.01666	0.03460	0.01922	0.81421	0.02691	0.00513	0.00513	0.00769	0.00320	0.00320
10	0.52496	0.01610	0.01060	0.00957	0.01263	0.31855	0.00749	0.01773	0.01135	0.01949	0.00768	0.00896	0.00615	0.00512	0.00386	0.00153	0.00623	0.00308	0.00306	0.00588
11	0.01975	0.02520	0.01498	0.01362	0.01634	0.79299	0.01021	0.02111	0.01498	0.01294	0.00817	0.00953	0.00681	0.00545	0.00477	0.00136	0.00953	0.00340	0.00272	0.00613
12	0.01311	0.01120	0.01186	0.01062	0.01358	0.01290	0.00827	0.04937	0.71684	0.02241	0.05371	0.02036	0.01737	0.00730	0.00541	0.00178	0.00416	0.00609	0.00540	0.00824
13	0.00998	0.00940	0.01586	0.80150	0.03641	0.01175	0.01468	0.01351	0.01057	0.01351	0.00940	0.01409	0.00705	0.00529	0.00529	0.00176	0.00705	0.00470	0.00235	0.00587
14	0.00915	0.00719	0.00849	0.00785	0.00963	0.00743	0.00598	0.01535	0.24255	0.02127	0.52897	0.03388	0.06160	0.00979	0.00598	0.00171	0.00301	0.00853	0.00566	0.00599
15	0.00642	0.00518	0.00572	0.00598	0.00735	0.00448	0.00434	0.00778	0.01188	0.01481	0.12345	0.23521	0.52111	0.01389	0.00637	0.00186	0.00275	0.01194	0.00500	0.00448
16	0.01597	0.17245	0.01651	0.01103	0.01471	0.05399	0.00915	0.26868	0.33712	0.02346	0.01514	0.01468	0.01147	0.00629	0.00493	0.00157	0.00528	0.00483	0.00460	0.00815
17	0.01248	0.01426	0.03119	0.02228	0.02763	0.01337	0.76203	0.01693	0.01248	0.01693	0.01070	0.01426	0.00802	0.00446	0.00624	0.00178	0.00891	0.00624	0.00267	0.00713
18	0.06776	0.04479	0.18087	0.01452	0.05555	0.23734	0.07885	0.15472	0.06349	0.03723	0.01066	0.01181	0.00804	0.00547	0.00499	0.00156	0.00736	0.00423	0.00335	0.00741
19	0.01294	0.01298	0.02384	0.02997	0.59724	0.01276	0.19831	0.01640	0.01214	0.01719	0.01013	0.01337	0.00829	0.00465	0.00548	0.00162	0.00692	0.00508	0.00263	0.00807
20	0.00690	0.00493	0.00666	0.00788	0.00839	0.00469	0.00570	0.00815	0.01057	0.01401	0.02889	0.64580	0.03397	0.01613	0.00687	0.00221	0.00346	0.17548	0.00490	0.00442
21	0.01375	0.02007	0.44936	0.01347	0.03947	0.01170	0.01476	0.07177	0.11970	0.14714	0.01470	0.01491	0.03348	0.00593	0.00518	0.00168	0.00641	0.00474	0.00370	0.00808
22	0.01316	0.01300	0.03131	0.01088	0.03694	0.21339	0.05422	0.05445	0.06256	0.08103	0.02744	0.09537	0.26616	0.00920	0.00566	0.00167	0.00555	0.00761	0.00425	0.00613
23	0.00761	0.00514	0.00588	0.00599	0.00610	0.00510	0.00352	0.00779	0.00811	0.01075	0.01876	0.07896	0.04094	0.71877	0.02451	0.00477	0.00494	0.03562	0.00341	0.00336
24	0.00985	0.00922	0.01549	0.77199	0.03534	0.01147	0.01432	0.01328	0.01055	0.01351	0.01013	0.04371	0.00808	0.00570	0.00534	0.00178	0.00690	0.00508	0.00244	0.00581
25	0.01527	0.08595	0.26929	0.01453	0.01945	0.31698	0.09870	0.06018	0.04179	0.01606	0.00957	0.01107	0.00738	0.00524	0.00496	0.00152	0.00819	0.00402	0.00276	0.00708
26	0.01300	0.06988	0.32755	0.02014	0.27210	0.03242	0.05477	0.01793	0.05882	0.06742	0.01102	0.01273	0.00833	0.00510	0.00509	0.00161	0.00683	0.00443	0.00287	0.00797
27	0.00675	0.00493	0.00636	0.00735	0.00798	0.00459	0.00522	0.00794	0.01069	0.01401	0.05178	0.57307	0.12856	0.03915	0.00733	0.00221	0.00330	0.10953	0.00488	0.00438
28	0.07256	0.01975	0.38235	0.01378	0.01973	0.01290	0.08089	0.20929	0.01508	0.10660	0.01153	0.01241	0.00804	0.00547	0.00511	0.00165	0.00678	0.00442	0.00360	0.00804
29	0.01257	0.02200	0.44572	0.01981	0.22654	0.07750	0.05061	0.05279	0.01243	0.01737	0.00971	0.01176	0.00733	0.00501	0.00513	0.00162	0.00750	0.00423	0.00254	0.00785
30	0.01784	0.04895	0.01267	0.00965	0.01276	0.01001	0.00792	0.07923	0.09874	0.39512	0.12841	0.01986	0.01757	0.00737	0.00647	0.00168	0.08149	0.00576	0.03070	0.00780
31	0.01459	0.08444	0.01564	0.01491	0.17225	0.01339	0.01004	0.15463	0.31427	0.06421	0.04969	0.01781	0.03758	0.00659	0.00521	0.00164	0.00494	0.00549	0.00458	0.00811
32	0.01691	0.05533	0.06379	0.01291	0.01592	0.20760	0.02232	0.22709	0.03925	0.06991	0.01046	0.01193	0.00817	0.00669	0.00809	0.00171	0.20671	0.00434	0.00362	0.00725
33	0.01545	0.59650	0.02420	0.01033	0.01427	0.21194	0.00941	0.01704	0.01171	0.01257	0.00754	0.00884	0.00680	0.00490	0.00416	0.00122	0.03114	0.00303	0.00238	0.00659
34	0.01096	0.00940	0.01096	0.00783	0.01253	0.00705	0.00626	0.01331	0.01096	0.01723	0.00940	0.01096	0.00783	0.00392	0.00392	0.00078	0.00392	0.00313	0.00313	0.84653
35	0.00862	0.00687	0.00984	0.25012	0.01645	0.00791	0.00782	0.01091	0.04623	0.01233	0.01405	0.02414	0.01385	0.33376	0.21062	0.00477	0.00792	0.00618	0.00296	0.00465
36	0.01818	0.01348	0.01451	0.01160	0.01545	0.01499	0.00943	0.50546	0.24976	0.06678	0.01576	0.01507	0.01135	0.00661	0.00532	0.00165	0.00526	0.00515	0.00538	0.00880
37	0.00814	0.00673	0.00860	0.00788	0.00898	0.00732	0.00616	0.01005	0.01265	0.01761	0.41351	0.03565	0.21744	0.01098	0.00862	0.00182	0.17868	0.00875	0.02538	0.00503
38	0.00706	0.00530	0.00654	0.00641	0.00768	0.00478	0.00474	0.00909	0.01370	0.01863	0.51548	0.12777	0.22924	0.01209	0.00630	0.00175	0.00260	0.01056	0.00549	0.00478
39	0.00644	0.00500	0.00587	0.00643	0.00746	0.00442	0.00452	0.00767	0.01135	0.01446	0.10027	0.41674	0.36107	0.01471	0.00649	0.00195	0.00285	0.01290	0.00498	0.00442
40	0.01259	0.01205	0.02056	0.15566	0.66190	0.01243	0.01598	0.01579	0.01180	0.01667	0.00986	0.01325	0.00816	0.00480	0.00524	0.00160	0.00640	0.00471	0.00257	0.00797
41	0.01083	0.00937	0.01563	0.75258	0.03500	0.01150	0.01425	0.01426	0.01085	0.06115	0.01010	0.01434	0.00742	0.00536	0.00529	0.00175	0.00689	0.00474	0.00261	0.00607
42	0.01967	0.01459	0.01562	0.01208	0.01623	0.01619	0.00994	0.71817	0.07098	0.03263	0.01324	0.01313	0.00943	0.00640	0.00529	0.00160	0.00572	0.00483	0.00529	0.00895
43	0.01295	0.01243	0.02122	0.06542	0.74930	0.01253	0.01616	0.01611	0.01197	0.01711	0.00992	0.01313	0.00832	0.00473	0.00524	0.00158	0.00631	0.00471	0.00261	0.00827
44	0.00639	0.00482	0.00591	0.00679	0.00752	0.00434	0.00465	0.00743	0.01067	0.01372	0.03610	0.59403	0.24720	0.01566	0.00661	0.00204	0.00296	0.01392	0.00491	0.00434
45	0.01096	0.00940	0.01096	0.00783	0.01253	0.00705	0.00626	0.01331	0.01096	0.01723	0.00940	0.01096	0.00783	0.00392	0.00392	0.00078	0.00392	0.00313	0.00313	0.84653
46	0.00798	0.00622	0.00744	0.00781	0.00905	0.02653	0.00610	0.01038	0.04118	0.01671	0.24311	0.17218	0.15297	0.03712	0.00719	0.00209	0.00366	0.23235	0.00506	0.00486
47	0.05727	0.01856	0.27056	0.01296	0.01811	0.01480	0.01305	0.44069	0.01867	0.02629	0.01107	0.01193	0.00796	0.00599	0.00573	0.00166	0.04802	0.00438	0.00402	0.00827
48	0.00644	0.00460	0.00613	0.00736	0.00767	0.00429	0.00491	0.00736	0.01012	0.01350	0.02914	0.81076	0.03497	0.01656	0.00675	0.00215	0.00307	0.01503	0.00491	0.00429
49	0.00651	0.00478	0.00600	0.00690	0.00747	0.00439	0.00465	0.00748	0.01041	0.01361	0.04992	0.61541	0.16116	0.06516	0.00790	0.00226	0.00311	0.01379	0.00482	0.00427
50	0.01438	0.08437	0.01996	0.09645	0.41101	0.07388	0.05018	0.04984	0.06509	0.06765	0.01119	0.01332	0.00884	0.00515	0.00511	0.00156	0.00640	0.00464	0.00313	0.00783
51	0.10577	0.36590	0.05952	0.01029	0.01416	0.15934	0.00933	0.01749	0.04870	0.04790	0.00900	0.01014	0.00748	0.00523	0.00479	0.00136	0.05542	0.00339	0.00285	0.06195
52	0.11192	0.04236	0.20892	0.04692	0.05487	0.10383	0.02745	0.18684	0.05134	0.02132	0.08367	0.01433	0.01182	0.00598	0.00498	0.00160	0.00629	0.00465	0.00363	0.00730
53	0.16875	0.17193	0.05217	0.02758	0.17229	0.13675	0.01043	0.06974	0.01277	0.07993	0.02871	0.01217	0.00889	0.02110	0.00489	0.00155	0.00606	0.00399	0.00326	0.00707

[dist]
# distance from previous block
# <min> <max>
1	59

[block]
# block no. 4 follows, 46 sequences, length 18
# corresponding to MSA columns:
# 211-228
name=unknown_E
#
# <colnr> <probs for GDERKNQSTAVLIFYWHMCP>
#	G	D	E	R	K	N	Q	S	T	A	V	L	I	F	Y	W	H	M	C	P
0	0.24212	0.01711	0.01323	0.01256	0.07575	0.34341	0.00907	0.09472	0.01387	0.06055	0.00933	0.01045	0.00728	0.00529	0.00443	0.00145	0.00676	0.00359	0.00336	0.06569
1	0.10734	0.08789	0.27648	0.01137	0.01643	0.01271	0.01187	0.16641	0.06062	0.11335	0.03589	0.01516	0.04980	0.00614	0.00489	0.00161	0.00577	0.00470	0.00391	0.00765
2	0.01904	0.01738	0.01587	0.01653	0.17863	0.34768	0.01096	0.09568	0.01519	0.19187	0.01186	0.01259	0.00880	0.00574	0.00540	0.00152	0.02963	0.00429	0.00382	0.00754
3	0.00685	0.00500	0.00606	0.00665	0.00730	0.00465	0.00451	0.00781	0.01036	0.01350	0.07704	0.39176	0.18787	0.19722	0.01123	0.00273	0.00351	0.04722	0.00457	0.00415
4	0.00770	0.00497	0.00659	0.00741	0.00807	0.00458	0.00509	0.00878	0.01075	0.06807	0.06418	0.69742	0.05537	0.01550	0.00661	0.00208	0.00313	0.01398	0.00506	0.00466
5	0.01617	0.01371	0.01562	0.20671	0.12410	0.13039	0.01159	0.19959	0.10879	0.10164	0.01279	0.01404	0.00942	0.00585	0.00522	0.00162	0.00640	0.00474	0.00397	0.00764
6	0.00717	0.00570	0.00726	0.00850	0.06217	0.00521	0.00574	0.00875	0.01179	0.01522	0.12667	0.29167	0.32252	0.01361	0.00644	0.00194	0.00326	0.08673	0.00485	0.00479
7	0.01117	0.02267	0.55142	0.01569	0.02233	0.01214	0.15421	0.05674	0.01207	0.01745	0.01126	0.06798	0.00905	0.00580	0.00538	0.00172	0.00757	0.00516	0.00267	0.00750
8	0.01566	0.01473	0.01421	0.01228	0.06558	0.18306	0.00914	0.22842	0.01571	0.02063	0.00997	0.01131	0.00793	0.00527	0.00528	0.00127	0.04766	0.00384	0.00358	0.32448
9	0.00758	0.00538	0.00713	0.00727	0.00776	0.00578	0.00507	0.00860	0.00840	0.01161	0.01684	0.07898	0.01803	0.38125	0.36766	0.00632	0.00903	0.04005	0.00322	0.00403
10	0.01461	0.07149	0.23248	0.01410	0.01867	0.16898	0.09924	0.14428	0.06061	0.01869	0.03496	0.01274	0.00925	0.00589	0.00610	0.00163	0.07124	0.00452	0.00321	0.00731
11	0.08416	0.42626	0.15475	0.07514	0.01820	0.04185	0.08547	0.01598	0.01090	0.01468	0.00823	0.01007	0.00683	0.00483	0.00445	0.00142	0.02402	0.00356	0.00241	0.00679
12	0.00985	0.00810	0.00900	0.00830	0.01043	0.00861	0.00636	0.01780	0.35780	0.02049	0.31669	0.03238	0.15362	0.00958	0.00585	0.00174	0.00329	0.00820	0.00547	0.00644
13	0.00766	0.00525	0.00641	0.00641	0.00663	0.00548	0.00401	0.00810	0.00788	0.01073	0.01607	0.03133	0.01780	0.63116	0.20802	0.00592	0.00726	0.00721	0.00312	0.00356
14	0.55960	0.01148	0.01040	0.00862	0.01222	0.01293	0.00711	0.23343	0.01398	0.07292	0.00973	0.01035	0.00712	0.00542	0.00398	0.00162	0.00462	0.00356	0.00406	0.00687
15	0.09253	0.04892	0.04978	0.05168	0.32808	0.01281	0.07270	0.13649	0.01382	0.06935	0.01071	0.01262	0.00827	0.00506	0.00496	0.00154	0.00600	0.00448	0.00336	0.06685
16	0.11518	0.01321	0.01892	0.04433	0.57637	0.06702	0.01417	0.05707	0.01254	0.01854	0.00965	0.01230	0.00795	0.00489	0.00497	0.00157	0.00623	0.00440	0.00284	0.00787
17	0.01410	0.01218	0.01854	0.14879	0.40042	0.01335	0.01396	0.14901	0.01374	0.05142	0.01044	0.01320	0.00830	0.00572	0.00672	0.00170	0.10270	0.00473	0.00318	0.00780

[dist]
# distance from previous block
# <min> <max>
0	1

[block]
# block no. 5 follows, 46 sequences, length 7
# corresponding to MSA columns:
# 230-236
name=unknown_F
#
# <colnr> <probs for GDERKNQSTAVLIFYWHMCP>
#	G	D	E	R	K	N	Q	S	T	A	V	L	I	F	Y	W	H	M	C	P
0	0.01134	0.01065	0.01753	0.30901	0.24083	0.01166	0.08723	0.01635	0.11948	0.01673	0.06221	0.01819	0.01258	0.00606	0.00552	0.00174	0.00622	0.03649	0.00322	0.00696
1	0.01051	0.01042	0.01909	0.63721	0.03456	0.01209	0.17226	0.01423	0.01097	0.01423	0.00967	0.01413	0.00725	0.00511	0.00549	0.00177	0.00744	0.00502	0.00242	0.00614
2	0.01308	0.01256	0.02146	0.03245	0.78123	0.01256	0.01622	0.01622	0.01204	0.01727	0.00994	0.01308	0.00837	0.00471	0.00523	0.00157	0.00628	0.00471	0.00262	0.00837
3	0.01085	0.01028	0.01742	0.58721	0.24395	0.01197	0.01511	0.01426	0.01098	0.01456	0.00955	0.01381	0.00742	0.00513	0.00527	0.00171	0.00683	0.00470	0.00242	0.00657
4	0.01341	0.00904	0.01097	0.00808	0.01241	0.00706	0.00649	0.01571	0.01212	0.17936	0.06469	0.01441	0.01183	0.00494	0.00437	0.00102	0.00394	0.00403	0.00404	0.61208
5	0.01407	0.01506	0.02057	0.11458	0.44912	0.17711	0.10021	0.01703	0.01254	0.01589	0.00959	0.01258	0.00785	0.00490	0.00526	0.00157	0.00735	0.00461	0.00262	0.00747
6	0.00664	0.00484	0.00626	0.00703	0.00767	0.00446	0.00484	0.00793	0.01132	0.01519	0.18933	0.57950	0.10532	0.01506	0.00659	0.00201	0.00291	0.01353	0.00510	0.00446

[dist]
# distance from previous block
# <min> <max>
0	2

[block]
# block no. 6 follows, 46 sequences, length 11
# corresponding to MSA columns:
# 239-249
name=unknown_G
#
# <colnr> <probs for GDERKNQSTAVLIFYWHMCP>
#	G	D	E	R	K	N	Q	S	T	A	V	L	I	F	Y	W	H	M	C	P
0	0.05522	0.01691	0.01870	0.01564	0.04789	0.31499	0.23720	0.05909	0.01378	0.05134	0.01200	0.07113	0.01051	0.02692	0.00598	0.00171	0.00784	0.02333	0.00327	0.00655
1	0.01339	0.00686	0.00879	0.00759	0.00962	0.00636	0.00570	0.01575	0.04909	0.28183	0.30819	0.03004	0.02863	0.19219	0.01059	0.00245	0.00386	0.00750	0.00545	0.00612
2	0.12922	0.14835	0.06140	0.01064	0.01455	0.04486	0.00940	0.29552	0.04128	0.10200	0.01173	0.01222	0.00869	0.00593	0.00524	0.00155	0.04771	0.00418	0.03787	0.00765
3	0.01616	0.18503	0.01681	0.01111	0.01479	0.09191	0.00921	0.25336	0.30410	0.02264	0.01446	0.01416	0.01102	0.00618	0.00487	0.00155	0.00553	0.00468	0.00443	0.00801
4	0.00664	0.00485	0.00620	0.00707	0.00768	0.00448	0.00488	0.00778	0.01079	0.01426	0.09852	0.58456	0.13186	0.04533	0.00741	0.00218	0.00311	0.04311	0.00492	0.00436
5	0.06672	0.04434	0.42819	0.01284	0.01883	0.01270	0.01441	0.14461	0.07129	0.11801	0.01219	0.01269	0.00855	0.00558	0.00497	0.00164	0.00648	0.00429	0.00360	0.00804
6	0.01175	0.11090	0.58395	0.01382	0.02059	0.01352	0.01674	0.05728	0.08999	0.01770	0.01066	0.01183	0.00780	0.00526	0.00490	0.00162	0.00710	0.00405	0.00272	0.00782
7	0.00687	0.00492	0.00666	0.00755	0.00799	0.00489	0.00526	0.00796	0.00972	0.01310	0.02523	0.55694	0.02935	0.09274	0.15133	0.00358	0.00536	0.05187	0.00437	0.00430
8	0.02024	0.00856	0.01137	0.00904	0.01257	0.00768	0.00734	0.02327	0.06888	0.60224	0.14832	0.02173	0.01949	0.00731	0.00548	0.00165	0.00414	0.00608	0.00634	0.00828
9	0.01423	0.04898	0.19375	0.08682	0.13237	0.19224	0.03665	0.10943	0.04823	0.01758	0.01141	0.06350	0.00958	0.00607	0.00515	0.00160	0.00715	0.00493	0.00312	0.00722
10	0.01449	0.15121	0.02102	0.11398	0.04937	0.26807	0.20248	0.01703	0.01252	0.01427	0.01002	0.04822	0.00864	0.00560	0.00533	0.00154	0.02458	0.00483	0.02038	0.00643

[dist]
# distance from previous block
# <min> <max>
20	60

[block]
# block no. 7 follows, 46 sequences, length 54
# corresponding to MSA columns:
# 313-366
name=unknown_H
#
# <colnr> <probs for GDERKNQSTAVLIFYWHMCP>
#	G	D	E	R	K	N	Q	S	T	A	V	L	I	F	Y	W	H	M	C	P
0	0.03877	0.07186	0.15680	0.01921	0.29873	0.01290	0.01327	0.10772	0.09307	0.05923	0.03006	0.01417	0.01022	0.00712	0.04252	0.00192	0.00636	0.00471	0.00344	0.00793
1	0.08943	0.05171	0.12702	0.04025	0.33401	0.01086	0.01247	0.01481	0.01133	0.05607	0.03081	0.14664	0.01355	0.00804	0.02875	0.00188	0.00581	0.00623	0.00326	0.00707
2	0.08716	0.01102	0.17576	0.00915	0.01182	0.00809	0.00852	0.04725	0.01060	0.03564	0.05834	0.13026	0.03652	0.15604	0.18682	0.00387	0.00717	0.00697	0.00352	0.00548
3	0.01584	0.01238	0.01421	0.01261	0.08076	0.06920	0.04464	0.23095	0.11179	0.11783	0.01804	0.01794	0.09239	0.00657	0.00520	0.00151	0.00529	0.00539	0.00455	0.13290
4	0.01370	0.12186	0.01735	0.03454	0.26364	0.02954	0.01078	0.17285	0.01486	0.02037	0.11769	0.01571	0.01396	0.00580	0.00494	0.00141	0.00532	0.00489	0.00365	0.12714
5	0.01367	0.46267	0.23682	0.01151	0.01650	0.10783	0.01223	0.01653	0.01121	0.01371	0.00802	0.00951	0.00677	0.00502	0.00475	0.00137	0.04933	0.00329	0.00231	0.00694
6	0.01350	0.03540	0.05341	0.01312	0.05411	0.01165	0.10949	0.14631	0.01403	0.10382	0.13716	0.06052	0.01728	0.05081	0.00893	0.00197	0.15120	0.00637	0.00411	0.00680
7	0.00664	0.00509	0.00608	0.00643	0.00753	0.00454	0.00460	0.00812	0.01209	0.01577	0.23061	0.32863	0.31706	0.01390	0.00643	0.00189	0.00277	0.01218	0.00514	0.00454
8	0.00709	0.00494	0.00628	0.00696	0.00724	0.00486	0.00456	0.00780	0.00919	0.01230	0.02333	0.42763	0.02729	0.31706	0.07061	0.00373	0.00472	0.04634	0.00412	0.00394
9	0.01263	0.01211	0.02093	0.10211	0.58131	0.01228	0.08437	0.03836	0.01224	0.01719	0.01096	0.05120	0.00950	0.00535	0.00541	0.00164	0.00643	0.00534	0.00279	0.00785
10	0.01056	0.00990	0.01551	0.02244	0.49531	0.00957	0.01172	0.01303	0.01204	0.01617	0.02605	0.02704	0.29305	0.00792	0.00561	0.00165	0.00495	0.00709	0.00346	0.00693
11	0.85155	0.01022	0.00777	0.00695	0.01022	0.01186	0.00573	0.01554	0.00900	0.02372	0.00736	0.00859	0.00573	0.00491	0.00327	0.00164	0.00409	0.00286	0.00327	0.00573
12	0.01290	0.01247	0.01938	0.01575	0.04494	0.01321	0.28701	0.02357	0.46546	0.02004	0.01713	0.01748	0.01288	0.00609	0.00569	0.00178	0.00600	0.00603	0.00429	0.00791
13	0.02010	0.01481	0.01587	0.01216	0.01639	0.01639	0.01005	0.76360	0.02486	0.03332	0.01269	0.01269	0.00899	0.00635	0.00529	0.00159	0.00582	0.00476	0.00529	0.00899
14	0.01232	0.01178	0.02007	0.22285	0.59683	0.01236	0.01584	0.01555	0.01167	0.01634	0.00981	0.01333	0.00805	0.00485	0.00525	0.00162	0.00647	0.00471	0.00255	0.00775
15	0.00998	0.00940	0.01586	0.80150	0.03641	0.01175	0.01468	0.01351	0.01057	0.01351	0.00940	0.01409	0.00705	0.00529	0.00529	0.00176	0.00705	0.00470	0.00235	0.00587
16	0.00625	0.00536	0.00536	0.00536	0.00714	0.00446	0.00402	0.00759	0.01205	0.01428	0.05355	0.05088	0.77909	0.01339	0.00625	0.00179	0.00268	0.01116	0.00491	0.00446
17	0.00918	0.00459	0.00689	0.00689	0.00689	0.00459	0.00459	0.00689	0.00689	0.00918	0.00918	0.01607	0.00918	0.01837	0.02066	0.84619	0.00459	0.00459	0.00230	0.00230
18	0.35059	0.01187	0.01337	0.01083	0.01450	0.05402	0.11049	0.06592	0.15083	0.14892	0.01301	0.01326	0.00942	0.00565	0.00461	0.00167	0.00523	0.00445	0.00421	0.00716
19	0.01060	0.02735	0.78682	0.01507	0.02288	0.01228	0.01953	0.01674	0.01116	0.01674	0.00949	0.01116	0.00670	0.00502	0.00502	0.00167	0.00781	0.00391	0.00223	0.00781
20	0.00644	0.00460	0.00613	0.00736	0.00767	0.00429	0.00491	0.00736	0.01012	0.01350	0.02914	0.81076	0.03497	0.01656	0.00675	0.00215	0.00307	0.01503	0.00491	0.00429
21	0.00755	0.00566	0.00850	0.00850	0.00944	0.00661	0.00661	0.00944	0.00850	0.01227	0.01416	0.02077	0.01322	0.03965	0.79326	0.00850	0.01416	0.00566	0.00283	0.00472
22	0.01308	0.01256	0.02146	0.03245	0.78123	0.01256	0.01622	0.01622	0.01204	0.01727	0.00994	0.01308	0.00837	0.00471	0.00523	0.00157	0.00628	0.00471	0.00262	0.00837
23	0.00748	0.00540	0.00707	0.00665	0.00790	0.00499	0.00499	0.00998	0.01496	0.02120	0.77844	0.03949	0.04988	0.01081	0.00624	0.00166	0.00249	0.00956	0.00582	0.00499
24	0.00639	0.00536	0.00555	0.00550	0.00723	0.00452	0.00413	0.00786	0.01238	0.01507	0.13630	0.04958	0.69585	0.01309	0.00625	0.00177	0.00266	0.01097	0.00501	0.00452
25	0.01413	0.81739	0.02770	0.00905	0.01357	0.02092	0.00905	0.01583	0.01074	0.01244	0.00735	0.00848	0.00678	0.00452	0.00339	0.00113	0.00565	0.00283	0.00226	0.00678
26	0.01827	0.01206	0.01313	0.01031	0.01388	0.01301	0.00844	0.52355	0.02086	0.10988	0.01454	0.01477	0.01041	0.00633	0.00495	0.00152	0.00495	0.00485	0.18619	0.00811
27	0.02010	0.01481	0.01587	0.01216	0.01639	0.01639	0.01005	0.76360	0.02486	0.03332	0.01269	0.01269	0.00899	0.00635	0.00529	0.00159	0.00582	0.00476	0.00529	0.00899
28	0.01413	0.81739	0.02770	0.00905	0.01357	0.02092	0.00905	0.01583	0.01074	0.01244	0.00735	0.00848	0.00678	0.00452	0.00339	0.00113	0.00565	0.00283	0.00226	0.00678
29	0.00682	0.00538	0.00615	0.00596	0.00749	0.00471	0.00447	0.00869	0.01340	0.01749	0.38950	0.04560	0.44115	0.01219	0.00624	0.00173	0.00259	0.01042	0.00533	0.00471
30	0.00642	0.00515	0.00573	0.00604	0.00736	0.00446	0.00436	0.00775	0.01178	0.01471	0.11466	0.26261	0.50235	0.01404	0.00639	0.00188	0.00277	0.01209	0.00499	0.00446
31	0.00689	0.00510	0.00644	0.00670	0.00769	0.00464	0.00480	0.00861	0.01269	0.01720	0.38113	0.32626	0.16564	0.01336	0.00643	0.00186	0.00274	0.01185	0.00533	0.00464
32	0.01181	0.01767	0.24719	0.01905	0.02438	0.01344	0.44514	0.01630	0.01150	0.01630	0.00983	0.01300	0.00749	0.00528	0.00741	0.00182	0.11741	0.00535	0.00250	0.00714
33	0.00748	0.00540	0.00707	0.00665	0.00790	0.00499	0.00499	0.00998	0.01496	0.02120	0.77844	0.03949	0.04988	0.01081	0.00624	0.00166	0.00249	0.00956	0.00582	0.00499
34	0.00661	0.00490	0.00617	0.00684	0.00761	0.00447	0.00476	0.00793	0.01146	0.01519	0.18398	0.51268	0.17842	0.01481	0.00655	0.00198	0.00288	0.01320	0.00509	0.00447
35	0.01413	0.81739	0.02770	0.00905	0.01357	0.02092	0.00905	0.01583	0.01074	0.01244	0.00735	0.00848	0.00678	0.00452	0.00339	0.00113	0.00565	0.00283	0.00226	0.00678
36	0.02228	0.00980	0.01254	0.00967	0.01368	0.00905	0.00797	0.14827	0.01661	0.62259	0.02105	0.01867	0.04882	0.00684	0.00536	0.00163	0.00463	0.00550	0.00626	0.00878
37	0.00998	0.00940	0.01586	0.80150	0.03641	0.01175	0.01468	0.01351	0.01057	0.01351	0.00940	0.01409	0.00705	0.00529	0.00529	0.00176	0.00705	0.00470	0.00235	0.00587
38	0.01469	0.73876	0.02644	0.00950	0.01384	0.09755	0.00916	0.01635	0.01116	0.01249	0.00743	0.00858	0.00679	0.00461	0.00353	0.00115	0.00604	0.00288	0.00231	0.00672
39	0.01096	0.00940	0.01096	0.00783	0.01253	0.00705	0.00626	0.01331	0.01096	0.01723	0.00940	0.01096	0.00783	0.00392	0.00392	0.00078	0.00392	0.00313	0.00313	0.84653
40	0.00780	0.00773	0.06597	0.00882	0.01094	0.00615	0.05439	0.01008	0.01205	0.01544	0.07540	0.10710	0.32856	0.01272	0.00655	0.00201	0.00420	0.25446	0.00460	0.00503
41	0.85155	0.01022	0.00777	0.00695	0.01022	0.01186	0.00573	0.01554	0.00900	0.02372	0.00736	0.00859	0.00573	0.00491	0.00327	0.00164	0.00409	0.00286	0.00327	0.00573
42	0.01315	0.01136	0.01195	0.01076	0.01375	0.01315	0.00837	0.02809	0.77168	0.02211	0.02152	0.01972	0.01614	0.00717	0.00538	0.00179	0.00418	0.00598	0.00538	0.00837
43	0.00998	0.00940	0.01586	0.80150	0.03641	0.01175	0.01468	0.01351	0.01057	0.01351	0.00940	0.01409	0.00705	0.00529	0.00529	0.00176	0.00705	0.00470	0.00235	0.00587
44	0.00985	0.00493	0.00493	0.00493	0.00616	0.00493	0.00370	0.01232	0.01109	0.01971	0.01725	0.01971	0.01355	0.00616	0.00370	0.00123	0.00246	0.00493	0.84356	0.00493
45	0.01044	0.00943	0.01435	0.12885	0.28339	0.01029	0.01111	0.01357	0.06509	0.01516	0.01722	0.10020	0.07878	0.07488	0.04596	0.00240	0.08509	0.02416	0.00328	0.00634
46	0.01049	0.00985	0.01664	0.46014	0.19329	0.01149	0.04084	0.01363	0.01056	0.01424	0.01010	0.01467	0.00821	0.01002	0.11365	0.00267	0.04584	0.00489	0.00248	0.00630
47	0.00654	0.00473	0.00618	0.00716	0.00766	0.00438	0.00486	0.00765	0.01074	0.01434	0.10809	0.68334	0.08324	0.01577	0.00666	0.00207	0.00298	0.01422	0.00500	0.00438
48	0.01060	0.02735	0.78682	0.01507	0.02288	0.01228	0.01953	0.01674	0.01116	0.01674	0.00949	0.01116	0.00670	0.00502	0.00502	0.00167	0.00781	0.00391	0.00223	0.00781
49	0.01290	0.02106	0.36888	0.05782	0.19036	0.12137	0.07438	0.04013	0.03282	0.01683	0.00992	0.01202	0.00753	0.00508	0.00516	0.00162	0.00760	0.00432	0.00260	0.00760
50	0.01186	0.01163	0.01130	0.01049	0.01213	0.19047	0.00817	0.05696	0.07256	0.01446	0.01272	0.01690	0.01124	0.02484	0.44159	0.00543	0.07344	0.00503	0.00311	0.00567
51	0.00648	0.00493	0.00598	0.00679	0.00765	0.00444	0.00478	0.00761	0.01088	0.01388	0.03741	0.51497	0.28857	0.01538	0.00660	0.00204	0.00302	0.04930	0.00491	0.00438
52	0.01267	0.01286	0.06771	0.22292	0.49006	0.01262	0.01559	0.07085	0.01256	0.01748	0.00998	0.01319	0.00798	0.00500	0.00524	0.00163	0.00653	0.00466	0.00272	0.00776
53	0.01421	0.03480	0.07521	0.09303	0.48454	0.03577	0.01462	0.05568	0.03596	0.08865	0.01124	0.01344	0.00875	0.00513	0.00517	0.00159	0.00629	0.00466	0.00314	0.00810

[dist]
# distance from previous block
# <min> <max>
0	1

[block]
# block no. 8 follows, 46 sequences, length 42
# corresponding to MSA columns:
# 368-379,399-428
name=unknown_I
#
# <colnr> <probs for GDERKNQSTAVLIFYWHMCP>
#	G	D	E	R	K	N	Q	S	T	A	V	L	I	F	Y	W	H	M	C	P
0	0.01108	0.01000	0.01643	0.37179	0.30711	0.01123	0.01361	0.01421	0.01102	0.01554	0.01058	0.01451	0.00850	0.00650	0.03281	0.00188	0.03279	0.00476	0.09900	0.00665
1	0.01442	0.01219	0.01891	0.01458	0.05155	0.01147	0.24622	0.16141	0.05434	0.08126	0.01201	0.01345	0.00899	0.00497	0.00516	0.00141	0.00602	0.00482	0.00377	0.27307
2	0.05743	0.01606	0.01563	0.01278	0.01579	0.22478	0.06331	0.28518	0.01671	0.05496	0.01080	0.01261	0.00845	0.02828	0.00749	0.00174	0.12803	0.00450	0.02830	0.00717
3	0.01308	0.01256	0.02146	0.03245	0.78123	0.01256	0.01622	0.01622	0.01204	0.01727	0.00994	0.01308	0.00837	0.00471	0.00523	0.00157	0.00628	0.00471	0.00262	0.00837
4	0.01129	0.00984	0.01375	0.01194	0.01249	0.01295	0.00981	0.01278	0.00957	0.06283	0.11947	0.01704	0.01422	0.01279	0.10403	0.00289	0.54792	0.00550	0.00314	0.00575
5	0.00670	0.00514	0.00622	0.00696	0.00800	0.00465	0.00514	0.00803	0.01121	0.01418	0.03856	0.38953	0.32701	0.01499	0.00664	0.00205	0.00321	0.13241	0.00490	0.00445
6	0.00667	0.00529	0.00599	0.00600	0.00744	0.00461	0.00443	0.00833	0.01277	0.01642	0.28415	0.13161	0.46175	0.01291	0.00630	0.00179	0.00266	0.01107	0.00520	0.00461
7	0.00671	0.00478	0.00623	0.00715	0.00749	0.00459	0.00474	0.00757	0.00968	0.01292	0.02673	0.61561	0.04916	0.14167	0.06598	0.00305	0.00417	0.01313	0.00450	0.00416
8	0.00684	0.00515	0.00633	0.00652	0.00763	0.00464	0.00470	0.00855	0.01273	0.01703	0.35946	0.27489	0.23977	0.01323	0.00639	0.00184	0.00272	0.01163	0.00530	0.00464
9	0.00674	0.00500	0.00634	0.00721	0.00801	0.00461	0.00520	0.00804	0.01109	0.01443	0.07914	0.50573	0.19105	0.01529	0.00669	0.00208	0.00319	0.11075	0.00496	0.00445
10	0.01975	0.02520	0.01498	0.01362	0.01634	0.79299	0.01021	0.02111	0.01498	0.01294	0.00817	0.00953	0.00681	0.00545	0.00477	0.00136	0.00953	0.00340	0.00272	0.00613
11	0.01308	0.01256	0.02146	0.03245	0.78123	0.01256	0.01622	0.01622	0.01204	0.01727	0.00994	0.01308	0.00837	0.00471	0.00523	0.00157	0.00628	0.00471	0.00262	0.00837
12	0.00780	0.00527	0.00608	0.00587	0.00725	0.00484	0.00440	0.01000	0.01321	0.01908	0.39670	0.03713	0.22269	0.01023	0.00557	0.00158	0.00253	0.00874	0.22620	0.00484
13	0.01413	0.81739	0.02770	0.00905	0.01357	0.02092	0.00905	0.01583	0.01074	0.01244	0.00735	0.00848	0.00678	0.00452	0.00339	0.00113	0.00565	0.00283	0.00226	0.00678
14	0.00644	0.00460	0.00613	0.00736	0.00767	0.00429	0.00491	0.00736	0.01012	0.01350	0.02914	0.81076	0.03497	0.01656	0.00675	0.00215	0.00307	0.01503	0.00491	0.00429
15	0.00678	0.00538	0.00610	0.00592	0.00747	0.00469	0.00444	0.00862	0.01331	0.01728	0.36730	0.04595	0.46347	0.01227	0.00624	0.00173	0.00260	0.01047	0.00530	0.00469
16	0.01096	0.00940	0.01096	0.00783	0.01253	0.00705	0.00626	0.01331	0.01096	0.01723	0.00940	0.01096	0.00783	0.00392	0.00392	0.00078	0.00392	0.00313	0.00313	0.84653
17	0.01401	0.01128	0.01380	0.01411	0.15351	0.01179	0.00946	0.15314	0.29256	0.05576	0.07143	0.01790	0.02733	0.00646	0.00520	0.00156	0.00469	0.00545	0.00462	0.12594
18	0.01342	0.00931	0.01267	0.09651	0.01480	0.01017	0.05246	0.24438	0.01352	0.04212	0.01065	0.01456	0.00885	0.01161	0.01273	0.37813	0.04054	0.00478	0.00339	0.00542
19	0.00748	0.00540	0.00707	0.00665	0.00790	0.00499	0.00499	0.00998	0.01496	0.02120	0.77844	0.03949	0.04988	0.01081	0.00624	0.00166	0.00249	0.00956	0.00582	0.00499
20	0.02023	0.00946	0.01196	0.00964	0.01332	0.00907	0.00781	0.02569	0.21435	0.55088	0.05391	0.01938	0.01549	0.00689	0.00537	0.00168	0.00433	0.00567	0.00621	0.00866
21	0.01496	0.01545	0.20875	0.18272	0.06800	0.01224	0.08036	0.15421	0.03420	0.15831	0.01256	0.01392	0.00881	0.00558	0.00531	0.00168	0.00660	0.00480	0.00374	0.00782
22	0.01405	0.01066	0.01602	0.07626	0.35914	0.03326	0.01192	0.01649	0.01216	0.17485	0.01680	0.05257	0.08006	0.00794	0.03201	0.00192	0.06693	0.00586	0.00370	0.00741
23	0.00918	0.00459	0.00689	0.00689	0.00689	0.00459	0.00459	0.00689	0.00689	0.00918	0.00918	0.01607	0.00918	0.01837	0.02066	0.84619	0.00459	0.00459	0.00230	0.00230
24	0.00646	0.00525	0.00573	0.00585	0.00733	0.00452	0.00430	0.00791	0.01219	0.01519	0.15728	0.16496	0.55763	0.01349	0.00632	0.00182	0.00271	0.01151	0.00504	0.00452
25	0.07338	0.01179	0.01931	0.15542	0.44671	0.01226	0.07126	0.04237	0.01223	0.07619	0.01061	0.01336	0.00829	0.00507	0.00538	0.00164	0.01928	0.00474	0.00301	0.00770
26	0.00874	0.00805	0.01182	0.08141	0.01347	0.00894	0.08944	0.01035	0.01023	0.01349	0.02627	0.10912	0.26169	0.12236	0.01170	0.00241	0.19352	0.00841	0.00358	0.00500
27	0.00676	0.00482	0.00641	0.00731	0.00766	0.00473	0.00492	0.00769	0.00957	0.01289	0.02539	0.59712	0.02984	0.12646	0.11878	0.00343	0.00488	0.01275	0.00439	0.00421
28	0.11251	0.01623	0.01464	0.01178	0.01559	0.17633	0.00951	0.49835	0.02068	0.05702	0.01148	0.01179	0.00833	0.00601	0.00496	0.00155	0.00634	0.00429	0.00458	0.00804
29	0.01356	0.01211	0.01886	0.18721	0.46496	0.01287	0.01445	0.15182	0.01416	0.01953	0.03274	0.01399	0.00942	0.00531	0.00528	0.00162	0.00624	0.00486	0.00314	0.00787
30	0.01101	0.11704	0.46704	0.01402	0.07310	0.01257	0.01506	0.01685	0.09677	0.01659	0.01551	0.01635	0.09367	0.00611	0.00502	0.00163	0.00647	0.00487	0.00291	0.00742
31	0.00891	0.00641	0.00915	0.15252	0.01394	0.00685	0.00750	0.01086	0.01055	0.06525	0.05505	0.11243	0.11471	0.08842	0.22898	0.00405	0.00730	0.08822	0.00386	0.00504
32	0.01117	0.00958	0.01106	0.00811	0.01265	0.00763	0.00647	0.01473	0.08399	0.01770	0.01056	0.01180	0.00863	0.00423	0.00406	0.00088	0.00394	0.00341	0.00335	0.76607
33	0.01315	0.01136	0.01195	0.01076	0.01375	0.01315	0.00837	0.02809	0.77168	0.02211	0.02152	0.01972	0.01614	0.00717	0.00538	0.00179	0.00418	0.00598	0.00538	0.00837
34	0.00658	0.00518	0.00595	0.00615	0.00745	0.00454	0.00446	0.00809	0.01226	0.01571	0.21736	0.23306	0.42731	0.01356	0.00637	0.00184	0.00273	0.01173	0.00512	0.00454
35	0.01992	0.00836	0.01121	0.00895	0.01252	0.00717	0.00720	0.02182	0.01399	0.59758	0.02109	0.13858	0.01596	0.00784	0.00541	0.00164	0.00423	0.00660	0.00598	0.08395
36	0.00767	0.00535	0.00684	0.00697	0.00737	0.00563	0.00472	0.00847	0.00836	0.01141	0.01715	0.05751	0.01872	0.48616	0.26307	0.00587	0.00785	0.06376	0.00327	0.00384
37	0.01183	0.01225	0.01998	0.01643	0.03806	0.01541	0.19426	0.01384	0.00927	0.01387	0.00793	0.01226	0.00724	0.00796	0.01432	0.00216	0.58931	0.00502	0.00241	0.00618
38	0.02306	0.01006	0.01292	0.00991	0.01402	0.00934	0.00819	0.16036	0.01691	0.64779	0.01937	0.01703	0.01234	0.00651	0.00531	0.00163	0.00474	0.00521	0.00631	0.00900
39	0.01847	0.10310	0.01782	0.01469	0.11870	0.09330	0.01078	0.50820	0.02062	0.02687	0.01129	0.01197	0.00845	0.00584	0.00502	0.00151	0.00623	0.00441	0.00435	0.00838
40	0.00806	0.00698	0.00943	0.04594	0.16300	0.00652	0.00715	0.01013	0.01267	0.01646	0.21267	0.03906	0.42078	0.01070	0.00600	0.00171	0.00354	0.00921	0.00455	0.00543
41	0.01602	0.01789	0.01686	0.01574	0.09374	0.34913	0.11110	0.03596	0.25389	0.01719	0.01299	0.01381	0.01012	0.00580	0.00521	0.00158	0.00736	0.00475	0.00359	0.00725

[dist]
# distance from previous block
# <min> <max>
0	1

[block]
# block no. 9 follows, 46 sequences, length 21
# corresponding to MSA columns:
# 430-450
name=unknown_J
#
# <colnr> <probs for GDERKNQSTAVLIFYWHMCP>
#	G	D	E	R	K	N	Q	S	T	A	V	L	I	F	Y	W	H	M	C	P
0	0.01537	0.01714	0.01843	0.05459	0.41073	0.30727	0.01358	0.01772	0.01282	0.01518	0.00905	0.01168	0.00763	0.00532	0.00589	0.00155	0.06196	0.00421	0.00263	0.00725
1	0.01359	0.01142	0.01184	0.00888	0.01328	0.09135	0.00707	0.06681	0.01269	0.08170	0.01045	0.01151	0.00824	0.00446	0.00422	0.00097	0.00469	0.00345	0.00352	0.62987
2	0.00954	0.00562	0.00653	0.00618	0.00683	0.00540	0.00383	0.00990	0.00896	0.10572	0.02020	0.03389	0.08086	0.64926	0.02256	0.00442	0.00485	0.00768	0.00375	0.00402
3	0.85155	0.01022	0.00777	0.00695	0.01022	0.01186	0.00573	0.01554	0.00900	0.02372	0.00736	0.00859	0.00573	0.00491	0.00327	0.00164	0.00409	0.00286	0.00327	0.00573
4	0.01250	0.01196	0.02040	0.17819	0.64008	0.01241	0.01593	0.01571	0.01176	0.01656	0.00984	0.01328	0.00812	0.00482	0.00524	0.00161	0.00643	0.00471	0.00257	0.00790
