[name]
unknown

[dist]
# distance from previous block
# <min> <max>
8	211

[block]
# block no. 0 follows, 39 sequences, length 10
# corresponding to MSA columns:
# 228-235,240,241
name=unknown_A
#
# <colnr> <probs for GDERKNQSTAVLIFYWHMCP>
#	G	D	E	R	K	N	Q	S	T	A	V	L	I	F	Y	W	H	M	C	P
0	0.17582	0.18632	0.22307	0.01247	0.01781	0.09746	0.01268	0.07311	0.06284	0.05492	0.01134	0.01242	0.00869	0.00663	0.01977	0.00185	0.00715	0.00416	0.00352	0.00797
1	0.05313	0.05143	0.05753	0.01318	0.01673	0.06387	0.12606	0.13756	0.03812	0.11440	0.01582	0.05999	0.01389	0.16776	0.01141	0.00267	0.03810	0.00662	0.00435	0.00738
2	0.01637	0.09714	0.08634	0.01190	0.01528	0.21583	0.01008	0.05535	0.01369	0.08377	0.01271	0.01785	0.01134	0.16702	0.01140	0.00245	0.07045	0.00513	0.00360	0.09228
3	0.01139	0.19387	0.01532	0.07198	0.01450	0.01165	0.00855	0.05200	0.01281	0.01694	0.05955	0.11290	0.07737	0.01642	0.15460	0.00325	0.00725	0.06112	0.00397	0.09455
4	0.01221	0.00781	0.01069	0.01009	0.01203	0.00855	0.00799	0.01635	0.11002	0.13305	0.01906	0.02521	0.01636	0.03192	0.49973	0.00687	0.01200	0.04910	0.00434	0.00659
5	0.01198	0.01032	0.01172	0.09864	0.01538	0.08714	0.00891	0.11008	0.01345	0.01737	0.01858	0.07381	0.05133	0.08733	0.31294	0.00529	0.01034	0.04545	0.00388	0.00606
6	0.09726	0.19549	0.14058	0.05648	0.14487	0.09381	0.01353	0.09498	0.07398	0.02033	0.01124	0.01283	0.00889	0.00583	0.00510	0.00168	0.00707	0.00441	0.00340	0.00824
7	0.01122	0.00817	0.00778	0.00785	0.00903	0.08431	0.00578	0.01328	0.01235	0.01889	0.02125	0.23231	0.02058	0.01023	0.00610	0.00175	0.04963	0.00844	0.46554	0.00551
8	0.00771	0.00574	0.00668	0.00690	0.00790	0.00525	0.00471	0.00897	0.01239	0.01614	0.17692	0.21915	0.27058	0.20925	0.01288	0.00300	0.00374	0.01217	0.00521	0.00471
9	0.23684	0.00757	0.00836	0.00811	0.00957	0.00852	0.00597	0.01186	0.00939	0.01659	0.01458	0.02411	0.01449	0.25846	0.33500	0.00625	0.00968	0.00615	0.00343	0.00508

[dist]
# distance from previous block
# <min> <max>
1	2

[block]
# block no. 1 follows, 39 sequences, length 15
# corresponding to MSA columns:
# 244-251,255,291-296
name=unknown_B
#
# <colnr> <probs for GDERKNQSTAVLIFYWHMCP>
#	G	D	E	R	K	N	Q	S	T	A	V	L	I	F	Y	W	H	M	C	P
0	0.01132	0.00711	0.00774	0.00720	0.00839	0.00740	0.00499	0.10641	0.01259	0.01891	0.01815	0.02851	0.01730	0.35939	0.05462	0.00379	0.00524	0.00691	0.30881	0.00524
1	0.01542	0.01619	0.01508	0.18209	0.08304	0.27002	0.01115	0.01805	0.01383	0.01709	0.01129	0.01402	0.00910	0.00572	0.00513	0.00148	0.00731	0.00442	0.11473	0.18484
2	0.01104	0.00989	0.01400	0.01296	0.01354	0.01285	0.01077	0.01286	0.01022	0.01490	0.01518	0.02785	0.01555	0.02019	0.20344	0.00434	0.41246	0.16864	0.00339	0.00594
3	0.00995	0.00803	0.00963	0.00786	0.01105	0.00654	0.00609	0.01252	0.01437	0.02085	0.34272	0.03137	0.11369	0.00897	0.00582	0.00144	0.00352	0.00769	0.00505	0.37281
4	0.00726	0.00568	0.00658	0.00704	0.00833	0.00500	0.00502	0.00875	0.01310	0.01668	0.14259	0.33236	0.38872	0.01593	0.00720	0.00213	0.00313	0.01388	0.00563	0.00500
5	0.09752	0.01462	0.01528	0.01199	0.01618	0.01617	0.00985	0.57270	0.02410	0.03425	0.01431	0.01480	0.01038	0.00692	0.00547	0.00173	0.00583	0.00515	0.11363	0.00911
6	0.00955	0.00727	0.00847	0.00864	0.00974	0.00759	0.00596	0.01438	0.19374	0.01736	0.09469	0.33113	0.03083	0.21774	0.01301	0.00312	0.00428	0.01156	0.00522	0.00569
7	0.00845	0.00634	0.00950	0.00950	0.01056	0.00739	0.00739	0.01056	0.00950	0.01373	0.01584	0.02323	0.01478	0.04435	0.76873	0.00950	0.01584	0.00634	0.00317	0.00528
8	0.09476	0.12563	0.02259	0.02028	0.18860	0.29816	0.13168	0.02020	0.01426	0.01739	0.00985	0.01219	0.00813	0.00552	0.00536	0.00165	0.00855	0.00452	0.00300	0.00767
9	0.01433	0.23329	0.04912	0.01284	0.05184	0.01536	0.01069	0.04854	0.01187	0.08355	0.01186	0.01533	0.01024	0.01623	0.18420	0.03899	0.17644	0.00492	0.00330	0.00708
10	0.01415	0.01063	0.01232	0.00988	0.01382	0.00968	0.00773	0.15717	0.05345	0.06600	0.01749	0.18180	0.01642	0.00834	0.00555	0.00150	0.00465	0.00706	0.00477	0.39761
11	0.01305	0.01082	0.01230	0.00910	0.01392	0.00898	0.00730	0.11209	0.01451	0.02134	0.01660	0.01758	0.09315	0.00595	0.00488	0.00112	0.00451	0.00477	0.00406	0.62396
12	0.00843	0.03621	0.03257	0.00821	0.01006	0.00688	0.00639	0.01009	0.01234	0.01621	0.06960	0.33552	0.27790	0.01434	0.00747	0.00205	0.04559	0.01227	0.00499	0.08290
13	0.01194	0.04817	0.07654	0.00987	0.01241	0.01015	0.03230	0.14592	0.04732	0.01912	0.04941	0.09547	0.10246	0.29592	0.01497	0.00331	0.00565	0.00845	0.00445	0.00617
14	0.45522	0.01478	0.01239	0.01053	0.01437	0.10017	0.00850	0.20489	0.08469	0.02777	0.01137	0.01209	0.00858	0.00621	0.00465	0.00180	0.00577	0.00415	0.00440	0.00768

[dist]
# distance from previous block
# <min> <max>
0	4

[block]
# block no. 2 follows, 39 sequences, length 31
# corresponding to MSA columns:
# 304-315,317-335
name=unknown_C
#
# <colnr> <probs for GDERKNQSTAVLIFYWHMCP>
#	G	D	E	R	K	N	Q	S	T	A	V	L	I	F	Y	W	H	M	C	P
0	0.01644	0.01625	0.17782	0.01323	0.01755	0.01379	0.01253	0.22530	0.08285	0.11345	0.01510	0.01680	0.01143	0.01406	0.14760	0.00333	0.08400	0.00549	0.00452	0.00848
1	0.00979	0.00596	0.00682	0.00689	0.00844	0.00542	0.00505	0.01168	0.01313	0.07537	0.09061	0.23035	0.25328	0.01280	0.00625	0.00190	0.00318	0.01099	0.23656	0.00553
2	0.05370	0.04536	0.01807	0.01360	0.01817	0.15590	0.06605	0.37170	0.02078	0.02732	0.01201	0.01299	0.00906	0.00615	0.00546	0.00158	0.00711	0.00470	0.00454	0.14575
3	0.00744	0.00554	0.00693	0.00757	0.00852	0.00503	0.00530	0.00900	0.01310	0.01739	0.21403	0.45270	0.19340	0.01621	0.00729	0.00218	0.00318	0.01441	0.00574	0.00503
4	0.01819	0.07727	0.01912	0.21729	0.09073	0.17482	0.01319	0.27542	0.01875	0.02320	0.01142	0.01354	0.00872	0.00625	0.00562	0.00173	0.00778	0.00482	0.00391	0.00821
5	0.01743	0.17812	0.01750	0.01304	0.07961	0.12171	0.00970	0.12341	0.01594	0.14306	0.01876	0.13107	0.05239	0.00849	0.00560	0.00173	0.00606	0.00683	0.04179	0.00778
6	0.00836	0.00570	0.00645	0.00658	0.00675	0.00560	0.00382	0.00856	0.00920	0.01212	0.02287	0.10790	0.07583	0.66607	0.02639	0.00516	0.00533	0.00962	0.00389	0.00380
7	0.01292	0.02015	0.27428	0.11432	0.03034	0.01433	0.40948	0.01840	0.01321	0.01840	0.01134	0.01478	0.00835	0.00531	0.00640	0.00195	0.00931	0.00590	0.00278	0.00806
8	0.01299	0.02901	0.70386	0.01637	0.02479	0.01335	0.02084	0.01951	0.01283	0.07584	0.01159	0.01307	0.00804	0.00575	0.00564	0.00187	0.00845	0.00449	0.00287	0.00884
9	0.00976	0.00655	0.00788	0.00745	0.00947	0.00601	0.00573	0.01165	0.01346	0.10364	0.13421	0.04390	0.42253	0.01989	0.16717	0.00354	0.00591	0.01020	0.00535	0.00572
10	0.21851	0.01010	0.01111	0.00929	0.01292	0.01015	0.00750	0.04841	0.10167	0.31010	0.07636	0.02440	0.11860	0.00835	0.00561	0.00187	0.00449	0.00659	0.00591	0.00806
11	0.02055	0.00943	0.01234	0.01022	0.01383	0.00874	0.00833	0.02473	0.10558	0.48126	0.14587	0.02849	0.02364	0.00900	0.00632	0.00194	0.00465	0.06939	0.00686	0.00882
12	0.01464	0.17878	0.02684	0.02729	0.42148	0.01648	0.13560	0.01789	0.01290	0.01773	0.01039	0.01364	0.00880	0.00557	0.00665	0.00176	0.06708	0.00510	0.00283	0.00854
13	0.01117	0.01051	0.01774	0.77795	0.04073	0.01314	0.01642	0.01511	0.01182	0.01511	0.01051	0.01577	0.00788	0.00591	0.00591	0.00197	0.00788	0.00526	0.00263	0.00657
14	0.00733	0.00525	0.00698	0.00815	0.00861	0.00489	0.00550	0.00856	0.01192	0.01605	0.11209	0.70610	0.04096	0.01782	0.00748	0.00234	0.00336	0.01614	0.00560	0.00489
15	0.02242	0.01075	0.01506	0.19817	0.02164	0.01063	0.01080	0.08779	0.01664	0.51399	0.01940	0.01854	0.01259	0.00696	0.00594	0.00186	0.00586	0.00572	0.00605	0.00921
16	0.00764	0.00568	0.00716	0.00779	0.00883	0.00520	0.00564	0.00934	0.01329	0.01761	0.21392	0.39149	0.19297	0.01602	0.00734	0.00221	0.00335	0.07367	0.00574	0.00509
17	0.00721	0.00515	0.00686	0.00823	0.00858	0.00480	0.00549	0.00823	0.01132	0.01510	0.03259	0.78831	0.03911	0.01853	0.00755	0.00240	0.00343	0.01681	0.00549	0.00480
18	0.01502	0.01713	0.02704	0.02060	0.02438	0.14173	0.40584	0.01837	0.01302	0.01684	0.01028	0.01420	0.00840	0.00671	0.01028	0.00209	0.23190	0.00593	0.00288	0.00736
19	0.00851	0.00578	0.00685	0.00692	0.00706	0.00589	0.00415	0.00882	0.00885	0.01193	0.01900	0.07510	0.02157	0.66074	0.11972	0.00603	0.00686	0.00874	0.00363	0.00385
20	0.00726	0.00559	0.00650	0.00711	0.00818	0.00498	0.00493	0.00850	0.01229	0.01559	0.07435	0.38752	0.34627	0.07188	0.00889	0.00244	0.00338	0.01410	0.00540	0.00483
21	0.01506	0.61337	0.07810	0.01148	0.01594	0.02187	0.01138	0.01720	0.01155	0.01429	0.00831	0.01027	0.00761	0.00598	0.00653	0.00153	0.13595	0.00358	0.00254	0.00748
22	0.01644	0.01897	0.23049	0.01350	0.01855	0.08001	0.01317	0.12778	0.22207	0.10287	0.05480	0.01966	0.01504	0.00745	0.00595	0.00189	0.00662	0.03107	0.00487	0.00880
23	0.01263	0.01089	0.01730	0.18886	0.35522	0.01165	0.01372	0.01657	0.04567	0.01866	0.01357	0.01741	0.01103	0.00937	0.07435	0.00244	0.00708	0.00547	0.16045	0.00765
24	0.01435	0.01080	0.01175	0.01033	0.01285	0.01195	0.00788	0.20053	0.25436	0.02363	0.01976	0.02611	0.01716	0.20115	0.04635	0.00317	0.00577	0.03720	0.07745	0.00743
25	0.21359	0.10299	0.04108	0.04733	0.10476	0.07913	0.00952	0.06392	0.01359	0.02008	0.02342	0.03473	0.20748	0.00832	0.00536	0.00179	0.00560	0.00646	0.00397	0.00688
26	0.11151	0.01165	0.01143	0.01015	0.01292	0.08593	0.00777	0.11576	0.10713	0.14461	0.02271	0.14422	0.07092	0.09621	0.00865	0.00236	0.00538	0.01819	0.00525	0.00725
27	0.18320	0.14838	0.29551	0.09984	0.10097	0.01513	0.01524	0.01824	0.02585	0.03276	0.01025	0.01231	0.00786	0.00557	0.00498	0.00176	0.00706	0.00420	0.00296	0.00793
28	0.01390	0.26321	0.15047	0.07972	0.01881	0.01661	0.01231	0.07407	0.13556	0.01869	0.01667	0.04056	0.06833	0.00742	0.00625	0.00178	0.05854	0.00559	0.00370	0.00783
29	0.01775	0.10777	0.09241	0.02032	0.23188	0.17456	0.01410	0.19420	0.01741	0.02194	0.01199	0.01526	0.00990	0.00640	0.00561	0.00171	0.00768	0.03682	0.00371	0.00857
30	0.01389	0.07226	0.16486	0.10944	0.11864	0.06724	0.01364	0.09571	0.10813	0.01988	0.01618	0.14384	0.01472	0.00823	0.00594	0.00190	0.00672	0.00695	0.00393	0.00791

[dist]
# distance from previous block
# <min> <max>
5	34

[block]
# block no. 3 follows, 39 sequences, length 21
# corresponding to MSA columns:
# 385-389,399-414
name=unknown_D
#
# <colnr> <probs for GDERKNQSTAVLIFYWHMCP>
#	G	D	E	R	K	N	Q	S	T	A	V	L	I	F	Y	W	H	M	C	P
0	0.01689	0.11802	0.09462	0.01528	0.08501	0.24378	0.01206	0.05077	0.20304	0.01920	0.01351	0.01427	0.01064	0.00624	0.00534	0.00163	0.00738	0.00469	0.00383	0.07381
1	0.01597	0.01381	0.01672	0.12407	0.21109	0.14612	0.01255	0.01836	0.01361	0.13580	0.01603	0.14747	0.01465	0.00857	0.00731	0.00194	0.07720	0.00709	0.00402	0.00760
2	0.01411	0.01642	0.13454	0.08842	0.07861	0.13551	0.01242	0.11713	0.03945	0.02014	0.08352	0.04979	0.05148	0.02358	0.06746	0.00255	0.00773	0.04573	0.00407	0.00733
3	0.01732	0.01606	0.01653	0.01835	0.20806	0.21112	0.01163	0.13006	0.01691	0.07468	0.10013	0.02100	0.01661	0.04733	0.00716	0.00194	0.00704	0.03932	0.00433	0.03441
4	0.01155	0.08642	0.17784	0.01563	0.02040	0.01220	0.26369	0.01551	0.02493	0.01706	0.02104	0.09742	0.11971	0.07997	0.00856	0.00228	0.00727	0.00797	0.00355	0.00699
5	0.00706	0.00571	0.00628	0.00675	0.00819	0.00493	0.00483	0.00840	0.01275	0.01568	0.05069	0.30385	0.51189	0.01618	0.00718	0.00213	0.00314	0.01394	0.00549	0.00493
6	0.01245	0.08487	0.38955	0.21785	0.14614	0.01442	0.01889	0.01761	0.01243	0.01749	0.01047	0.01344	0.00790	0.00559	0.00558	0.00183	0.00804	0.00465	0.00260	0.00818
7	0.01412	0.13197	0.17395	0.01987	0.11019	0.01464	0.27529	0.01873	0.03591	0.06242	0.01378	0.07735	0.01159	0.00649	0.00606	0.00186	0.00785	0.00642	0.00337	0.00815
8	0.01181	0.01055	0.01725	0.02486	0.44295	0.01055	0.01332	0.01451	0.01260	0.01765	0.01865	0.21886	0.01944	0.01275	0.06847	0.00263	0.00669	0.06510	0.00381	0.00755
9	0.00789	0.00590	0.00749	0.00850	0.00960	0.00549	0.00652	0.00959	0.01262	0.01616	0.03930	0.36642	0.22356	0.01690	0.00760	0.00240	0.00396	0.23954	0.00548	0.00506
10	0.01250	0.01712	0.27071	0.01356	0.01819	0.01175	0.07059	0.14281	0.01451	0.02041	0.04948	0.06214	0.01485	0.08287	0.16798	0.00383	0.00909	0.00652	0.00374	0.00738
11	0.01280	0.03037	0.69336	0.01671	0.02493	0.08281	0.02090	0.01918	0.01288	0.01834	0.01048	0.01232	0.00750	0.00566	0.00559	0.00184	0.00892	0.00432	0.00255	0.00857
12	0.07770	0.00858	0.01176	0.01364	0.14290	0.00890	0.00851	0.01485	0.04864	0.09808	0.01846	0.12877	0.01789	0.16105	0.20923	0.00462	0.00806	0.00773	0.00416	0.00646
13	0.50941	0.01374	0.05551	0.01747	0.24714	0.03246	0.01109	0.01786	0.01144	0.02352	0.00930	0.01138	0.00743	0.00544	0.00450	0.00180	0.00573	0.00393	0.00335	0.00748
14	0.00824	0.00558	0.00656	0.00691	0.00700	0.00549	0.00408	0.00851	0.00931	0.01241	0.02225	0.23295	0.02606	0.59169	0.02426	0.00487	0.00514	0.01073	0.00408	0.00390
15	0.22692	0.00960	0.01227	0.01457	0.14455	0.00995	0.01017	0.01616	0.01297	0.08817	0.02097	0.03829	0.02067	0.01071	0.00638	0.00224	0.00546	0.33843	0.00470	0.00682
16	0.00715	0.00537	0.00663	0.00765	0.00842	0.00485	0.00523	0.00830	0.01188	0.01533	0.03972	0.59763	0.22519	0.01760	0.00740	0.00230	0.00332	0.01568	0.00549	0.00485
17	0.04499	0.01166	0.01834	0.08350	0.02032	0.01067	0.19735	0.04253	0.01335	0.11050	0.01331	0.01704	0.01065	0.08138	0.00791	0.00192	0.00645	0.00542	0.00386	0.29884
18	0.01673	0.15317	0.02120	0.14119	0.20184	0.01652	0.01323	0.25820	0.01766	0.02370	0.01149	0.01356	0.00899	0.00588	0.00540	0.00164	0.00665	0.00477	0.00386	0.07430
19	0.01440	0.01086	0.01162	0.01017	0.01344	0.07783	0.00829	0.08548	0.01552	0.11682	0.05972	0.03514	0.12013	0.01012	0.00629	0.00183	0.00526	0.19121	0.00512	0.20077
20	0.01379	0.01123	0.01416	0.01666	0.20577	0.07113	0.01015	0.08121	0.01542	0.07962	0.16605	0.20215	0.02599	0.01010	0.00637	0.00187	0.00529	0.00892	0.00491	0.04920

[dist]
# distance from previous block
# <min> <max>
6	19

[block]
# block no. 4 follows, 39 sequences, length 18
# corresponding to MSA columns:
# 481-498
name=unknown_E
#
# <colnr> <probs for GDERKNQSTAVLIFYWHMCP>
#	G	D	E	R	K	N	Q	S	T	A	V	L	I	F	Y	W	H	M	C	P
0	0.00956	0.00765	0.01058	0.16244	0.01650	0.00836	0.00912	0.01262	0.05651	0.01603	0.02686	0.13518	0.10141	0.11311	0.04465	0.00309	0.03087	0.22539	0.00450	0.00557
1	0.01096	0.02089	0.41634	0.01553	0.02144	0.01172	0.13019	0.01581	0.01252	0.01772	0.01967	0.13882	0.09617	0.00875	0.00680	0.00201	0.03609	0.00766	0.00338	0.00750
2	0.01858	0.02170	0.12091	0.01649	0.06644	0.33798	0.06291	0.02136	0.01467	0.11032	0.01141	0.01308	0.00879	0.00639	0.00703	0.00173	0.09060	0.00460	0.00348	0.06153
3	0.00777	0.00589	0.00636	0.00636	0.00806	0.00516	0.00473	0.00965	0.01385	0.01819	0.18880	0.09698	0.47889	0.01363	0.00667	0.00192	0.00295	0.01154	0.10745	0.00516
4	0.01663	0.00775	0.00984	0.00835	0.01109	0.00680	0.00642	0.01783	0.01384	0.35952	0.03241	0.03309	0.24078	0.09453	0.01096	0.10487	0.00450	0.00813	0.00577	0.00689
5	0.01081	0.01128	0.06910	0.10979	0.02126	0.01006	0.20461	0.01445	0.01339	0.01760	0.02515	0.04200	0.09846	0.01112	0.00727	0.00230	0.00693	0.31376	0.00424	0.00644
6	0.01587	0.01294	0.01646	0.14112	0.18955	0.06514	0.01233	0.02353	0.25953	0.12333	0.06444	0.01969	0.01563	0.00708	0.00597	0.00188	0.00608	0.00608	0.00476	0.00859
7	0.01581	0.79572	0.03099	0.01012	0.01518	0.02340	0.01012	0.01771	0.01202	0.01391	0.00822	0.00949	0.00759	0.00506	0.00379	0.00126	0.00632	0.00316	0.00253	0.00759
8	0.01231	0.00666	0.00878	0.00846	0.01023	0.00598	0.00625	0.01413	0.01425	0.20282	0.21658	0.35915	0.08305	0.01386	0.00697	0.00209	0.00364	0.01226	0.00621	0.00633
9	0.00718	0.00563	0.00650	0.00706	0.00830	0.00495	0.00500	0.00856	0.01278	0.01613	0.09615	0.37070	0.39746	0.01630	0.00723	0.00216	0.00317	0.01422	0.00556	0.00495
10	0.02248	0.01656	0.01775	0.01361	0.01834	0.01834	0.01124	0.73556	0.02780	0.03727	0.01420	0.01420	0.01006	0.00710	0.00592	0.00177	0.00651	0.00532	0.00592	0.01006
11	0.01294	0.01294	0.01811	0.01553	0.01553	0.01811	0.01294	0.01423	0.00906	0.01423	0.00776	0.01294	0.00776	0.01035	0.01941	0.00259	0.78134	0.00518	0.00259	0.00647
12	0.00855	0.00592	0.00738	0.00738	0.00771	0.00624	0.00475	0.00920	0.00888	0.01216	0.01778	0.03397	0.01944	0.56328	0.25617	0.00689	0.00883	0.00791	0.00346	0.00410
13	0.01108	0.00662	0.00778	0.00736	0.00935	0.00579	0.00543	0.01254	0.01340	0.16135	0.07012	0.17092	0.38341	0.09638	0.00933	0.00242	0.00375	0.01145	0.00569	0.00583
14	0.00721	0.00515	0.00686	0.00823	0.00858	0.00480	0.00549	0.00823	0.01132	0.01510	0.03259	0.78831	0.03911	0.01853	0.00755	0.00240	0.00343	0.01681	0.00549	0.00480
15	0.01212	0.01148	0.01946	0.57394	0.23729	0.01339	0.01690	0.01595	0.01228	0.01627	0.01068	0.01546	0.00829	0.00574	0.00590	0.00191	0.00765	0.00526	0.00271	0.00734
16	0.00731	0.00560	0.00675	0.00760	0.00865	0.00503	0.00544	0.00865	0.01232	0.01563	0.04275	0.45614	0.30666	0.01702	0.00739	0.00228	0.00343	0.07095	0.00549	0.00493
17	0.02268	0.00907	0.01209	0.00957	0.01341	0.00797	0.00780	0.02508	0.01634	0.58981	0.10011	0.02292	0.01907	0.00777	0.00583	0.00178	0.00451	0.00640	0.10876	0.00902

[dist]
# distance from previous block
# <min> <max>
1	1

[block]
# block no. 5 follows, 39 sequences, length 32
# corresponding to MSA columns:
# 530-561
name=unknown_F
#
# <colnr> <probs for GDERKNQSTAVLIFYWHMCP>
#	G	D	E	R	K	N	Q	S	T	A	V	L	I	F	Y	W	H	M	C	P
0	0.12940	0.01271	0.01373	0.01106	0.01498	0.01347	0.00898	0.37901	0.02067	0.16187	0.02122	0.08066	0.08930	0.00864	0.00586	0.00186	0.00538	0.00680	0.00579	0.00863
1	0.01571	0.01537	0.01946	0.16053	0.35727	0.15120	0.01498	0.02007	0.08166	0.05255	0.01330	0.01734	0.01091	0.00637	0.00589	0.00182	0.00746	0.03631	0.00350	0.00827
2	0.01822	0.51547	0.05901	0.01141	0.01620	0.15710	0.01070	0.02033	0.01356	0.11437	0.01053	0.01127	0.00854	0.00558	0.00445	0.00142	0.00705	0.00371	0.00327	0.00784
3	0.01333	0.01246	0.02116	0.25820	0.49585	0.01325	0.01686	0.01662	0.01263	0.01752	0.01089	0.01517	0.00897	0.00636	0.00689	0.05047	0.00717	0.00526	0.00282	0.00812
4	0.01415	0.21715	0.50189	0.01480	0.02210	0.06029	0.01771	0.01926	0.01284	0.05352	0.01056	0.01202	0.00787	0.00559	0.00517	0.00170	0.00808	0.00412	0.00277	0.00841
5	0.01371	0.01310	0.02232	0.23539	0.56346	0.01381	0.01769	0.01733	0.01303	0.01819	0.01096	0.01494	0.00897	0.00544	0.00587	0.00181	0.00726	0.00527	0.00285	0.00862
6	0.01418	0.01475	0.02928	0.12510	0.07292	0.01459	0.49823	0.08197	0.01486	0.02003	0.01279	0.01798	0.01008	0.00583	0.00673	0.00199	0.00900	0.03844	0.00331	0.00794
7	0.01369	0.18382	0.25015	0.01942	0.07119	0.01654	0.26846	0.01822	0.01271	0.01749	0.01040	0.01324	0.00817	0.00561	0.00676	0.00183	0.06634	0.00515	0.00271	0.00810
8	0.01027	0.00514	0.00770	0.00770	0.00770	0.00514	0.00514	0.00770	0.00770	0.01027	0.01027	0.01798	0.01027	0.02054	0.02311	0.82794	0.00514	0.00514	0.00257	0.00257
9	0.00837	0.00564	0.00652	0.00674	0.00680	0.00558	0.00390	0.00854	0.00905	0.01206	0.02092	0.16159	0.02439	0.66534	0.02640	0.00519	0.00536	0.00995	0.00390	0.00378
10	0.00743	0.00572	0.00680	0.00713	0.00841	0.00509	0.00512	0.00912	0.01364	0.01777	0.23745	0.29834	0.32594	0.01539	0.00717	0.00210	0.00309	0.01345	0.00577	0.00509
11	0.01262	0.01392	0.09651	0.26662	0.36393	0.01322	0.01680	0.01633	0.01248	0.01738	0.01233	0.07256	0.01085	0.00673	0.00659	0.00192	0.04228	0.00603	0.00296	0.00794
12	0.01614	0.01924	0.03002	0.02232	0.02752	0.21731	0.53979	0.02020	0.01471	0.01774	0.01121	0.01453	0.00861	0.00528	0.00654	0.00187	0.01016	0.00613	0.00301	0.00768
13	0.01186	0.03059	0.76153	0.01686	0.02560	0.01373	0.02185	0.01873	0.01249	0.01873	0.01061	0.01249	0.00749	0.00562	0.00562	0.00187	0.00874	0.00437	0.00250	0.00874
14	0.01388	0.00933	0.01218	0.01046	0.01320	0.00918	0.06905	0.14281	0.04989	0.12594	0.02965	0.23765	0.15517	0.01157	0.00650	0.00199	0.00468	0.01011	0.07971	0.00706
15	0.01280	0.01217	0.02068	0.42982	0.37614	0.01357	0.01723	0.01654	0.01260	0.01709	0.01080	0.01524	0.00858	0.00561	0.00589	0.00187	0.00748	0.00526	0.00277	0.00788
16	0.00721	0.00515	0.00686	0.00823	0.00858	0.00480	0.00549	0.00823	0.01132	0.01510	0.03259	0.78831	0.03911	0.01853	0.00755	0.00240	0.00343	0.01681	0.00549	0.00480
17	0.00834	0.00568	0.00679	0.00723	0.00742	0.00560	0.00451	0.00880	0.00964	0.01282	0.02295	0.21842	0.02667	0.54724	0.02301	0.00470	0.00517	0.06680	0.00418	0.00402
18	0.01155	0.18345	0.09502	0.01021	0.01344	0.01218	0.00922	0.03522	0.13962	0.01768	0.02601	0.17771	0.12418	0.04736	0.00723	0.00214	0.00516	0.07131	0.00453	0.00680
19	0.00827	0.00591	0.00702	0.00702	0.00761	0.00595	0.00456	0.00900	0.00969	0.01278	0.02560	0.03873	0.15402	0.48982	0.18390	0.00586	0.00739	0.00883	0.00384	0.00420
20	0.01180	0.01116	0.01888	0.64246	0.17127	0.01331	0.01674	0.01567	0.01212	0.01588	0.01062	0.01556	0.00815	0.00579	0.00590	0.00193	0.00773	0.00526	0.00268	0.00708
21	0.00731	0.00519	0.00683	0.00810	0.00842	0.00487	0.00535	0.00826	0.01112	0.01482	0.03155	0.73225	0.03780	0.07639	0.00923	0.00265	0.00360	0.01620	0.00535	0.00471
22	0.01747	0.19137	0.26356	0.01437	0.02002	0.22487	0.01452	0.15082	0.01636	0.01991	0.01035	0.01165	0.00802	0.00590	0.00520	0.00163	0.00835	0.00413	0.00328	0.00821
23	0.01276	0.02052	0.32571	0.20624	0.05936	0.07358	0.01689	0.01872	0.08793	0.01769	0.01279	0.05221	0.01034	0.00687	0.00663	0.00195	0.05341	0.00548	0.00311	0.00782
24	0.00717	0.00530	0.00670	0.00782	0.00847	0.00484	0.00531	0.00828	0.01172	0.01526	0.03758	0.65469	0.16951	0.01788	0.00745	0.00233	0.00335	0.01602	0.00549	0.00484
25	0.01112	0.00977	0.01526	0.26778	0.22540	0.01045	0.01284	0.01424	0.01287	0.01731	0.02326	0.03053	0.14858	0.00891	0.00627	0.00198	0.00603	0.10544	0.06513	0.00682
26	0.06832	0.05498	0.04949	0.01694	0.12028	0.39326	0.01217	0.11062	0.01679	0.07454	0.01118	0.01252	0.00872	0.00668	0.01711	0.00175	0.00867	0.00436	0.00370	0.00790
27	0.01152	0.00886	0.00992	0.00871	0.01087	0.00911	0.00669	0.18496	0.01653	0.02175	0.16363	0.03870	0.29102	0.11741	0.03591	0.00270	0.04083	0.00937	0.00531	0.00621
28	0.01714	0.01960	0.01903	0.22159	0.22946	0.35977	0.01461	0.01986	0.01454	0.01599	0.01005	0.01311	0.00817	0.00582	0.00563	0.00171	0.00892	0.00460	0.00290	0.00748
29	0.12339	0.06570	0.00923	0.00756	0.00948	0.00775	0.00583	0.01157	0.01400	0.02060	0.35308	0.15958	0.16682	0.01220	0.00637	0.00192	0.00344	0.01040	0.00547	0.00561
30	0.00990	0.08189	0.04932	0.11399	0.01687	0.00961	0.10551	0.01204	0.01149	0.01506	0.02264	0.29259	0.06529	0.15430	0.01090	0.00274	0.00582	0.01034	0.00401	0.00570
31	0.01911	0.12735	0.11847	0.01405	0.01853	0.32030	0.01237	0.17538	0.10120	0.02102	0.01201	0.01281	0.00931	0.00633	0.00537	0.00164	0.00825	0.00445	0.00386	0.00818

[dist]
# distance from previous block
# <min> <max>
6	13

[block]
# block no. 6 follows, 39 sequences, length 21
# corresponding to MSA columns:
# 575-595
name=unknown_G
#
# <colnr> <probs for GDERKNQSTAVLIFYWHMCP>
#	G	D	E	R	K	N	Q	S	T	A	V	L	I	F	Y	W	H	M	C	P
0	0.00935	0.00839	0.00810	0.00868	0.00961	0.10547	0.00599	0.01052	0.01239	0.01535	0.07946	0.48380	0.11529	0.08781	0.00925	0.00251	0.00450	0.01344	0.00506	0.00503
1	0.01169	0.11603	0.28464	0.01493	0.11432	0.03195	0.01367	0.01559	0.01313	0.01779	0.06564	0.02442	0.18199	0.00797	0.00573	0.00173	0.00630	0.00650	0.00357	0.06242
2	0.01235	0.01249	0.08354	0.01489	0.09831	0.01256	0.01138	0.09222	0.08607	0.01887	0.01847	0.12056	0.05862	0.01595	0.14040	0.00341	0.18132	0.00744	0.00397	0.00717
3	0.00816	0.00564	0.00702	0.00775	0.00807	0.00550	0.00513	0.00893	0.01036	0.01375	0.02592	0.34399	0.03024	0.37878	0.01814	0.00400	0.00477	0.10494	0.00460	0.00432
4	0.00718	0.00526	0.00675	0.00794	0.00850	0.00483	0.00536	0.00827	0.01161	0.01521	0.03619	0.69204	0.13306	0.01806	0.00747	0.00235	0.00337	0.01624	0.00549	0.00483
5	0.01535	0.01432	0.02242	0.07797	0.30306	0.02986	0.13892	0.15881	0.01590	0.02171	0.01435	0.01711	0.05314	0.00671	0.00745	0.00191	0.08294	0.00596	0.00363	0.00847
6	0.01502	0.01610	0.01748	0.35158	0.02823	0.24102	0.06166	0.04378	0.04445	0.01665	0.01324	0.02021	0.01133	0.00721	0.00607	0.00192	0.00841	0.08543	0.00335	0.00686
7	0.01156	0.02095	0.39736	0.01665	0.02269	0.01226	0.19379	0.01652	0.01200	0.01726	0.01259	0.01801	0.01053	0.11337	0.09560	0.00328	0.00945	0.00579	0.00284	0.00748
8	0.49586	0.04251	0.05660	0.01081	0.01455	0.24235	0.00910	0.01929	0.01227	0.02175	0.00864	0.01017	0.00690	0.00577	0.00463	0.00174	0.02349	0.00350	0.00335	0.00672
9	0.00839	0.10961	0.00984	0.00757	0.00926	0.00741	0.00574	0.00991	0.01282	0.01624	0.12087	0.33408	0.29786	0.01473	0.00678	0.00204	0.00358	0.01274	0.00522	0.00533
10	0.01753	0.09301	0.06180	0.01581	0.09061	0.36424	0.01190	0.06736	0.01564	0.01763	0.08945	0.01555	0.01340	0.00843	0.03704	0.00199	0.06288	0.00496	0.00349	0.00727
11	0.00845	0.00634	0.00950	0.00950	0.01056	0.00739	0.00739	0.01056	0.00950	0.01373	0.01584	0.02323	0.01478	0.04435	0.76873	0.00950	0.01584	0.00634	0.00317	0.00528
12	0.01395	0.15554	0.28312	0.01467	0.06337	0.01355	0.06135	0.01813	0.01279	0.06765	0.01114	0.01277	0.00855	0.00523	0.00508	0.00149	0.00683	0.00425	0.00316	0.23739
13	0.01288	0.00927	0.00997	0.00900	0.01082	0.03917	0.00658	0.13329	0.05744	0.06815	0.04867	0.03470	0.10292	0.33337	0.04877	0.00383	0.00595	0.05445	0.00477	0.00599
14	0.00820	0.00623	0.00797	0.00901	0.05739	0.00568	0.00592	0.00952	0.01297	0.01692	0.18552	0.22180	0.30748	0.01523	0.00887	0.09559	0.00356	0.01185	0.00520	0.00508
15	0.01674	0.01513	0.01613	0.01455	0.07139	0.14799	0.05294	0.16918	0.12788	0.05292	0.04070	0.01716	0.01300	0.01156	0.10614	0.00269	0.00800	0.00549	0.00445	0.10596
16	0.01209	0.01133	0.01589	0.18563	0.23307	0.06689	0.01261	0.01490	0.01235	0.01640	0.01575	0.05220	0.03597	0.04423	0.13437	0.00328	0.00835	0.06044	0.00335	0.06088
17	0.01378	0.20395	0.01714	0.00952	0.01458	0.06168	0.00806	0.01615	0.01250	0.01764	0.00986	0.01148	0.00840	0.00466	0.00430	0.00101	0.00527	0.00344	0.00324	0.57335
18	0.01659	0.06581	0.02009	0.06589	0.02046	0.06434	0.15938	0.19837	0.11016	0.06172	0.07313	0.01941	0.02635	0.00725	0.00649	0.00185	0.03048	0.02024	0.00464	0.02737
19	0.00960	0.00819	0.00890	0.07933	0.01260	0.05745	0.00690	0.01214	0.04131	0.03777	0.17133	0.14545	0.33182	0.01308	0.00684	0.00202	0.00420	0.04009	0.00532	0.00567
20	0.01458	0.01173	0.01341	0.01326	0.09746	0.04155	0.00909	0.16293	0.14164	0.05251	0.02209	0.12304	0.08259	0.06902	0.00786	0.00209	0.00529	0.00768	0.00494	0.11723

[dist]
# distance from previous block
# <min> <max>
3	17

[block]
# block no. 7 follows, 39 sequences, length 15
# corresponding to MSA columns:
# 613-627
name=unknown_H
#
# <colnr> <probs for GDERKNQSTAVLIFYWHMCP>
#	G	D	E	R	K	N	Q	S	T	A	V	L	I	F	Y	W	H	M	C	P
0	0.01662	0.05013	0.09646	0.03289	0.21716	0.06643	0.14497	0.04709	0.01447	0.15555	0.01436	0.04272	0.01125	0.00862	0.05269	0.00229	0.00800	0.00589	0.00391	0.00850
1	0.05326	0.11596	0.06090	0.01183	0.01485	0.11713	0.05595	0.01640	0.02715	0.07745	0.01923	0.17279	0.01917	0.01422	0.09299	0.00284	0.00749	0.10953	0.00421	0.00665
2	0.01575	0.14327	0.15687	0.01872	0.09801	0.03710	0.23670	0.04825	0.01432	0.11183	0.01499	0.01661	0.04838	0.00608	0.00589	0.00179	0.00775	0.00572	0.00362	0.00835
3	0.01181	0.09263	0.15165	0.01412	0.06843	0.03944	0.09048	0.01495	0.02417	0.05291	0.02254	0.30481	0.06573	0.01099	0.00642	0.00201	0.00601	0.00982	0.00419	0.00689
4	0.00979	0.00531	0.00734	0.00734	0.00734	0.00531	0.00469	0.00796	0.00796	0.01062	0.01268	0.02396	0.01351	0.24320	0.02513	0.59069	0.00531	0.00614	0.00286	0.00286
5	0.01537	0.08132	0.19259	0.05527	0.02180	0.13849	0.11787	0.10061	0.05305	0.01916	0.01152	0.01403	0.00908	0.00873	0.05384	0.00233	0.08878	0.00504	0.00329	0.00786
6	0.01425	0.32877	0.06876	0.16763	0.24424	0.01766	0.04733	0.01745	0.01253	0.01628	0.00985	0.01272	0.00824	0.00532	0.00507	0.00162	0.00714	0.00444	0.00269	0.00801
7	0.01402	0.00721	0.00990	0.00927	0.01118	0.00699	0.00706	0.01574	0.01243	0.25246	0.02331	0.20302	0.02223	0.11007	0.22111	0.00459	0.00777	0.04991	0.00521	0.00652
8	0.01086	0.00900	0.00991	0.00941	0.01182	0.00951	0.00736	0.01930	0.33084	0.02127	0.15715	0.04079	0.23579	0.01163	0.00670	0.00206	0.00397	0.08971	0.00588	0.00704
9	0.01700	0.02972	0.12986	0.12190	0.05359	0.01449	0.01301	0.32788	0.01898	0.06957	0.01381	0.01578	0.01029	0.01084	0.09261	0.00268	0.00789	0.00529	0.03625	0.00857
10	0.00979	0.00710	0.01004	0.00875	0.00982	0.00684	0.08710	0.01072	0.01035	0.04237	0.06776	0.03686	0.06679	0.57438	0.02363	0.00468	0.00583	0.00868	0.00397	0.00455
11	0.00958	0.00867	0.01268	0.31244	0.10584	0.00926	0.01068	0.01219	0.01258	0.01578	0.03284	0.03501	0.33812	0.05040	0.00763	0.00215	0.00551	0.00862	0.00398	0.00604
12	0.10025	0.01479	0.01752	0.05511	0.10271	0.12072	0.10532	0.05390	0.09323	0.02055	0.01199	0.01385	0.00947	0.00553	0.00528	0.00154	0.00665	0.00470	0.00367	0.25323
13	0.10413	0.24726	0.10466	0.01292	0.01734	0.34987	0.01157	0.02097	0.01421	0.05409	0.00967	0.01090	0.00783	0.00574	0.00478	0.00154	0.00827	0.00373	0.00312	0.00740
14	0.15087	0.09289	0.01615	0.14573	0.09568	0.01346	0.01058	0.13641	0.01506	0.12787	0.05218	0.01797	0.01287	0.07911	0.00761	0.00214	0.00598	0.00541	0.00433	0.00769

[dist]
# distance from previous block
# <min> <max>
8	19

[block]
# block no. 8 follows, 39 sequences, length 56
# corresponding to MSA columns:
# 655-708,710,711
name=unknown_I
#
# <colnr> <probs for GDERKNQSTAVLIFYWHMCP>
#	G	D	E	R	K	N	Q	S	T	A	V	L	I	F	Y	W	H	M	C	P
0	0.01046	0.00657	0.00823	0.00751	0.00947	0.00585	0.00574	0.01287	0.01599	0.11968	0.49126	0.04400	0.21548	0.01214	0.00684	0.00189	0.00314	0.01049	0.00638	0.00604
1	0.01226	0.01051	0.01226	0.00876	0.01401	0.00788	0.00701	0.01489	0.01226	0.01927	0.01051	0.01226	0.00876	0.00438	0.00438	0.00088	0.00438	0.00350	0.00350	0.82832
2	0.00876	0.00572	0.00639	0.00639	0.00648	0.00572	0.00362	0.00895	0.00885	0.01217	0.01868	0.03759	0.02108	0.73985	0.02837	0.00544	0.00553	0.00839	0.05830	0.00371
3	0.00886	0.00596	0.00847	0.00847	0.00907	0.00657	0.00610	0.00954	0.00894	0.01252	0.01530	0.02553	0.01532	0.20273	0.45398	0.17715	0.01143	0.00658	0.00314	0.00435
4	0.01226	0.01051	0.01226	0.00876	0.01401	0.00788	0.00701	0.01489	0.01226	0.01927	0.01051	0.01226	0.00876	0.00438	0.00438	0.00088	0.00438	0.00350	0.00350	0.82832
5	0.01581	0.79572	0.03099	0.01012	0.01518	0.02340	0.01012	0.01771	0.01202	0.01391	0.00822	0.00949	0.00759	0.00506	0.00379	0.00126	0.00632	0.00316	0.00253	0.00759
6	0.24323	0.01058	0.01246	0.00985	0.01419	0.01013	0.00813	0.04143	0.01533	0.54658	0.01907	0.01717	0.01233	0.00682	0.00533	0.00183	0.00494	0.00520	0.00631	0.00908
7	0.06696	0.00850	0.01010	0.00967	0.01154	0.04084	0.00764	0.04390	0.01236	0.10628	0.02114	0.03269	0.05132	0.11748	0.29286	0.00532	0.00940	0.14161	0.00440	0.00601
8	0.01483	0.01443	0.01944	0.07424	0.05276	0.12426	0.21157	0.13511	0.01500	0.01897	0.01393	0.03466	0.01279	0.21736	0.01265	0.00289	0.00796	0.00664	0.00366	0.00687
9	0.00749	0.00529	0.00691	0.00800	0.00832	0.00507	0.00527	0.00840	0.01080	0.01445	0.02960	0.63332	0.03519	0.14472	0.04484	0.00325	0.00435	0.01502	0.00508	0.00463
10	0.00807	0.00603	0.00748	0.00712	0.00865	0.00545	0.00534	0.01057	0.01602	0.02201	0.60008	0.04697	0.20894	0.01272	0.00698	0.00189	0.00284	0.01109	0.00629	0.00545
11	0.01474	0.01255	0.02071	0.29127	0.41738	0.01339	0.01649	0.04090	0.01366	0.08428	0.01209	0.01550	0.00934	0.00573	0.00588	0.00184	0.00713	0.00533	0.00331	0.00848
12	0.01702	0.22664	0.03308	0.10499	0.01912	0.20443	0.01137	0.11016	0.01513	0.04840	0.01179	0.01544	0.01000	0.00987	0.07107	0.00234	0.04318	0.03511	0.00349	0.00738
13	0.01194	0.01151	0.01814	0.47971	0.06279	0.01492	0.01528	0.01493	0.01093	0.01499	0.00958	0.01473	0.00791	0.00743	0.01062	0.00218	0.27792	0.00523	0.00263	0.00666
14	0.01294	0.01266	0.02272	0.23435	0.37185	0.01317	0.14027	0.01662	0.01292	0.01775	0.01292	0.08072	0.01141	0.00652	0.00621	0.00191	0.00746	0.00654	0.00307	0.00798
15	0.00839	0.00610	0.00823	0.00786	0.00919	0.00595	0.00595	0.01104	0.01525	0.02166	0.60059	0.03986	0.04736	0.01873	0.16378	0.00343	0.00548	0.00980	0.00582	0.00552
16	0.01115	0.00658	0.00817	0.00775	0.00916	0.00661	0.00567	0.01368	0.04276	0.09647	0.16129	0.06417	0.02538	0.17718	0.15378	0.00401	0.00618	0.00791	0.18640	0.00569
17	0.00749	0.00584	0.00680	0.00691	0.00839	0.00515	0.00505	0.00933	0.01414	0.01838	0.28529	0.19572	0.38094	0.01471	0.00709	0.00203	0.00301	0.01273	0.00583	0.00515
18	0.01415	0.09154	0.16547	0.08588	0.30324	0.06262	0.06459	0.01789	0.01271	0.01741	0.01023	0.01346	0.00839	0.00602	0.00730	0.00185	0.10135	0.00491	0.00275	0.00825
19	0.01639	0.25941	0.02365	0.11269	0.26057	0.19995	0.01382	0.01897	0.01362	0.01596	0.00967	0.01221	0.00821	0.00548	0.00510	0.00157	0.00780	0.00426	0.00280	0.00787
20	0.39454	0.01113	0.01098	0.00953	0.01289	0.01214	0.00778	0.15459	0.01467	0.12089	0.01523	0.02181	0.01308	0.07740	0.00732	0.00228	0.00522	0.09652	0.00479	0.00720
21	0.00831	0.00796	0.04208	0.00824	0.01061	0.00659	0.03678	0.01135	0.05953	0.01769	0.12552	0.08388	0.48560	0.01364	0.00697	0.00204	0.00381	0.05836	0.00539	0.00565
22	0.02334	0.00913	0.01203	0.00949	0.01341	0.00804	0.00775	0.02572	0.01599	0.60760	0.02250	0.02052	0.01475	0.00723	0.00557	0.00174	0.00456	0.00586	0.17563	0.00913
23	0.00847	0.00624	0.00901	0.00901	0.00990	0.00713	0.00678	0.01025	0.00936	0.01337	0.01629	0.02571	0.01586	0.16421	0.65035	0.00890	0.01422	0.00670	0.00323	0.00501
24	0.00815	0.00604	0.00760	0.00721	0.00870	0.00548	0.00540	0.01073	0.01621	0.02246	0.64026	0.04623	0.16847	0.01256	0.00698	0.00188	0.00282	0.01098	0.00635	0.00548
25	0.01226	0.01051	0.01226	0.00876	0.01401	0.00788	0.00701	0.01489	0.01226	0.01927	0.01051	0.01226	0.00876	0.00438	0.00438	0.00088	0.00438	0.00350	0.00350	0.82832
26	0.01425	0.42003	0.08551	0.01049	0.01485	0.08309	0.00989	0.01642	0.01193	0.01473	0.01053	0.01458	0.00986	0.10269	0.05527	0.00235	0.00720	0.00422	0.00286	0.10925
27	0.01461	0.06214	0.01325	0.01074	0.01394	0.10963	0.00847	0.08049	0.32245	0.04479	0.03019	0.02869	0.21739	0.00940	0.00605	0.00187	0.00525	0.00755	0.00531	0.00781
28	0.01189	0.08512	0.24093	0.01184	0.01603	0.01177	0.01203	0.10396	0.01382	0.01939	0.11143	0.02137	0.01721	0.06699	0.22585	0.00423	0.00930	0.00605	0.00372	0.00707
29	0.00746	0.00545	0.00708	0.00829	0.00895	0.00507	0.00586	0.00875	0.01186	0.01552	0.03573	0.61304	0.12444	0.01784	0.00756	0.00239	0.00362	0.10072	0.00548	0.00490
30	0.01316	0.38626	0.17503	0.01151	0.01583	0.01735	0.01174	0.01574	0.01139	0.01477	0.01319	0.01717	0.05602	0.10456	0.00972	0.00217	0.10957	0.00494	0.00285	0.00702
31	0.01566	0.01207	0.01572	0.01258	0.01608	0.07498	0.14100	0.13399	0.01716	0.13544	0.13979	0.02891	0.13032	0.00899	0.00637	0.00186	0.00586	0.03584	0.05992	0.00745
32	0.00872	0.00598	0.00737	0.00749	0.00890	0.00534	0.00543	0.01051	0.01398	0.06467	0.26437	0.29842	0.24729	0.01480	0.00711	0.00208	0.00321	0.01298	0.00592	0.00543
33	0.00788	0.00550	0.00639	0.00701	0.00786	0.00510	0.00475	0.00909	0.01157	0.01566	0.03550	0.37961	0.21428	0.14113	0.01060	0.00270	0.00360	0.01288	0.11412	0.00475
34	0.01222	0.00875	0.00975	0.00877	0.01121	0.00877	0.00680	0.16628	0.06453	0.05591	0.13984	0.12834	0.26151	0.01201	0.00655	0.00195	0.00400	0.02569	0.06044	0.00669
35	0.12055	0.01279	0.01365	0.01163	0.01498	0.01461	0.00931	0.23755	0.29950	0.02736	0.06525	0.01924	0.01592	0.01056	0.06446	0.00250	0.04028	0.00600	0.00535	0.00851
36	0.01340	0.01353	0.02525	0.25537	0.33353	0.01404	0.22268	0.01747	0.01311	0.01795	0.01118	0.01535	0.00881	0.00538	0.00619	0.00189	0.00813	0.00576	0.00286	0.00813
37	0.00849	0.00577	0.00685	0.00694	0.00709	0.00587	0.00417	0.00881	0.00889	0.01198	0.01923	0.08677	0.02186	0.65059	0.11754	0.00597	0.00680	0.00887	0.00366	0.00387
38	0.01349	0.01288	0.02193	0.28153	0.51901	0.01375	0.01758	0.01714	0.01292	0.01793	0.01092	0.01501	0.00888	0.00548	0.00587	0.00183	0.00731	0.00526	0.00283	0.00844
39	0.01188	0.01240	0.06433	0.08005	0.10568	0.04413	0.04343	0.05852	0.05724	0.01803	0.02667	0.10317	0.21168	0.01034	0.00840	0.00205	0.12257	0.00838	0.00414	0.00689
40	0.01663	0.06868	0.13997	0.01452	0.01894	0.24081	0.10774	0.05050	0.06543	0.06844	0.10208	0.01767	0.01519	0.00682	0.00576	0.00173	0.00775	0.00559	0.03809	0.00767
41	0.00739	0.00562	0.00684	0.00760	0.00865	0.00507	0.00544	0.00884	0.01267	0.01632	0.10491	0.43233	0.27680	0.01664	0.00735	0.00224	0.00336	0.06138	0.00558	0.00498
42	0.01373	0.01318	0.01939	0.01929	0.18685	0.05944	0.17476	0.10352	0.06428	0.02080	0.05741	0.05775	0.16626	0.00853	0.00645	0.00190	0.00653	0.00789	0.00432	0.00771
43	0.01489	0.02418	0.32279	0.06798	0.02420	0.20194	0.12011	0.01992	0.04705	0.01734	0.01080	0.01323	0.00827	0.00619	0.00699	0.00188	0.07667	0.00484	0.00288	0.00785
44	0.02043	0.01490	0.01590	0.01249	0.01670	0.01648	0.01022	0.58818	0.08718	0.03436	0.01566	0.01582	0.01136	0.00715	0.00571	0.00175	0.00590	0.00546	0.10490	0.00945
45	0.00829	0.00573	0.00666	0.00691	0.00724	0.00557	0.00428	0.00880	0.00996	0.01315	0.05403	0.15345	0.08852	0.54582	0.02289	0.00463	0.00503	0.04076	0.00423	0.00405
46	0.01373	0.01574	0.11420	0.18447	0.26562	0.07747	0.01509	0.06137	0.05796	0.01894	0.01759	0.01977	0.09875	0.00697	0.00594	0.00184	0.00708	0.00598	0.00349	0.00799
47	0.01146	0.01014	0.01103	0.01071	0.01201	0.10014	0.00817	0.07568	0.01266	0.01646	0.01982	0.23215	0.02100	0.05568	0.25638	0.00472	0.07860	0.05322	0.00414	0.00581
48	0.00721	0.00515	0.00686	0.00823	0.00858	0.00480	0.00549	0.00823	0.01132	0.01510	0.03259	0.78831	0.03911	0.01853	0.00755	0.00240	0.00343	0.01681	0.00549	0.00480
49	0.01474	0.25192	0.25158	0.01900	0.17203	0.04957	0.06364	0.04882	0.04265	0.01826	0.01072	0.01264	0.00854	0.00552	0.00523	0.00166	0.00758	0.00448	0.00293	0.00847
50	0.06996	0.02192	0.30101	0.03453	0.06207	0.07949	0.12084	0.15022	0.01553	0.02198	0.01102	0.01317	0.00824	0.00613	0.00664	0.00188	0.05871	0.00492	0.00335	0.00839
51	0.01968	0.05610	0.01824	0.15802	0.02272	0.46409	0.04096	0.08449	0.01649	0.05020	0.01055	0.01252	0.00825	0.00611	0.00552	0.00165	0.00931	0.00441	0.00339	0.00730
52	0.12235	0.02204	0.38619	0.01687	0.02351	0.01389	0.18236	0.07655	0.01382	0.02126	0.01220	0.01644	0.00956	0.00625	0.00586	0.00194	0.00808	0.04945	0.00323	0.00815
53	0.05226	0.01321	0.06347	0.01890	0.22750	0.01276	0.04218	0.10076	0.11456	0.07061	0.02007	0.02141	0.10064	0.01072	0.07167	0.00254	0.03776	0.00639	0.00431	0.00827
54	0.00943	0.00715	0.00849	0.00882	0.01024	0.00719	0.00658	0.03570	0.12637	0.01742	0.03418	0.29633	0.18152	0.05111	0.00925	0.05416	0.00416	0.12098	0.00531	0.00562
55	0.00817	0.07809	0.04077	0.00863	0.00986	0.00688	0.00654	0.00955	0.01157	0.01520	0.03117	0.63907	0.07964	0.01654	0.00709	0.00225	0.00389	0.01478	0.00509	0.00523

[dist]
# distance from previous block
# <min> <max>
0	1

[block]
# block no. 9 follows, 39 sequences, length 27
# corresponding to MSA columns:
# 713-739
name=unknown_J
#
# <colnr> <probs for GDERKNQSTAVLIFYWHMCP>
#	G	D	E	R	K	N	Q	S	T	A	V	L	I	F	Y	W	H	M	C	P
0	0.01463	0.01093	0.01473	0.01722	0.20639	0.01129	0.01062	0.11552	0.15054	0.09942	0.02196	0.25926	0.02096	0.01040	0.00643	0.00202	0.00518	0.00923	0.00517	0.00810
1	0.01554	0.07302	0.04728	0.01529	0.09023	0.22252	0.03710	0.03417	0.17364	0.01849	0.05109	0.04791	0.01447	0.01046	0.07163	0.00241	0.02914	0.00581	0.00396	0.03584
2	0.00856	0.00659	0.00760	0.00697	0.00913	0.00562	0.00529	0.01071	0.01473	0.03720	0.32881	0.04627	0.37987	0.01253	0.00668	0.00182	0.00311	0.01067	0.00573	0.09212
3	0.00979	0.00854	0.01445	0.01216	0.01387	0.00855	0.18403	0.01164	0.01104	0.01507	0.05570	0.20177	0.02287	0.27979	0.08106	0.00403	0.04657	0.00981	0.00393	0.00533
4	0.10834	0.01899	0.01560	0.01389	0.04748	0.28870	0.01047	0.29266	0.01994	0.02538	0.06720	0.03852	0.01305	0.00721	0.00559	0.00171	0.00746	0.00530	0.00454	0.00797
5	0.01581	0.79572	0.03099	0.01012	0.01518	0.02340	0.01012	0.01771	0.01202	0.01391	0.00822	0.00949	0.00759	0.00506	0.00379	0.00126	0.00632	0.00316	0.00253	0.00759
6	0.02926	0.01818	0.22221	0.01503	0.02067	0.02700	0.13894	0.18659	0.01646	0.04480	0.02603	0.08079	0.01225	0.00695	0.00590	0.00176	0.00708	0.00611	0.00403	0.12997
7	0.01117	0.01051	0.01774	0.77795	0.04073	0.01314	0.01642	0.01511	0.01182	0.01511	0.01051	0.01577	0.00788	0.00591	0.00591	0.00197	0.00788	0.00526	0.00263	0.00657
8	0.00734	0.00580	0.00662	0.00685	0.00832	0.00507	0.00497	0.00901	0.01367	0.01745	0.20434	0.23188	0.42729	0.01521	0.00712	0.00207	0.00306	0.01314	0.00571	0.00507
9	0.17848	0.01476	0.01523	0.01195	0.01631	0.01632	0.00985	0.53177	0.02317	0.06474	0.01368	0.01395	0.00980	0.00679	0.00539	0.00177	0.00589	0.00495	0.04608	0.00913
