[name]
unknown

[dist]
# distance from previous block
# <min> <max>
2	446

[block]
# block no. 0 follows, 45 sequences, length 7
# corresponding to MSA columns:
# 515-521
name=unknown_A
#
# <colnr> <probs for GDERKNQSTAVLIFYWHMCP>
#	G	D	E	R	K	N	Q	S	T	A	V	L	I	F	Y	W	H	M	C	P
0	0.00952	0.00804	0.00924	0.00718	0.01080	0.00625	0.00564	0.01166	0.01188	0.01721	0.11035	0.02468	0.20547	0.00721	0.00485	0.00115	0.00349	0.00599	0.00395	0.53544
1	0.01474	0.04822	0.07665	0.03271	0.05973	0.11935	0.01003	0.12584	0.24296	0.05823	0.03825	0.04706	0.04155	0.00692	0.00526	0.00162	0.00564	0.00557	0.00435	0.05531
2	0.01362	0.01672	0.27286	0.01383	0.09132	0.04028	0.01261	0.13681	0.07099	0.08281	0.13789	0.01805	0.01610	0.00661	0.00534	0.00165	0.00583	0.00543	0.04360	0.00765
3	0.00711	0.00542	0.00653	0.00675	0.00783	0.00519	0.00492	0.00841	0.01066	0.01371	0.06649	0.13528	0.31887	0.16191	0.15807	0.00379	0.00557	0.06479	0.00431	0.00438
4	0.01075	0.00911	0.01071	0.00782	0.01222	0.00693	0.00622	0.01315	0.01157	0.01792	0.09158	0.01424	0.01253	0.00473	0.00423	0.00089	0.00382	0.00388	0.00347	0.75424
5	0.00938	0.00728	0.00847	0.00821	0.00990	0.00752	0.00626	0.08783	0.12560	0.01769	0.08308	0.17515	0.20304	0.05829	0.09912	0.00289	0.00502	0.07484	0.00482	0.00560
6	0.01514	0.11262	0.09899	0.01145	0.01530	0.10880	0.01010	0.20453	0.23723	0.02226	0.09530	0.01680	0.01489	0.00669	0.00517	0.00161	0.00572	0.00522	0.00443	0.00775

[dist]
# distance from previous block
# <min> <max>
3	4

[block]
# block no. 1 follows, 45 sequences, length 12
# corresponding to MSA columns:
# 526-537
name=unknown_B
#
# <colnr> <probs for GDERKNQSTAVLIFYWHMCP>
#	G	D	E	R	K	N	Q	S	T	A	V	L	I	F	Y	W	H	M	C	P
0	0.10851	0.00951	0.05847	0.00847	0.01180	0.00812	0.00725	0.07155	0.01414	0.31109	0.10600	0.02692	0.19029	0.03641	0.00622	0.00182	0.00421	0.00689	0.00533	0.00700
1	0.01338	0.22238	0.12241	0.01238	0.06553	0.07739	0.01064	0.05716	0.06631	0.05220	0.09866	0.07322	0.01516	0.00722	0.00619	0.00162	0.08214	0.00551	0.00356	0.00694
2	0.10943	0.22706	0.01957	0.01699	0.23934	0.12322	0.01112	0.08854	0.04600	0.05663	0.01018	0.01154	0.00819	0.00522	0.00454	0.00147	0.00619	0.00397	0.00323	0.00755
3	0.00862	0.00572	0.00703	0.00679	0.00826	0.00515	0.00507	0.01044	0.01323	0.08224	0.34708	0.11697	0.24269	0.07065	0.00790	0.00206	0.00313	0.04653	0.00538	0.00506
4	0.01339	0.01730	0.18728	0.05762	0.28943	0.09883	0.09282	0.04397	0.09620	0.01777	0.01212	0.01412	0.02389	0.00544	0.00536	0.00166	0.00708	0.00489	0.00303	0.00782
5	0.00731	0.00541	0.00632	0.00639	0.00740	0.00500	0.00453	0.00863	0.01157	0.01515	0.22094	0.08273	0.26521	0.25092	0.01271	0.00287	0.00363	0.07428	0.00470	0.00431
6	0.08442	0.01723	0.27374	0.01289	0.01743	0.01311	0.04704	0.23058	0.01502	0.02203	0.05331	0.07414	0.01206	0.00715	0.00668	0.00178	0.09481	0.00549	0.00369	0.00741
7	0.00876	0.00569	0.00714	0.00715	0.00831	0.00531	0.00509	0.01071	0.03779	0.08364	0.26060	0.30521	0.11699	0.10194	0.00874	0.00227	0.00329	0.01110	0.00524	0.00503
8	0.04747	0.01170	0.10549	0.01699	0.23882	0.01006	0.04808	0.05119	0.01208	0.04303	0.06739	0.11572	0.06387	0.07705	0.03020	0.00225	0.04134	0.00700	0.00360	0.00666
9	0.01409	0.32918	0.09429	0.01377	0.10432	0.01652	0.03151	0.11436	0.06970	0.01766	0.00999	0.01145	0.00820	0.00547	0.00555	0.00146	0.07342	0.00397	0.00306	0.07203
10	0.03531	0.06766	0.01149	0.01008	0.05932	0.00999	0.00737	0.06949	0.16820	0.04436	0.05576	0.12681	0.20412	0.00966	0.00617	0.00175	0.04356	0.00797	0.02592	0.03500
11	0.05595	0.21190	0.06700	0.01449	0.14312	0.10622	0.01086	0.16072	0.01498	0.10398	0.03170	0.01364	0.03151	0.00579	0.00477	0.00149	0.00611	0.00441	0.00370	0.00766

[dist]
# distance from previous block
# <min> <max>
3	10

[block]
# block no. 2 follows, 45 sequences, length 15
# corresponding to MSA columns:
# 548-562
name=unknown_C
#
# <colnr> <probs for GDERKNQSTAVLIFYWHMCP>
#	G	D	E	R	K	N	Q	S	T	A	V	L	I	F	Y	W	H	M	C	P
0	0.04895	0.00698	0.00849	0.00782	0.00946	0.00698	0.00576	0.07570	0.01184	0.10309	0.09258	0.15441	0.05593	0.19378	0.15290	0.00376	0.00604	0.00804	0.00437	0.04313
1	0.01433	0.22127	0.14684	0.01837	0.25718	0.01432	0.04490	0.05697	0.03114	0.09527	0.01270	0.01399	0.03896	0.00546	0.00490	0.00153	0.00618	0.00458	0.00322	0.00788
2	0.45836	0.10542	0.15822	0.01069	0.04949	0.01375	0.00986	0.10528	0.01182	0.02231	0.00865	0.00991	0.00664	0.00513	0.00401	0.00160	0.00536	0.00342	0.00322	0.00686
3	0.23473	0.31705	0.03594	0.00928	0.01327	0.08702	0.00831	0.10224	0.01254	0.01898	0.00885	0.01002	0.00726	0.00503	0.00386	0.00135	0.00547	0.00331	0.04130	0.07420
4	0.00770	0.00501	0.00608	0.00666	0.00746	0.00475	0.00472	0.00930	0.01126	0.01630	0.11944	0.38656	0.08241	0.05004	0.00694	0.00201	0.00305	0.04733	0.21838	0.00460
5	0.08077	0.00826	0.07004	0.00788	0.01009	0.00683	0.00653	0.01283	0.06153	0.09417	0.18947	0.19787	0.16726	0.05371	0.00706	0.00201	0.00372	0.00939	0.00493	0.00565
6	0.00734	0.00540	0.00679	0.00659	0.00780	0.00494	0.00484	0.00946	0.01405	0.01940	0.57791	0.10563	0.15087	0.04634	0.00728	0.00190	0.00272	0.01032	0.00559	0.00485
7	0.00765	0.00517	0.00602	0.00611	0.00626	0.00510	0.00361	0.00798	0.00876	0.01179	0.08799	0.12000	0.02412	0.65097	0.02316	0.00455	0.00473	0.00880	0.00369	0.00354
8	0.05119	0.00748	0.00919	0.00877	0.00980	0.00859	0.00672	0.05541	0.03950	0.01726	0.07971	0.27583	0.03695	0.01241	0.04407	0.00223	0.16978	0.00874	0.15099	0.00537
9	0.00825	0.00582	0.00725	0.00732	0.00845	0.00561	0.00544	0.04944	0.01331	0.01849	0.33307	0.22678	0.07388	0.06632	0.00776	0.00210	0.00330	0.08897	0.06350	0.00494
10	0.01430	0.01274	0.01255	0.06625	0.05524	0.19336	0.00876	0.05005	0.01315	0.10235	0.05430	0.13020	0.01480	0.00759	0.00600	0.00155	0.05785	0.00605	0.03959	0.15331
11	0.10027	0.01417	0.04306	0.01053	0.01368	0.14256	0.00846	0.30050	0.01671	0.09575	0.01311	0.01715	0.01096	0.17845	0.00977	0.00236	0.00617	0.00507	0.00427	0.00701
12	0.01815	0.01122	0.01490	0.01345	0.11010	0.01084	0.04357	0.19913	0.04864	0.28976	0.04051	0.03003	0.01243	0.00623	0.00528	0.00154	0.00513	0.00525	0.00506	0.12877
13	0.25344	0.05354	0.03666	0.01062	0.05099	0.01221	0.00839	0.23125	0.01507	0.10962	0.01362	0.10968	0.01161	0.00696	0.00478	0.00163	0.00488	0.00540	0.00437	0.05527
14	0.05800	0.03593	0.13094	0.01538	0.17499	0.05382	0.01141	0.16673	0.08425	0.02107	0.01546	0.01642	0.07309	0.00621	0.00503	0.00156	0.00566	0.00501	0.05315	0.06590

[dist]
# distance from previous block
# <min> <max>
2	26

[block]
# block no. 3 follows, 45 sequences, length 6
# corresponding to MSA columns:
# 589-594
name=unknown_D
#
# <colnr> <probs for GDERKNQSTAVLIFYWHMCP>
#	G	D	E	R	K	N	Q	S	T	A	V	L	I	F	Y	W	H	M	C	P
0	0.01377	0.00948	0.01044	0.00887	0.01118	0.07942	0.02495	0.06075	0.03079	0.17741	0.01626	0.06183	0.01491	0.27704	0.06958	0.00324	0.00600	0.00626	0.00415	0.11367
1	0.01099	0.00944	0.07725	0.01188	0.08641	0.00779	0.06542	0.01394	0.03630	0.11929	0.15033	0.08894	0.14375	0.04098	0.06623	0.00245	0.00540	0.05247	0.00452	0.00623
2	0.01492	0.01406	0.06716	0.02119	0.34004	0.06069	0.04123	0.10033	0.12724	0.08004	0.01305	0.01503	0.01023	0.03322	0.00656	0.00179	0.03635	0.00505	0.00368	0.00812
3	0.00970	0.00827	0.00956	0.01091	0.12109	0.04158	0.00682	0.08949	0.01280	0.01621	0.03233	0.14600	0.32943	0.13078	0.00923	0.00230	0.00433	0.00937	0.00433	0.00546
4	0.06726	0.34095	0.08617	0.01146	0.01566	0.25409	0.01041	0.12584	0.01423	0.01693	0.00869	0.00980	0.00715	0.00522	0.00429	0.00137	0.00706	0.00343	0.00295	0.00704
5	0.01770	0.12534	0.06363	0.01325	0.08458	0.01496	0.01057	0.35940	0.09805	0.11307	0.01373	0.01383	0.01001	0.00606	0.00504	0.00157	0.00561	0.00470	0.03040	0.00850

[dist]
# distance from previous block
# <min> <max>
6	15

[block]
# block no. 4 follows, 45 sequences, length 15
# corresponding to MSA columns:
# 610-624
name=unknown_E
#
# <colnr> <probs for GDERKNQSTAVLIFYWHMCP>
#	G	D	E	R	K	N	Q	S	T	A	V	L	I	F	Y	W	H	M	C	P
0	0.05499	0.11603	0.10667	0.01220	0.01581	0.12744	0.10271	0.01701	0.01233	0.13097	0.03157	0.02091	0.01308	0.05637	0.03497	0.00217	0.03385	0.10068	0.00363	0.00662
1	0.01635	0.08513	0.28520	0.04669	0.05497	0.06637	0.01340	0.12180	0.04042	0.19882	0.01296	0.01336	0.00909	0.00571	0.00508	0.00161	0.00657	0.00444	0.00389	0.00814
2	0.05346	0.14598	0.12486	0.04726	0.14549	0.13475	0.01190	0.13902	0.01444	0.05570	0.01346	0.01455	0.06481	0.00596	0.00491	0.00154	0.00650	0.00459	0.00339	0.00742
3	0.00925	0.00637	0.00716	0.00682	0.00738	0.00654	0.00428	0.10112	0.01021	0.01364	0.01765	0.10789	0.01979	0.63381	0.02260	0.00446	0.00509	0.00817	0.00368	0.00409
4	0.01484	0.01530	0.07303	0.01560	0.16410	0.17381	0.01077	0.19394	0.05952	0.01959	0.01413	0.11342	0.01308	0.08583	0.00756	0.00200	0.00643	0.00613	0.00381	0.00711
5	0.31219	0.00996	0.01171	0.01150	0.10708	0.01011	0.00811	0.02059	0.05424	0.33801	0.05458	0.01553	0.01219	0.00609	0.00471	0.00166	0.00452	0.00471	0.00487	0.00764
6	0.05454	0.17027	0.04737	0.02248	0.41719	0.03784	0.01344	0.14051	0.01405	0.01946	0.00986	0.01192	0.00806	0.00507	0.00484	0.00151	0.00622	0.00426	0.00306	0.00808
7	0.00913	0.01042	0.17932	0.00931	0.01193	0.00670	0.00879	0.01170	0.01162	0.06990	0.06850	0.34134	0.09956	0.01224	0.00624	0.00197	0.00441	0.09698	0.03429	0.00564
8	0.59671	0.01133	0.00879	0.00779	0.01085	0.07835	0.00628	0.07559	0.01124	0.02337	0.00935	0.01068	0.00726	0.00532	0.00368	0.00158	0.00454	0.00340	0.11791	0.00600
9	0.03513	0.20976	0.03791	0.01069	0.01446	0.05228	0.00917	0.21090	0.27532	0.02227	0.01447	0.01441	0.01109	0.00615	0.00476	0.00154	0.00529	0.00465	0.05186	0.00788
10	0.01409	0.01055	0.01376	0.01315	0.09832	0.01133	0.03440	0.18497	0.10918	0.09628	0.14890	0.06609	0.01980	0.02835	0.00751	0.00187	0.08644	0.02908	0.00478	0.02117
11	0.00868	0.00738	0.01038	0.01328	0.20403	0.00698	0.00784	0.01108	0.02874	0.01718	0.22085	0.12674	0.26939	0.01097	0.00616	0.00179	0.00376	0.03439	0.00463	0.00576
12	0.07834	0.05214	0.12433	0.01128	0.01478	0.01366	0.01033	0.29502	0.03893	0.02319	0.01250	0.01595	0.01022	0.04671	0.00780	0.00189	0.11580	0.03483	0.08503	0.00727
13	0.00891	0.00655	0.00777	0.00718	0.00849	0.00654	0.00514	0.06817	0.04171	0.01710	0.25880	0.03355	0.10120	0.27324	0.09693	0.00355	0.00507	0.00805	0.00447	0.03757
14	0.01210	0.01154	0.01147	0.16030	0.01618	0.18183	0.00863	0.08020	0.01250	0.01547	0.06554	0.05039	0.01467	0.12311	0.17524	0.00359	0.00821	0.00586	0.03765	0.00552

[dist]
# distance from previous block
# <min> <max>
9	18

[block]
# block no. 5 follows, 45 sequences, length 9
# corresponding to MSA columns:
# 645-653
name=unknown_F
#
# <colnr> <probs for GDERKNQSTAVLIFYWHMCP>
#	G	D	E	R	K	N	Q	S	T	A	V	L	I	F	Y	W	H	M	C	P
0	0.08192	0.00848	0.01012	0.00885	0.01168	0.00834	0.00723	0.09278	0.05641	0.28296	0.05072	0.05851	0.08303	0.00906	0.00562	0.00181	0.00425	0.13459	0.07661	0.00703
1	0.01042	0.00602	0.00791	0.00759	0.00902	0.00577	0.00565	0.01200	0.01160	0.15299	0.14407	0.17199	0.09020	0.12981	0.15524	0.00360	0.00571	0.04082	0.02427	0.00531
2	0.00691	0.00528	0.00634	0.00646	0.00769	0.00471	0.00470	0.00865	0.01300	0.01721	0.34570	0.22355	0.30385	0.01327	0.00646	0.00185	0.00273	0.01158	0.00537	0.00471
3	0.54837	0.01135	0.01086	0.11057	0.01527	0.01310	0.00801	0.18830	0.01308	0.02501	0.00900	0.01041	0.00676	0.00537	0.00406	0.00167	0.00495	0.00359	0.00368	0.00660
4	0.00939	0.00561	0.00600	0.00597	0.00699	0.00572	0.00417	0.01223	0.07526	0.01739	0.04672	0.08332	0.01842	0.20980	0.01015	0.00238	0.00338	0.00674	0.46554	0.00482
5	0.78358	0.07365	0.00948	0.00723	0.01065	0.01277	0.00608	0.01580	0.00927	0.02318	0.00747	0.00871	0.00590	0.00495	0.00333	0.00162	0.00428	0.00290	0.00324	0.00590
6	0.08150	0.01578	0.18926	0.03933	0.11124	0.03362	0.01211	0.15129	0.14320	0.06152	0.01319	0.03126	0.01008	0.00593	0.00505	0.00161	0.00585	0.00477	0.00388	0.07953
7	0.01393	0.01176	0.01246	0.03909	0.09945	0.15615	0.00887	0.04798	0.01376	0.12955	0.16281	0.04323	0.09979	0.03711	0.00756	0.00185	0.07973	0.02417	0.00434	0.00641
8	0.01584	0.11624	0.01687	0.01673	0.23373	0.11372	0.01063	0.07482	0.01364	0.15846	0.01446	0.11549	0.01263	0.00705	0.00550	0.00161	0.02710	0.00583	0.03222	0.00744

[dist]
# distance from previous block
# <min> <max>
0	1

[block]
# block no. 6 follows, 45 sequences, length 6
# corresponding to MSA columns:
# 655-660
name=unknown_G
#
# <colnr> <probs for GDERKNQSTAVLIFYWHMCP>
#	G	D	E	R	K	N	Q	S	T	A	V	L	I	F	Y	W	H	M	C	P
0	0.01367	0.20829	0.36356	0.01294	0.01858	0.11599	0.01409	0.05874	0.11309	0.01710	0.01075	0.01172	0.00823	0.00540	0.00474	0.00154	0.00705	0.00397	0.00293	0.00761
1	0.00829	0.00744	0.06040	0.00815	0.00937	0.00647	0.00627	0.01130	0.10311	0.01473	0.06725	0.32030	0.02705	0.24325	0.01248	0.00297	0.00432	0.07757	0.00441	0.00489
2	0.01465	0.11953	0.04072	0.04105	0.07208	0.04050	0.03494	0.21242	0.23015	0.02195	0.01560	0.08157	0.01296	0.00701	0.00522	0.00165	0.00545	0.00578	0.02900	0.00777
3	0.01380	0.01463	0.22741	0.01071	0.01571	0.00965	0.01069	0.05037	0.09357	0.16460	0.08467	0.01627	0.01358	0.00591	0.00500	0.00144	0.00517	0.00481	0.00418	0.24781
4	0.01520	0.01078	0.01281	0.01063	0.01358	0.05757	0.06120	0.17645	0.10321	0.16085	0.07024	0.12817	0.01781	0.04958	0.03533	0.00213	0.00542	0.00702	0.02656	0.03546
5	0.01289	0.27152	0.16804	0.00982	0.01375	0.01307	0.00968	0.05735	0.04939	0.08350	0.09121	0.01893	0.01487	0.15401	0.00884	0.00216	0.00558	0.00519	0.00355	0.00664

[dist]
# distance from previous block
# <min> <max>
0	3

[block]
# block no. 7 follows, 45 sequences, length 10
# corresponding to MSA columns:
# 664-673
name=unknown_H
#
# <colnr> <probs for GDERKNQSTAVLIFYWHMCP>
#	G	D	E	R	K	N	Q	S	T	A	V	L	I	F	Y	W	H	M	C	P
0	0.00915	0.00588	0.00748	0.00741	0.00898	0.00535	0.00577	0.01113	0.01334	0.10110	0.29125	0.15227	0.20628	0.01260	0.00650	0.00192	0.00331	0.13952	0.00548	0.00527
1	0.10619	0.00894	0.01040	0.00859	0.01169	0.00877	0.00690	0.12513	0.04654	0.29442	0.18419	0.02572	0.12325	0.00833	0.00550	0.00169	0.00402	0.00680	0.00567	0.00726
2	0.01592	0.01263	0.01415	0.05512	0.11895	0.10205	0.00996	0.15113	0.17444	0.13271	0.01581	0.05796	0.01252	0.00929	0.06468	0.00218	0.00636	0.00558	0.00447	0.03410
3	0.01802	0.01152	0.01546	0.01208	0.01597	0.01175	0.11000	0.20112	0.18256	0.27238	0.07629	0.01853	0.01516	0.00678	0.00560	0.00171	0.00527	0.00587	0.00549	0.00842
4	0.00841	0.00545	0.00711	0.00754	0.00856	0.00505	0.00551	0.00994	0.01200	0.07499	0.18526	0.40355	0.09671	0.04769	0.00752	0.00217	0.00338	0.09903	0.00523	0.00491
5	0.01891	0.01152	0.01358	0.01083	0.01431	0.11438	0.06811	0.08191	0.01590	0.39738	0.17380	0.02087	0.01939	0.00720	0.00559	0.00164	0.00531	0.00606	0.00555	0.00775
6	0.05805	0.01474	0.11989	0.03384	0.06618	0.05854	0.09254	0.15520	0.11885	0.09075	0.02678	0.04914	0.02456	0.00663	0.00588	0.00171	0.03900	0.00551	0.00409	0.02813
7	0.01056	0.00712	0.00901	0.00870	0.01014	0.00740	0.00676	0.01377	0.10059	0.10585	0.13323	0.14242	0.07296	0.12006	0.01016	0.00247	0.06810	0.16018	0.00491	0.00561
8	0.00928	0.00698	0.01055	0.00961	0.01132	0.00655	0.10737	0.04963	0.01227	0.06570	0.07446	0.46183	0.12647	0.01317	0.00651	0.00199	0.00407	0.01201	0.00486	0.00538
9	0.01322	0.01102	0.01552	0.07135	0.11909	0.01277	0.04392	0.14883	0.04712	0.05842	0.01432	0.15636	0.01354	0.00883	0.00924	0.00196	0.23700	0.00681	0.00379	0.00690

[dist]
# distance from previous block
# <min> <max>
2	5

[block]
# block no. 8 follows, 45 sequences, length 10
# corresponding to MSA columns:
# 679-688
name=unknown_I
#
# <colnr> <probs for GDERKNQSTAVLIFYWHMCP>
#	G	D	E	R	K	N	Q	S	T	A	V	L	I	F	Y	W	H	M	C	P
0	0.01394	0.01432	0.02034	0.04805	0.50066	0.11655	0.06129	0.01759	0.06032	0.01677	0.01040	0.01322	0.00862	0.00540	0.00629	0.00166	0.06913	0.00478	0.00282	0.00784
1	0.01080	0.00761	0.00826	0.00753	0.00951	0.04364	0.00570	0.05843	0.01291	0.08885	0.10935	0.14305	0.18955	0.04220	0.03863	0.00206	0.01717	0.00836	0.12266	0.07372
2	0.01444	0.01337	0.01947	0.06952	0.40741	0.07348	0.07996	0.10723	0.04943	0.04435	0.05883	0.01527	0.01149	0.00562	0.00545	0.00163	0.00647	0.00521	0.00345	0.00794
3	0.01670	0.01530	0.05214	0.01706	0.18751	0.10959	0.01184	0.29328	0.07038	0.05127	0.03912	0.01408	0.01056	0.00640	0.00645	0.00167	0.07960	0.00488	0.00409	0.00809
4	0.01356	0.00703	0.00919	0.00808	0.01027	0.00655	0.00621	0.01639	0.06094	0.28266	0.31928	0.11326	0.03097	0.05391	0.03495	0.00218	0.00397	0.00835	0.00578	0.00650
5	0.05205	0.00988	0.01130	0.00953	0.01258	0.01021	0.00764	0.21066	0.13043	0.19562	0.11028	0.07449	0.09283	0.00879	0.00569	0.00176	0.00436	0.03884	0.00557	0.00749
6	0.00698	0.00518	0.00614	0.00640	0.00728	0.00474	0.00439	0.00820	0.01141	0.01498	0.19898	0.26288	0.24561	0.17956	0.01084	0.00259	0.00331	0.01137	0.00483	0.00433
7	0.00909	0.00618	0.00757	0.00718	0.00885	0.00577	0.00551	0.04341	0.01368	0.07782	0.31018	0.09042	0.25044	0.03384	0.05760	0.00234	0.00392	0.05562	0.00529	0.00529
8	0.00718	0.00507	0.00611	0.00648	0.00703	0.00476	0.00424	0.00789	0.01014	0.01335	0.10803	0.29990	0.15498	0.28532	0.01431	0.04209	0.00377	0.01099	0.00437	0.00399
9	0.20415	0.01561	0.25827	0.03992	0.01639	0.01058	0.01103	0.06219	0.01156	0.01950	0.01061	0.06271	0.00893	0.00561	0.00451	0.00146	0.00547	0.00432	0.00315	0.24403

[dist]
# distance from previous block
# <min> <max>
4	34

[block]
# block no. 9 follows, 45 sequences, length 20
# corresponding to MSA columns:
# 723-733,737-745
name=unknown_J
#
# <colnr> <probs for GDERKNQSTAVLIFYWHMCP>
#	G	D	E	R	K	N	Q	S	T	A	V	L	I	F	Y	W	H	M	C	P
0	0.15477	0.01308	0.03472	0.17370	0.04382	0.08935	0.02849	0.20595	0.03966	0.03153	0.07342	0.01503	0.01165	0.01625	0.00577	0.00172	0.03508	0.00485	0.01422	0.00694
1	0.00883	0.12155	0.01143	0.01034	0.09946	0.00818	0.00684	0.01043	0.01119	0.01490	0.14325	0.25507	0.10154	0.09368	0.07688	0.00272	0.00494	0.00939	0.00412	0.00527
2	0.00775	0.00532	0.00655	0.00664	0.00751	0.00494	0.00456	0.00907	0.01170	0.04056	0.27471	0.24064	0.13019	0.21191	0.01166	0.00271	0.00344	0.01075	0.00491	0.00449
3	0.01066	0.01439	0.22328	0.20955	0.02353	0.01073	0.13902	0.01516	0.04520	0.03551	0.01534	0.10027	0.01403	0.00777	0.00590	0.00190	0.00677	0.11110	0.00328	0.00660
4	0.01426	0.01001	0.01052	0.00926	0.01132	0.08707	0.00694	0.17179	0.01395	0.14613	0.01717	0.12177	0.01617	0.21287	0.12295	0.00356	0.00674	0.00699	0.00439	0.00615
5	0.00734	0.00503	0.00608	0.00650	0.00670	0.00489	0.00400	0.00786	0.00923	0.01239	0.07673	0.31089	0.02748	0.46979	0.01849	0.00387	0.00426	0.01060	0.00406	0.00378
6	0.00726	0.00489	0.00628	0.00711	0.00772	0.00462	0.00495	0.00870	0.01119	0.01580	0.13376	0.55900	0.03438	0.01441	0.00636	0.00199	0.00301	0.03957	0.12443	0.00457
7	0.01290	0.01891	0.38766	0.01256	0.01805	0.01187	0.01369	0.06114	0.22672	0.09001	0.01802	0.01784	0.07357	0.00663	0.00535	0.00173	0.00604	0.00535	0.00397	0.00799
8	0.16634	0.09462	0.01710	0.01267	0.01615	0.12046	0.13579	0.04732	0.25167	0.01944	0.01288	0.01373	0.01001	0.00598	0.00564	0.00169	0.05287	0.00474	0.00373	0.00719
9	0.00781	0.00566	0.00677	0.00712	0.00783	0.00554	0.00478	0.04051	0.04080	0.01461	0.08006	0.40003	0.10181	0.23693	0.01236	0.00292	0.00378	0.01160	0.00460	0.00448
10	0.00754	0.00561	0.00680	0.00693	0.00796	0.00506	0.00466	0.00850	0.00989	0.01340	0.02543	0.39066	0.10114	0.22991	0.03052	0.00292	0.00403	0.01090	0.00421	0.12392
11	0.00921	0.00828	0.00815	0.00794	0.00917	0.11686	0.00581	0.01081	0.01183	0.01518	0.22292	0.09724	0.11860	0.12537	0.19078	0.00378	0.00673	0.00824	0.01831	0.00480
12	0.04477	0.16070	0.32419	0.01476	0.09420	0.01355	0.05214	0.01550	0.01112	0.01636	0.04983	0.01341	0.00991	0.00712	0.03741	0.00191	0.08346	0.00442	0.03816	0.00709
13	0.00992	0.00910	0.00895	0.00896	0.01043	0.11836	0.00670	0.03645	0.08768	0.01511	0.02540	0.27451	0.12883	0.01844	0.17608	0.00337	0.00673	0.04538	0.00427	0.00534
14	0.04519	0.01141	0.04729	0.01084	0.01384	0.06678	0.09795	0.09255	0.16569	0.02029	0.12067	0.02655	0.12336	0.00828	0.00562	0.00173	0.00501	0.05230	0.07805	0.00659
15	0.01092	0.05250	0.08826	0.00878	0.01228	0.00859	0.00772	0.01550	0.12942	0.06361	0.19865	0.05519	0.08978	0.00783	0.00526	0.00147	0.00405	0.00659	0.00448	0.22912
16	0.01384	0.70231	0.13592	0.01006	0.01513	0.01999	0.01070	0.01621	0.01097	0.01325	0.00777	0.00900	0.00688	0.00466	0.00368	0.00123	0.00605	0.00303	0.00229	0.00704
17	0.01284	0.01772	0.20567	0.14070	0.11847	0.20647	0.01314	0.01642	0.03167	0.01571	0.03694	0.09061	0.01195	0.00666	0.00525	0.00165	0.00701	0.00547	0.04899	0.00668
18	0.01014	0.00954	0.01610	0.79845	0.03697	0.01193	0.01491	0.01371	0.01073	0.01371	0.00954	0.01431	0.00716	0.00537	0.00537	0.00179	0.00716	0.00477	0.00239	0.00596
19	0.00837	0.00565	0.00632	0.00615	0.00634	0.00572	0.00357	0.04170	0.00859	0.01146	0.01673	0.03413	0.01905	0.77508	0.02633	0.00504	0.00524	0.00767	0.00335	0.00352

[dist]
# distance from previous block
# <min> <max>
6	98

[block]
# block no. 10 follows, 45 sequences, length 13
# corresponding to MSA columns:
# 853-865
name=unknown_K
#
# <colnr> <probs for GDERKNQSTAVLIFYWHMCP>
#	G	D	E	R	K	N	Q	S	T	A	V	L	I	F	Y	W	H	M	C	P
0	0.05382	0.06303	0.17292	0.01248	0.05378	0.06657	0.01115	0.09455	0.19759	0.08161	0.01647	0.03398	0.02726	0.00704	0.00525	0.00172	0.00573	0.06249	0.02497	0.00759
1	0.02926	0.12392	0.12471	0.04272	0.10653	0.03913	0.01080	0.07808	0.01195	0.04753	0.01116	0.01485	0.00955	0.07142	0.12336	0.00282	0.04721	0.00454	0.00307	0.09739
2	0.01154	0.01202	0.04663	0.01687	0.17522	0.08182	0.10069	0.02977	0.01098	0.01488	0.01268	0.01713	0.03708	0.03936	0.24649	0.00397	0.12831	0.00542	0.00284	0.00632
3	0.00699	0.00520	0.00644	0.00712	0.00802	0.00480	0.00517	0.00835	0.01139	0.01478	0.10683	0.37611	0.22562	0.07064	0.00818	0.00229	0.00337	0.11927	0.00495	0.00448
4	0.01245	0.02110	0.40868	0.02030	0.26007	0.06295	0.01692	0.01838	0.09489	0.01752	0.01103	0.01280	0.00840	0.00527	0.00519	0.00166	0.00715	0.00442	0.00277	0.00806
5	0.09913	0.07148	0.01800	0.08163	0.13013	0.20664	0.08689	0.09947	0.01379	0.06331	0.01008	0.01210	0.00792	0.00617	0.01858	0.00172	0.05829	0.00434	0.00323	0.00709
6	0.00662	0.00497	0.00615	0.00687	0.00768	0.00449	0.00476	0.00786	0.01138	0.01488	0.12849	0.52104	0.22475	0.01528	0.00666	0.00203	0.00294	0.01358	0.00510	0.00449
7	0.06568	0.01087	0.03063	0.01201	0.01433	0.01219	0.09357	0.09181	0.18392	0.01858	0.03617	0.04659	0.01335	0.05048	0.13654	0.00316	0.16377	0.00593	0.00379	0.00662
8	0.00683	0.00516	0.00615	0.00650	0.00750	0.00465	0.00455	0.00819	0.01183	0.01547	0.20738	0.31741	0.27922	0.08399	0.00836	0.00221	0.00303	0.01205	0.00504	0.00448
9	0.00970	0.00661	0.00808	0.00767	0.00858	0.02276	0.00546	0.01075	0.01015	0.08937	0.08685	0.11321	0.08425	0.31424	0.13241	0.00415	0.06886	0.00818	0.00401	0.00472
10	0.01148	0.00906	0.00982	0.00910	0.01118	0.04522	0.00701	0.07864	0.19860	0.06698	0.07995	0.16803	0.16662	0.01224	0.04576	0.00221	0.03393	0.03285	0.00500	0.00635
11	0.01491	0.19832	0.04561	0.09348	0.11011	0.09190	0.01033	0.01840	0.08359	0.14182	0.01356	0.06514	0.01128	0.02551	0.00541	0.00161	0.00583	0.00506	0.00366	0.05448
12	0.06063	0.10664	0.03466	0.01230	0.01570	0.37968	0.01000	0.15503	0.03759	0.08581	0.01051	0.01129	0.00810	0.00589	0.00538	0.00150	0.04462	0.00393	0.00361	0.00715

[dist]
# distance from previous block
# <min> <max>
5	32

[block]
# block no. 11 follows, 45 sequences, length 83
# corresponding to MSA columns:
# 903-942,944-986
name=unknown_L
#
# <colnr> <probs for GDERKNQSTAVLIFYWHMCP>
#	G	D	E	R	K	N	Q	S	T	A	V	L	I	F	Y	W	H	M	C	P
0	0.03404	0.01219	0.13259	0.05349	0.06486	0.04519	0.10630	0.02792	0.01178	0.07588	0.07678	0.11201	0.01764	0.14326	0.03486	0.00258	0.00628	0.03253	0.00369	0.00613
1	0.00959	0.03986	0.01009	0.00817	0.01033	0.00693	0.06555	0.04643	0.01365	0.07403	0.25893	0.09965	0.28618	0.03808	0.00686	0.00187	0.00370	0.00955	0.00505	0.00551
2	0.01276	0.13355	0.22931	0.01388	0.06114	0.03862	0.09744	0.06446	0.06453	0.05773	0.04429	0.10915	0.01374	0.02869	0.00592	0.00177	0.00628	0.00606	0.00351	0.00719
3	0.01373	0.07450	0.01861	0.25413	0.32578	0.01281	0.01361	0.08893	0.01334	0.07868	0.04633	0.01482	0.01037	0.00554	0.00524	0.00163	0.00619	0.00491	0.00328	0.00757
4	0.01816	0.00884	0.01083	0.00871	0.01194	0.00841	0.00705	0.14891	0.01618	0.39208	0.10370	0.02216	0.06582	0.00747	0.00528	0.00160	0.00412	0.00609	0.14497	0.00771
5	0.01173	0.01125	0.01917	0.37545	0.32523	0.01237	0.07348	0.01594	0.06024	0.01605	0.01093	0.02506	0.00874	0.00535	0.00545	0.00172	0.00676	0.00512	0.00275	0.00720
6	0.01206	0.00777	0.00959	0.00848	0.01055	0.00790	0.00666	0.05439	0.09189	0.16054	0.27457	0.05842	0.14510	0.03081	0.00751	0.00190	0.06713	0.03301	0.00541	0.00629
7	0.00799	0.00598	0.00775	0.00769	0.00876	0.00625	0.00568	0.01088	0.07742	0.01598	0.23650	0.12057	0.06331	0.12268	0.25793	0.00443	0.00691	0.02394	0.00440	0.00494
8	0.01833	0.00891	0.01129	0.00915	0.01216	0.00859	0.00722	0.13841	0.01498	0.41872	0.05257	0.02156	0.01539	0.14799	0.08708	0.00295	0.00577	0.00595	0.00545	0.00751
9	0.03966	0.01110	0.09636	0.15651	0.06292	0.00993	0.01028	0.07973	0.06080	0.05330	0.01583	0.02174	0.04817	0.09894	0.07792	0.00269	0.00643	0.05638	0.00360	0.08771
10	0.56922	0.01161	0.01011	0.00852	0.01208	0.04819	0.00698	0.12930	0.01272	0.13255	0.01027	0.01075	0.00742	0.00546	0.00399	0.00164	0.00473	0.00358	0.00408	0.00680
11	0.00919	0.00717	0.00865	0.00866	0.01029	0.00744	0.00678	0.01485	0.21741	0.01905	0.25555	0.14987	0.06851	0.01184	0.00643	0.00198	0.00365	0.18147	0.00539	0.00584
12	0.01002	0.03718	0.01206	0.01069	0.01150	0.06856	0.00850	0.01151	0.00930	0.01285	0.01341	0.12926	0.01374	0.02277	0.33422	0.00481	0.27489	0.00649	0.00297	0.00527
13	0.00810	0.00591	0.00729	0.00752	0.00824	0.00617	0.00527	0.01033	0.07938	0.01323	0.02180	0.16869	0.05289	0.34016	0.16196	0.00459	0.00635	0.08375	0.00393	0.00444
14	0.02162	0.00972	0.01244	0.00981	0.01369	0.00913	0.00801	0.07983	0.11646	0.59001	0.05559	0.01912	0.01513	0.00691	0.00545	0.00168	0.00453	0.00565	0.00636	0.00886
15	0.01417	0.01101	0.01776	0.37883	0.07905	0.01203	0.11950	0.12178	0.01385	0.12797	0.01223	0.01486	0.00881	0.00558	0.00544	0.00171	0.00664	0.00510	0.03647	0.00719
16	0.01196	0.13558	0.40522	0.01706	0.02361	0.01412	0.28374	0.01694	0.01175	0.01644	0.00976	0.01207	0.00730	0.00482	0.00531	0.00166	0.00802	0.00466	0.00243	0.00753
17	0.00654	0.00467	0.00623	0.00747	0.00779	0.00436	0.00498	0.00747	0.01028	0.01370	0.02959	0.80785	0.03550	0.01682	0.00685	0.00218	0.00311	0.01526	0.00498	0.00436
18	0.00835	0.00662	0.00765	0.00719	0.00894	0.00650	0.00545	0.01297	0.15756	0.01980	0.43701	0.03941	0.24014	0.01098	0.00617	0.00175	0.00291	0.00945	0.00557	0.00557
19	0.01867	0.01525	0.01371	0.01163	0.01507	0.21203	0.00915	0.15831	0.27766	0.18656	0.01661	0.01570	0.01197	0.00654	0.00527	0.00164	0.00601	0.00503	0.00501	0.00817
20	0.02347	0.00951	0.01262	0.00974	0.01385	0.00853	0.00802	0.06089	0.04658	0.71528	0.02081	0.01809	0.01322	0.00666	0.00540	0.00167	0.00462	0.00540	0.00654	0.00911
21	0.01113	0.00954	0.01113	0.00795	0.01272	0.00716	0.00636	0.01352	0.01113	0.01749	0.00954	0.01113	0.00795	0.00398	0.00398	0.00080	0.00398	0.00318	0.00318	0.84417
22	0.01966	0.01109	0.01327	0.01002	0.01438	0.01045	0.00823	0.25284	0.01739	0.35445	0.01564	0.01478	0.01064	0.00591	0.00503	0.00143	0.00484	0.00466	0.00537	0.21994
23	0.02005	0.02558	0.01521	0.01383	0.01659	0.78980	0.01037	0.02143	0.01521	0.01314	0.00830	0.00968	0.00691	0.00553	0.00484	0.00138	0.00968	0.00346	0.00277	0.00622
24	0.00767	0.00574	0.00858	0.00856	0.00953	0.00665	0.00665	0.00960	0.00885	0.01277	0.03991	0.02173	0.01467	0.03928	0.76377	0.00839	0.01398	0.00588	0.00298	0.00480
25	0.01397	0.00617	0.00710	0.00628	0.00835	0.00582	0.00492	0.01635	0.01241	0.23456	0.01854	0.01952	0.01363	0.00636	0.00422	0.00137	0.00308	0.00511	0.60606	0.00617
26	0.01884	0.08609	0.01588	0.01313	0.01607	0.64138	0.01007	0.02182	0.10015	0.01415	0.00977	0.01077	0.00799	0.00566	0.00480	0.00141	0.00875	0.00371	0.00303	0.00653
27	0.01209	0.01040	0.01156	0.00923	0.01325	0.00982	0.00728	0.01997	0.33644	0.01962	0.01483	0.01495	0.01158	0.00540	0.00461	0.00124	0.00409	0.00442	0.00416	0.48507
28	0.00762	0.00643	0.04219	0.00715	0.00867	0.00533	0.00570	0.01017	0.01456	0.02052	0.66201	0.09577	0.07111	0.01122	0.00631	0.00173	0.00283	0.00991	0.00565	0.00513
29	0.01810	0.01542	0.01471	0.01211	0.01578	0.12622	0.00968	0.42048	0.26129	0.02723	0.01510	0.01471	0.01113	0.00658	0.00532	0.00165	0.00592	0.00503	0.00503	0.00851
30	0.00707	0.00514	0.00673	0.00748	0.00827	0.00480	0.00545	0.00863	0.01188	0.01591	0.20329	0.45895	0.10205	0.01491	0.00677	0.00208	0.00321	0.11759	0.00519	0.00462
31	0.02257	0.01156	0.01396	0.01070	0.01491	0.01149	0.00884	0.32762	0.01942	0.47440	0.01777	0.01606	0.01158	0.00656	0.00539	0.00164	0.00512	0.00517	0.00612	0.00913
32	0.05350	0.01901	0.10142	0.08100	0.16537	0.30219	0.05983	0.07275	0.01371	0.01671	0.00927	0.01155	0.00743	0.00556	0.00589	0.00161	0.05907	0.00421	0.00285	0.00706
33	0.01565	0.01038	0.12046	0.00917	0.01237	0.00768	0.00811	0.01806	0.02819	0.35967	0.07030	0.02350	0.01670	0.22496	0.04840	0.00295	0.00554	0.00617	0.00485	0.00688
34	0.01612	0.00737	0.00961	0.00824	0.01085	0.00655	0.00637	0.03013	0.01361	0.41663	0.08538	0.17777	0.10604	0.07056	0.00752	0.00205	0.00399	0.00848	0.00580	0.00693
35	0.00988	0.01044	0.09969	0.01450	0.18337	0.00846	0.04354	0.04769	0.01387	0.01937	0.33336	0.07887	0.09687	0.00903	0.00595	0.00171	0.00451	0.00808	0.00446	0.00636
36	0.01378	0.12887	0.31146	0.01672	0.16292	0.08980	0.01456	0.07175	0.03755	0.04861	0.01132	0.04876	0.00922	0.00579	0.00501	0.00159	0.00688	0.00464	0.00303	0.00772
37	0.00888	0.00721	0.01092	0.08128	0.16271	0.00727	0.00924	0.01105	0.01159	0.01550	0.04948	0.29366	0.05084	0.01253	0.00657	0.00210	0.00466	0.24466	0.00432	0.00553
38	0.01859	0.00775	0.01047	0.00882	0.01174	0.00681	0.00689	0.02026	0.01364	0.53843	0.02324	0.23163	0.01956	0.04740	0.00683	0.00197	0.00421	0.00817	0.00604	0.00757
39	0.08836	0.01376	0.09117	0.02013	0.28416	0.01260	0.10583	0.07501	0.12947	0.10652	0.01319	0.01442	0.00986	0.00552	0.00528	0.00168	0.00610	0.00501	0.00377	0.00817
40	0.05233	0.04746	0.16254	0.01955	0.29742	0.01249	0.01354	0.10631	0.01349	0.11145	0.01264	0.06693	0.01041	0.00630	0.00580	0.00168	0.04290	0.00525	0.00355	0.00796
41	0.06385	0.00584	0.00726	0.00747	0.00861	0.00565	0.00545	0.01064	0.02979	0.05777	0.27838	0.35331	0.03600	0.05068	0.00733	0.00210	0.00330	0.05636	0.00520	0.00503
42	0.57455	0.01504	0.01050	0.00985	0.03443	0.24708	0.00750	0.01751	0.01106	0.02059	0.00780	0.00914	0.00622	0.00514	0.00384	0.00158	0.00589	0.00313	0.00313	0.00601
43	0.00653	0.00471	0.00619	0.00738	0.00776	0.00437	0.00494	0.00748	0.01037	0.01374	0.03073	0.77280	0.06981	0.01667	0.00683	0.00216	0.00310	0.01508	0.00498	0.00437
44	0.01284	0.10528	0.50667	0.01574	0.07319	0.01407	0.04770	0.12887	0.01350	0.01913	0.00998	0.01155	0.00733	0.00520	0.00504	0.00163	0.00734	0.00414	0.00278	0.00802
45	0.07688	0.00677	0.00824	0.00746	0.00909	0.00713	0.00585	0.01338	0.01241	0.11100	0.27328	0.02507	0.02496	0.01109	0.07527	0.00223	0.07755	0.00652	0.24017	0.00565
46	0.01306	0.01522	0.13010	0.06341	0.57448	0.04379	0.01631	0.01711	0.04300	0.01731	0.01041	0.01318	0.00846	0.00499	0.00527	0.00162	0.00668	0.00466	0.00271	0.00821
47	0.00700	0.00544	0.00638	0.00636	0.00780	0.00482	0.00478	0.00888	0.01335	0.01750	0.35699	0.10293	0.37840	0.01278	0.00643	0.00182	0.00277	0.04544	0.00537	0.00476
48	0.00662	0.00477	0.00629	0.00748	0.00789	0.00444	0.00509	0.00763	0.01045	0.01383	0.03066	0.74372	0.06883	0.01659	0.00685	0.00218	0.00317	0.04415	0.00498	0.00439
49	0.24425	0.12983	0.14236	0.01292	0.01743	0.07295	0.17618	0.05140	0.01168	0.01846	0.00950	0.01215	0.00769	0.03841	0.03200	0.00198	0.00697	0.00426	0.00291	0.00668
50	0.00994	0.01282	0.17372	0.07737	0.01803	0.00961	0.14662	0.01462	0.08037	0.01747	0.15938	0.04876	0.09202	0.00987	0.05953	0.00219	0.00630	0.00689	0.00377	0.05073
51	0.01428	0.24754	0.07890	0.05660	0.34194	0.01507	0.01328	0.07672	0.01287	0.05326	0.01000	0.01196	0.00810	0.00497	0.00472	0.00146	0.00614	0.00414	0.00293	0.03511
52	0.01232	0.26724	0.51662	0.01335	0.02011	0.01501	0.02717	0.01702	0.01135	0.04051	0.00936	0.01077	0.00706	0.00499	0.00462	0.00153	0.00717	0.00371	0.00242	0.00764
53	0.00873	0.00516	0.00577	0.00599	0.00719	0.00484	0.00435	0.01058	0.01150	0.04290	0.06364	0.23950	0.16600	0.01073	0.00526	0.00164	0.00278	0.00921	0.38934	0.00488
54	0.01081	0.02296	0.57239	0.17870	0.07780	0.01237	0.01858	0.01628	0.01127	0.01636	0.00965	0.01208	0.00699	0.00513	0.00517	0.00171	0.00767	0.00419	0.00232	0.00756
55	0.01512	0.05583	0.32093	0.01875	0.24188	0.02486	0.01524	0.01914	0.01263	0.20574	0.01250	0.01346	0.00891	0.00537	0.00515	0.00163	0.00657	0.00450	0.00347	0.00832
56	0.00689	0.00514	0.00738	0.00821	0.00877	0.00482	0.03591	0.00804	0.01047	0.01396	0.02877	0.74016	0.03417	0.01622	0.00686	0.00218	0.00344	0.04922	0.00489	0.00451
57	0.34714	0.01302	0.01563	0.02083	0.40026	0.08565	0.01165	0.01666	0.01127	0.01973	0.00888	0.01113	0.00728	0.00493	0.00448	0.00160	0.00580	0.00391	0.00293	0.00722
58	0.00865	0.00618	0.00865	0.00989	0.01112	0.00618	0.00865	0.01112	0.01236	0.01606	0.02842	0.06055	0.03089	0.01483	0.00741	0.00247	0.00494	0.74174	0.00494	0.00494
59	0.68408	0.04240	0.00842	0.00703	0.00990	0.01131	0.00563	0.01453	0.00912	0.02164	0.00953	0.04864	0.00873	0.09370	0.00612	0.00205	0.00428	0.00401	0.00335	0.00551
60	0.01898	0.00878	0.01067	0.00855	0.01180	0.00839	0.00694	0.14127	0.01566	0.41640	0.01866	0.01795	0.01276	0.00649	0.00487	0.00152	0.00413	0.00518	0.27319	0.00781
61	0.00769	0.00568	0.00827	0.00827	0.00910	0.00651	0.00626	0.00935	0.00852	0.01219	0.01471	0.02291	0.01421	0.14042	0.69100	0.00818	0.01319	0.00602	0.00292	0.00459
62	0.00704	0.00483	0.00614	0.00716	0.00772	0.00453	0.00495	0.00827	0.01062	0.01463	0.02967	0.62921	0.08032	0.01524	0.00647	0.00206	0.00310	0.04743	0.10614	0.00448
63	0.11419	0.01243	0.01390	0.01077	0.01491	0.01304	0.00890	0.41750	0.01995	0.29710	0.01521	0.01433	0.01023	0.00635	0.00515	0.00163	0.00524	0.00482	0.00559	0.00876
64	0.00760	0.00549	0.00718	0.00675	0.00802	0.00506	0.00506	0.01013	0.01519	0.02153	0.77503	0.04010	0.05065	0.01097	0.00633	0.00169	0.00253	0.00971	0.00591	0.00506
65	0.34584	0.01035	0.00999	0.00847	0.01173	0.06204	0.00681	0.04943	0.01265	0.29037	0.01483	0.06470	0.01122	0.00653	0.00450	0.00164	0.00454	0.00487	0.07251	0.00699
66	0.01330	0.01400	0.02566	0.02784	0.43282	0.04484	0.32685	0.01698	0.01253	0.01721	0.01034	0.01364	0.00829	0.00471	0.00572	0.00168	0.00763	0.00538	0.00269	0.00788
67	0.84927	0.01038	0.00789	0.00706	0.01038	0.01204	0.00581	0.01578	0.00914	0.02408	0.00747	0.00872	0.00581	0.00498	0.00332	0.00166	0.00415	0.00291	0.00332	0.00581
68	0.04939	0.01487	0.01582	0.01217	0.01643	0.01649	0.01005	0.73394	0.02468	0.03349	0.01270	0.01274	0.00901	0.00639	0.00530	0.00161	0.00585	0.00477	0.00530	0.00901
69	0.01049	0.00935	0.01436	0.04336	0.20698	0.03988	0.07987	0.01318	0.01227	0.01623	0.03411	0.10861	0.02215	0.01076	0.00654	0.00208	0.00574	0.35394	0.00401	0.00609
70	0.00869	0.00639	0.00876	0.00846	0.00952	0.00724	0.00641	0.06835	0.00980	0.01380	0.01468	0.02277	0.01409	0.16528	0.60202	0.00751	0.01219	0.00602	0.00313	0.00488
71	0.01113	0.00954	0.01113	0.00795	0.01272	0.00716	0.00636	0.01352	0.01113	0.01749	0.00954	0.01113	0.00795	0.00398	0.00398	0.00080	0.00398	0.00318	0.00318	0.84417
72	0.01548	0.01350	0.01303	0.01034	0.01406	0.17899	0.00822	0.05669	0.01307	0.12627	0.01085	0.01199	0.00846	0.00539	0.00587	0.00125	0.08898	0.00380	0.00362	0.41014
73	0.01195	0.01222	0.02319	0.09929	0.29260	0.01215	0.31133	0.01552	0.01237	0.01706	0.06875	0.01761	0.04755	0.00573	0.00618	0.00174	0.02846	0.00607	0.00300	0.00724
74	0.00781	0.00520	0.00585	0.00585	0.00585	0.00520	0.00325	0.00781	0.00781	0.01041	0.01691	0.03513	0.01952	0.81135	0.02732	0.00520	0.00520	0.00781	0.00325	0.00325
75	0.00665	0.00533	0.00594	0.00605	0.00750	0.00462	0.00444	0.00819	0.01256	0.01590	0.20663	0.17095	0.49927	0.01355	0.00642	0.00184	0.00274	0.01161	0.00518	0.00462
76	0.01174	0.01174	0.01644	0.01409	0.01409	0.01644	0.01174	0.01292	0.00822	0.01292	0.00705	0.01174	0.00705	0.00940	0.01762	0.00235	0.80153	0.00470	0.00235	0.00587
77	0.01209	0.00610	0.00818	0.00808	0.00965	0.00548	0.00588	0.01339	0.01193	0.25672	0.02750	0.54037	0.04571	0.01352	0.00638	0.00201	0.00357	0.01205	0.00551	0.00588
78	0.01230	0.01061	0.01157	0.01042	0.01301	0.01225	0.00813	0.02456	0.60267	0.02138	0.10474	0.02312	0.05390	0.00811	0.00638	0.00184	0.05533	0.00662	0.00529	0.00777
79	0.00767	0.00575	0.00863	0.00863	0.00959	0.00671	0.00671	0.00959	0.00863	0.01246	0.01438	0.02109	0.01342	0.04026	0.79008	0.00863	0.01438	0.00575	0.00288	0.00479
80	0.01295	0.01212	0.01992	0.19448	0.55325	0.01278	0.01552	0.05083	0.04339	0.01768	0.01059	0.01376	0.00857	0.00509	0.00533	0.00165	0.00643	0.00484	0.00284	0.00799
81	0.33679	0.01085	0.01082	0.00845	0.01256	0.01078	0.00689	0.14987	0.01305	0.04782	0.00973	0.01075	0.00751	0.00490	0.00402	0.00131	0.00441	0.00345	0.00374	0.34228
82	0.01458	0.10839	0.18743	0.01900	0.27546	0.02434	0.01377	0.12288	0.01415	0.08680	0.04647	0.01382	0.01037	0.00550	0.00506	0.00155	0.00621	0.00460	0.00344	0.03619

[dist]
# distance from previous block
# <min> <max>
2	27

[block]
# block no. 12 follows, 45 sequences, length 22
# corresponding to MSA columns:
# 1080-1101
name=unknown_M
#
# <colnr> <probs for GDERKNQSTAVLIFYWHMCP>
#	G	D	E	R	K	N	Q	S	T	A	V	L	I	F	Y	W	H	M	C	P
0	0.01215	0.01142	0.01859	0.05570	0.55925	0.01181	0.01410	0.01555	0.04852	0.01703	0.03139	0.08212	0.03794	0.00665	0.00624	0.00172	0.05296	0.00605	0.00311	0.00769
1	0.01342	0.01196	0.01952	0.13284	0.53757	0.01261	0.01496	0.01724	0.06004	0.06301	0.01125	0.01406	0.00902	0.00541	0.00607	0.00168	0.05338	0.00489	0.00302	0.00804
2	0.01248	0.01184	0.01963	0.22836	0.53234	0.01258	0.01550	0.01663	0.06614	0.01691	0.01080	0.01403	0.00872	0.00511	0.00534	0.00166	0.00642	0.00487	0.00279	0.00785
3	0.00659	0.00519	0.00596	0.00632	0.00754	0.00455	0.00453	0.00798	0.01201	0.01527	0.15217	0.30380	0.42045	0.01429	0.00651	0.00192	0.00282	0.01241	0.00512	0.00455
4	0.02215	0.00871	0.01184	0.00922	0.01304	0.00756	0.00756	0.02428	0.01534	0.69250	0.10953	0.02083	0.01767	0.00715	0.00551	0.00166	0.00433	0.00590	0.00656	0.00866
5	0.00710	0.00494	0.00621	0.00701	0.00725	0.00475	0.00454	0.00777	0.00949	0.01263	0.02497	0.49350	0.02953	0.30265	0.01425	0.00328	0.00396	0.04783	0.00436	0.00399
6	0.00740	0.00548	0.00690	0.00655	0.00790	0.00498	0.00491	0.00975	0.01473	0.02042	0.66183	0.04191	0.16454	0.01139	0.00633	0.00171	0.00256	0.00996	0.00576	0.00498
7	0.84927	0.01038	0.00789	0.00706	0.01038	0.01204	0.00581	0.01578	0.00914	0.02408	0.00747	0.00872	0.00581	0.00498	0.00332	0.00166	0.00415	0.00291	0.00332	0.00581
8	0.01329	0.01275	0.02179	0.03295	0.77787	0.01275	0.01647	0.01647	0.01222	0.01754	0.01010	0.01329	0.00850	0.00478	0.00531	0.00159	0.00638	0.00478	0.00266	0.00850
9	0.84927	0.01038	0.00789	0.00706	0.01038	0.01204	0.00581	0.01578	0.00914	0.02408	0.00747	0.00872	0.00581	0.00498	0.00332	0.00166	0.00415	0.00291	0.00332	0.00581
10	0.00646	0.00534	0.00567	0.00579	0.00738	0.00455	0.00427	0.00786	0.01221	0.01493	0.10576	0.14612	0.62753	0.01380	0.00641	0.00185	0.00275	0.01170	0.00505	0.00455
11	0.01144	0.00863	0.00948	0.00912	0.01129	0.00958	0.00727	0.02049	0.40303	0.02042	0.02211	0.02879	0.01882	0.00864	0.00543	0.00181	0.00393	0.16495	0.22796	0.00680
12	0.00792	0.00533	0.00622	0.00638	0.00654	0.00533	0.00396	0.00824	0.00840	0.01115	0.01842	0.03846	0.02101	0.70700	0.02471	0.00485	0.00517	0.10396	0.00347	0.00347
13	0.01435	0.81458	0.02813	0.00918	0.01378	0.02124	0.00918	0.01607	0.01091	0.01263	0.00746	0.00861	0.00689	0.00459	0.00344	0.00115	0.00574	0.00287	0.00230	0.00689
14	0.01996	0.01340	0.01481	0.01161	0.01568	0.01453	0.00951	0.51000	0.14140	0.16840	0.01582	0.01500	0.01104	0.00661	0.00539	0.00165	0.00540	0.00513	0.00562	0.00903
15	0.84927	0.01038	0.00789	0.00706	0.01038	0.01204	0.00581	0.01578	0.00914	0.02408	0.00747	0.00872	0.00581	0.00498	0.00332	0.00166	0.00415	0.00291	0.00332	0.00581
16	0.84927	0.01038	0.00789	0.00706	0.01038	0.01204	0.00581	0.01578	0.00914	0.02408	0.00747	0.00872	0.00581	0.00498	0.00332	0.00166	0.00415	0.00291	0.00332	0.00581
17	0.00752	0.00565	0.00830	0.00841	0.00934	0.00643	0.00646	0.00933	0.00890	0.01264	0.01715	0.09135	0.04266	0.03724	0.69315	0.00782	0.01297	0.00679	0.00314	0.00475
18	0.02005	0.02558	0.01521	0.01383	0.01659	0.78980	0.01037	0.02143	0.01521	0.01314	0.00830	0.00968	0.00691	0.00553	0.00484	0.00138	0.00968	0.00346	0.00277	0.00622
