[name]
unknown

[dist]
# distance from previous block
# <min> <max>
0	2

[block]
# block no. 0 follows, 43 sequences, length 46
# corresponding to MSA columns:
# 568-613
name=unknown_A
#
# <colnr> <probs for GDERKNQSTAVLIFYWHMCP>
#	G	D	E	R	K	N	Q	S	T	A	V	L	I	F	Y	W	H	M	C	P
0	0.01991	0.01376	0.01528	0.01214	0.01616	0.01492	0.01009	0.58712	0.02336	0.10641	0.01616	0.02001	0.01266	0.00775	0.00581	0.00178	0.00583	0.09636	0.00562	0.00888
1	0.00731	0.00556	0.00672	0.00660	0.00799	0.00497	0.00488	0.00936	0.01418	0.01904	0.46212	0.12014	0.28537	0.01280	0.00659	0.00183	0.00273	0.01113	0.00569	0.00497
2	0.01678	0.01678	0.01705	0.01425	0.01647	0.21216	0.04031	0.21481	0.03475	0.01961	0.00977	0.01222	0.00811	0.00760	0.01063	0.00193	0.33145	0.00466	0.00347	0.00718
3	0.00776	0.00612	0.00712	0.00731	0.00878	0.00578	0.00546	0.01081	0.08646	0.01721	0.19208	0.22340	0.31589	0.01370	0.00666	0.00199	0.00320	0.06970	0.00539	0.00518
4	0.00694	0.00496	0.00659	0.00758	0.00807	0.00462	0.00516	0.00818	0.01148	0.01553	0.15742	0.67089	0.03932	0.01631	0.00698	0.00216	0.00311	0.01476	0.00531	0.00462
5	0.02069	0.02640	0.01569	0.01427	0.01712	0.78313	0.01070	0.02212	0.01569	0.01355	0.00856	0.00999	0.00713	0.00571	0.00499	0.00143	0.00999	0.00357	0.00285	0.00642
6	0.01607	0.01209	0.01674	0.09937	0.26523	0.02833	0.01187	0.13019	0.01488	0.15034	0.01260	0.01407	0.00941	0.00542	0.00520	0.00149	0.00579	0.00466	0.00397	0.19228
7	0.01285	0.01246	0.02177	0.22297	0.53183	0.01301	0.07154	0.01634	0.01226	0.01708	0.01033	0.01406	0.00840	0.00507	0.00558	0.00171	0.00699	0.00505	0.00268	0.00802
8	0.02485	0.00943	0.01285	0.00985	0.01414	0.00814	0.00814	0.02699	0.01585	0.77465	0.02185	0.01885	0.01371	0.00685	0.00557	0.00171	0.00471	0.00557	0.00685	0.00943
9	0.01481	0.80869	0.02902	0.00948	0.01421	0.02191	0.00948	0.01658	0.01125	0.01303	0.00770	0.00888	0.00711	0.00474	0.00355	0.00118	0.00592	0.00296	0.00237	0.00711
10	0.01531	0.01137	0.01259	0.01040	0.01347	0.01220	0.00829	0.42409	0.05801	0.02813	0.19800	0.10023	0.06523	0.00927	0.00599	0.00176	0.00471	0.00769	0.00562	0.00763
11	0.00674	0.00486	0.00639	0.00761	0.00801	0.00451	0.00509	0.00772	0.01070	0.01418	0.03180	0.76435	0.07320	0.01718	0.00704	0.00223	0.00319	0.01554	0.00514	0.00451
12	0.01099	0.01089	0.01991	0.63448	0.03626	0.01265	0.16611	0.01489	0.01148	0.01489	0.01012	0.01480	0.00759	0.00536	0.00574	0.00185	0.00778	0.00525	0.00253	0.00642
13	0.02002	0.01321	0.01644	0.09138	0.11095	0.01404	0.01123	0.41554	0.02048	0.20818	0.01465	0.01482	0.01017	0.00638	0.00554	0.00169	0.00595	0.00511	0.00521	0.00902
14	0.01465	0.01290	0.08762	0.01121	0.01485	0.01230	0.00974	0.17618	0.32526	0.07872	0.08058	0.02453	0.05627	0.00828	0.00584	0.00185	0.00497	0.06077	0.00535	0.00813
15	0.02129	0.01532	0.01553	0.01252	0.01632	0.25236	0.08198	0.05096	0.01590	0.39100	0.05810	0.01673	0.01312	0.00652	0.00554	0.00164	0.00676	0.00526	0.00511	0.00805
16	0.01886	0.00810	0.01094	0.00884	0.01207	0.00711	0.00711	0.02117	0.01579	0.50992	0.28433	0.02677	0.02727	0.00843	0.00591	0.00172	0.00397	0.00713	0.00659	0.00795
17	0.00710	0.00499	0.00641	0.00742	0.00769	0.00475	0.00486	0.00790	0.01010	0.01346	0.02760	0.61072	0.03284	0.19153	0.01176	0.00295	0.00375	0.03517	0.00475	0.00426
18	0.01641	0.00960	0.08568	0.00979	0.01294	0.00730	0.00847	0.01863	0.01351	0.39474	0.02406	0.27064	0.02186	0.01074	0.00619	0.00196	0.00461	0.06979	0.00572	0.00737
19	0.01813	0.01093	0.01265	0.01071	0.01430	0.01156	0.00852	0.02847	0.46788	0.31866	0.02227	0.01995	0.01565	0.00725	0.00561	0.00181	0.00451	0.00599	0.00611	0.00903
20	0.02038	0.02460	0.01563	0.01397	0.01699	0.66927	0.01059	0.09438	0.05395	0.01614	0.00973	0.01085	0.00785	0.00589	0.00508	0.00147	0.00932	0.00384	0.00326	0.00683
21	0.00783	0.00550	0.00599	0.00627	0.00767	0.00501	0.00472	0.00952	0.01194	0.01619	0.03923	0.11930	0.38900	0.05703	0.00730	0.00204	0.00320	0.09408	0.20342	0.00475
22	0.01663	0.01913	0.01534	0.01356	0.01541	0.41724	0.01062	0.05458	0.01385	0.01540	0.08313	0.01394	0.01174	0.00761	0.00949	0.00180	0.26635	0.00469	0.00317	0.00633
23	0.02485	0.00943	0.01285	0.00985	0.01414	0.00814	0.00814	0.02699	0.01585	0.77465	0.02185	0.01885	0.01371	0.00685	0.00557	0.00171	0.00471	0.00557	0.00685	0.00943
24	0.02351	0.01157	0.01418	0.01087	0.01521	0.01132	0.00898	0.28220	0.01944	0.51438	0.01884	0.01690	0.01220	0.00678	0.00556	0.00170	0.00520	0.00536	0.00639	0.00942
25	0.01339	0.01283	0.02190	0.10863	0.69868	0.01307	0.01684	0.01672	0.01246	0.01771	0.01036	0.01381	0.00864	0.00499	0.00549	0.00166	0.00666	0.00493	0.00271	0.00851
26	0.67569	0.01169	0.00988	0.00840	0.01204	0.01340	0.00693	0.16716	0.01283	0.02691	0.00886	0.00988	0.00670	0.00545	0.00386	0.00170	0.00466	0.00341	0.00386	0.00670
27	0.00751	0.00537	0.00731	0.00859	0.00924	0.00516	0.00647	0.00904	0.01136	0.01500	0.03010	0.54165	0.03496	0.01663	0.00727	0.00235	0.00388	0.26829	0.00513	0.00471
28	0.01014	0.00934	0.01760	0.01393	0.01662	0.00937	0.29869	0.01296	0.01063	0.01508	0.01399	0.02088	0.01255	0.12378	0.32130	0.00511	0.01052	0.00639	0.06535	0.00575
29	0.01300	0.35914	0.36557	0.01533	0.11142	0.01676	0.01536	0.01707	0.01162	0.01569	0.00904	0.01074	0.00727	0.00500	0.00456	0.00150	0.00702	0.00371	0.00240	0.00780
30	0.00693	0.00563	0.00614	0.00601	0.00771	0.00484	0.00451	0.00869	0.01352	0.01710	0.26591	0.04978	0.55743	0.01323	0.00654	0.00183	0.00275	0.01120	0.00542	0.00484
31	0.00708	0.00552	0.00648	0.00681	0.00816	0.00491	0.00509	0.00874	0.01279	0.01638	0.19018	0.22158	0.38659	0.01436	0.00677	0.00200	0.00309	0.08334	0.00533	0.00479
32	0.01480	0.01279	0.02153	0.03162	0.69632	0.01266	0.01612	0.01798	0.01293	0.09258	0.01154	0.01421	0.00926	0.00512	0.00549	0.00165	0.00640	0.00500	0.00315	0.00884
33	0.01911	0.01455	0.01553	0.01235	0.01644	0.01627	0.01006	0.55950	0.22205	0.03177	0.01576	0.01526	0.01142	0.00688	0.00557	0.00172	0.00564	0.00533	0.00557	0.00924
34	0.02069	0.02640	0.01569	0.01427	0.01712	0.78313	0.01070	0.02212	0.01569	0.01355	0.00856	0.00999	0.00713	0.00571	0.00499	0.00143	0.00999	0.00357	0.00285	0.00642
35	0.00688	0.00487	0.00639	0.00755	0.00783	0.00458	0.00496	0.00775	0.01035	0.01380	0.02923	0.72567	0.03499	0.09567	0.00917	0.00256	0.00343	0.01498	0.00496	0.00438
36	0.84448	0.01071	0.00814	0.00728	0.01071	0.01242	0.00600	0.01628	0.00943	0.02485	0.00771	0.00900	0.00600	0.00514	0.00343	0.00171	0.00428	0.00300	0.00343	0.00600
37	0.01148	0.00984	0.01148	0.00820	0.01312	0.00738	0.00656	0.01395	0.01148	0.01805	0.00984	0.01148	0.00820	0.00410	0.00410	0.00082	0.00410	0.00328	0.00328	0.83922
38	0.01310	0.01245	0.02059	0.18403	0.52764	0.01347	0.01601	0.03613	0.01226	0.01729	0.01007	0.01375	0.00836	0.00558	0.00676	0.00176	0.08511	0.00492	0.00273	0.00799
39	0.84448	0.01071	0.00814	0.00728	0.01071	0.01242	0.00600	0.01628	0.00943	0.02485	0.00771	0.00900	0.00600	0.00514	0.00343	0.00171	0.00428	0.00300	0.00343	0.00600
40	0.01634	0.01317	0.01396	0.01179	0.01538	0.01497	0.00939	0.28378	0.50229	0.02730	0.01929	0.01807	0.01427	0.00721	0.00560	0.00180	0.00499	0.00581	0.00560	0.00900
41	0.00863	0.00634	0.00965	0.00903	0.01033	0.00650	0.07883	0.01068	0.01056	0.01558	0.05438	0.21594	0.02114	0.06147	0.28054	0.00449	0.00785	0.00856	0.17444	0.00506
42	0.01371	0.01316	0.02248	0.03399	0.77081	0.01316	0.01700	0.01700	0.01261	0.01809	0.01042	0.01371	0.00877	0.00493	0.00548	0.00164	0.00658	0.00493	0.00274	0.00877
43	0.00892	0.00637	0.00892	0.01020	0.01147	0.00637	0.00892	0.01147	0.01275	0.01657	0.02932	0.06247	0.03187	0.01530	0.00765	0.00255	0.00510	0.73354	0.00510	0.00510
44	0.00675	0.00482	0.00643	0.00771	0.00803	0.00450	0.00514	0.00771	0.01060	0.01414	0.03053	0.80175	0.03663	0.01735	0.00707	0.00225	0.00321	0.01574	0.00514	0.00450
45	0.00784	0.00566	0.00740	0.00697	0.00827	0.00523	0.00523	0.01045	0.01568	0.02221	0.76789	0.04137	0.05226	0.01132	0.00653	0.00174	0.00261	0.01002	0.00610	0.00523

[dist]
# distance from previous block
# <min> <max>
0	23

[block]
# block no. 1 follows, 43 sequences, length 61
# corresponding to MSA columns:
# 637-697
name=unknown_B
#
# <colnr> <probs for GDERKNQSTAVLIFYWHMCP>
#	G	D	E	R	K	N	Q	S	T	A	V	L	I	F	Y	W	H	M	C	P
0	0.30527	0.01613	0.01350	0.01118	0.01493	0.17566	0.00900	0.34557	0.01814	0.02697	0.01038	0.01112	0.00776	0.00593	0.00470	0.00163	0.00628	0.00400	0.00425	0.00761
1	0.56299	0.01143	0.01047	0.00871	0.01246	0.01267	0.00719	0.15774	0.01356	0.14117	0.01093	0.01132	0.00782	0.00569	0.00416	0.00170	0.00469	0.00377	0.00435	0.00717
2	0.13352	0.01210	0.01377	0.01070	0.01493	0.01243	0.00883	0.32388	0.01918	0.36956	0.01643	0.01524	0.01091	0.00654	0.00527	0.00169	0.00522	0.00498	0.00585	0.00896
3	0.84448	0.01071	0.00814	0.00728	0.01071	0.01242	0.00600	0.01628	0.00943	0.02485	0.00771	0.00900	0.00600	0.00514	0.00343	0.00171	0.00428	0.00300	0.00343	0.00600
4	0.04971	0.01488	0.02112	0.01602	0.02035	0.13735	0.29075	0.07311	0.01491	0.24743	0.01383	0.01485	0.00973	0.00589	0.00635	0.00176	0.04438	0.00544	0.00424	0.00791
5	0.00656	0.00556	0.00566	0.00574	0.00752	0.00466	0.00427	0.00793	0.01250	0.01491	0.05449	0.10052	0.72239	0.01424	0.00658	0.00189	0.00283	0.01194	0.00514	0.00466
6	0.01371	0.01316	0.02248	0.03399	0.77081	0.01316	0.01700	0.01700	0.01261	0.01809	0.01042	0.01371	0.00877	0.00493	0.00548	0.00164	0.00658	0.00493	0.00274	0.00877
7	0.00673	0.00557	0.00590	0.00593	0.00762	0.00474	0.00440	0.00827	0.01291	0.01588	0.15022	0.09892	0.62605	0.01387	0.00658	0.00188	0.00281	0.01172	0.00527	0.00474
8	0.01378	0.01190	0.01252	0.01127	0.01440	0.01378	0.00877	0.02943	0.76081	0.02317	0.02254	0.02066	0.01691	0.00751	0.00564	0.00188	0.00438	0.00626	0.00564	0.00877
9	0.01371	0.01316	0.02248	0.03399	0.77081	0.01316	0.01700	0.01700	0.01261	0.01809	0.01042	0.01371	0.00877	0.00493	0.00548	0.00164	0.00658	0.00493	0.00274	0.00877
10	0.01481	0.80869	0.02902	0.00948	0.01421	0.02191	0.00948	0.01658	0.01125	0.01303	0.00770	0.00888	0.00711	0.00474	0.00355	0.00118	0.00592	0.00296	0.00237	0.00711
11	0.84448	0.01071	0.00814	0.00728	0.01071	0.01242	0.00600	0.01628	0.00943	0.02485	0.00771	0.00900	0.00600	0.00514	0.00343	0.00171	0.00428	0.00300	0.00343	0.00600
12	0.01755	0.01754	0.01262	0.01113	0.01383	0.38192	0.00855	0.17191	0.01659	0.02022	0.01250	0.01398	0.00980	0.00613	0.00476	0.00143	0.00688	0.00436	0.26164	0.00666
13	0.00773	0.00566	0.00725	0.00685	0.00821	0.00518	0.00514	0.01024	0.01542	0.02160	0.70826	0.04237	0.11227	0.01155	0.00653	0.00175	0.00263	0.01016	0.00602	0.00518
14	0.00675	0.00482	0.00643	0.00771	0.00803	0.00450	0.00514	0.00771	0.01060	0.01414	0.03053	0.80175	0.03663	0.01735	0.00707	0.00225	0.00321	0.01574	0.00514	0.00450
15	0.00675	0.00482	0.00643	0.00771	0.00803	0.00450	0.00514	0.00771	0.01060	0.01414	0.03053	0.80175	0.03663	0.01735	0.00707	0.00225	0.00321	0.01574	0.00514	0.00450
16	0.04179	0.02056	0.01635	0.01522	0.06908	0.43477	0.01123	0.15229	0.01591	0.01801	0.00930	0.01119	0.00765	0.00651	0.00740	0.00167	0.14662	0.00413	0.00327	0.00705
17	0.01111	0.02865	0.77667	0.01579	0.02397	0.01286	0.02046	0.01754	0.01169	0.01754	0.00994	0.01169	0.00702	0.00526	0.00526	0.00175	0.00818	0.00409	0.00234	0.00818
18	0.00892	0.00637	0.00892	0.01020	0.01147	0.00637	0.00892	0.01147	0.01275	0.01657	0.02932	0.06247	0.03187	0.01530	0.00765	0.00255	0.00510	0.73354	0.00510	0.00510
19	0.01043	0.00943	0.01685	0.01458	0.01710	0.00948	0.23902	0.01355	0.01255	0.01671	0.02217	0.04423	0.02288	0.01161	0.00804	0.00233	0.06153	0.45740	0.00420	0.00590
20	0.00655	0.00561	0.00561	0.00561	0.00748	0.00468	0.00421	0.00795	0.01262	0.01496	0.05610	0.05330	0.76857	0.01403	0.00655	0.00187	0.00281	0.01169	0.00514	0.00468
21	0.01298	0.01476	0.03212	0.05030	0.02927	0.01395	0.72491	0.01761	0.01300	0.01761	0.01116	0.01493	0.00837	0.00470	0.00650	0.00187	0.00927	0.00648	0.00279	0.00742
22	0.01212	0.01212	0.01696	0.01454	0.01454	0.01696	0.01212	0.01333	0.00848	0.01333	0.00727	0.01212	0.00727	0.00969	0.01818	0.00242	0.79523	0.00485	0.00242	0.00606
23	0.01148	0.00984	0.01148	0.00820	0.01312	0.00738	0.00656	0.01395	0.01148	0.01805	0.00984	0.01148	0.00820	0.00410	0.00410	0.00082	0.00410	0.00328	0.00328	0.83922
24	0.01378	0.01190	0.01252	0.01127	0.01440	0.01378	0.00877	0.02943	0.76081	0.02317	0.02254	0.02066	0.01691	0.00751	0.00564	0.00188	0.00438	0.00626	0.00564	0.00877
25	0.02485	0.00943	0.01285	0.00985	0.01414	0.00814	0.00814	0.02699	0.01585	0.77465	0.02185	0.01885	0.01371	0.00685	0.00557	0.00171	0.00471	0.00557	0.00685	0.00943
26	0.01774	0.01224	0.01385	0.01161	0.01514	0.01323	0.00960	0.38511	0.14724	0.12000	0.01927	0.02551	0.01592	0.00863	0.00600	0.00189	0.00542	0.15758	0.00563	0.00841
27	0.00817	0.00608	0.00790	0.00875	0.01015	0.00581	0.00737	0.01037	0.01280	0.01638	0.07631	0.08439	0.22449	0.01482	0.00728	0.00232	0.00430	0.48217	0.00517	0.00498
28	0.00667	0.00512	0.00612	0.00691	0.00782	0.00457	0.00479	0.00780	0.01137	0.01445	0.04024	0.51759	0.31452	0.01609	0.00687	0.00211	0.00306	0.01420	0.00514	0.00457
29	0.10032	0.01021	0.01156	0.00926	0.01277	0.01035	0.00755	0.22454	0.01703	0.31130	0.01716	0.01678	0.01188	0.00653	0.00494	0.00160	0.00454	0.00506	0.20859	0.00805
30	0.01046	0.00984	0.01661	0.79205	0.03814	0.01230	0.01538	0.01415	0.01107	0.01415	0.00984	0.01477	0.00738	0.00554	0.00554	0.00185	0.00738	0.00492	0.00246	0.00615
31	0.01796	0.00799	0.01013	0.00826	0.01163	0.00684	0.00666	0.01983	0.01464	0.48884	0.03474	0.03181	0.29770	0.00955	0.00594	0.00177	0.00400	0.00787	0.00621	0.00764
32	0.01938	0.00782	0.00996	0.00809	0.01125	0.00702	0.00653	0.02169	0.01426	0.49098	0.02043	0.01953	0.01389	0.00670	0.00493	0.00155	0.00391	0.00542	0.31884	0.00782
33	0.01824	0.01368	0.01472	0.01198	0.01586	0.01528	0.00967	0.41325	0.33022	0.07009	0.01759	0.01665	0.01276	0.00702	0.00558	0.00175	0.00531	0.00555	0.00565	0.00915
34	0.02342	0.01172	0.01427	0.01094	0.01528	0.01154	0.00904	0.29988	0.01968	0.49634	0.01863	0.01676	0.01210	0.00678	0.00556	0.00169	0.00523	0.00535	0.00636	0.00942
35	0.00955	0.00930	0.01663	0.01340	0.01652	0.00858	0.28868	0.01243	0.01277	0.01635	0.03255	0.06024	0.30024	0.01084	0.00680	0.00203	0.00580	0.16724	0.00424	0.00582
36	0.01481	0.80869	0.02902	0.00948	0.01421	0.02191	0.00948	0.01658	0.01125	0.01303	0.00770	0.00888	0.00711	0.00474	0.00355	0.00118	0.00592	0.00296	0.00237	0.00711
37	0.01138	0.13196	0.62245	0.01432	0.02156	0.01355	0.01792	0.01692	0.01191	0.01726	0.06252	0.01339	0.01018	0.00561	0.00512	0.00168	0.00749	0.00435	0.00260	0.00783
38	0.01196	0.01129	0.01007	0.00915	0.01155	0.13853	0.00701	0.08070	0.17076	0.01966	0.18190	0.03329	0.27200	0.01008	0.00600	0.00175	0.00459	0.00827	0.00509	0.00635
39	0.01170	0.00929	0.01042	0.00983	0.01195	0.01015	0.00739	0.11716	0.32776	0.02128	0.07630	0.31498	0.02579	0.01136	0.00622	0.00198	0.00405	0.00992	0.00547	0.00700
40	0.84448	0.01071	0.00814	0.00728	0.01071	0.01242	0.00600	0.01628	0.00943	0.02485	0.00771	0.00900	0.00600	0.00514	0.00343	0.00171	0.00428	0.00300	0.00343	0.00600
41	0.01481	0.80869	0.02902	0.00948	0.01421	0.02191	0.00948	0.01658	0.01125	0.01303	0.00770	0.00888	0.00711	0.00474	0.00355	0.00118	0.00592	0.00296	0.00237	0.00711
42	0.84448	0.01071	0.00814	0.00728	0.01071	0.01242	0.00600	0.01628	0.00943	0.02485	0.00771	0.00900	0.00600	0.00514	0.00343	0.00171	0.00428	0.00300	0.00343	0.00600
43	0.01627	0.01279	0.01355	0.01140	0.01489	0.01445	0.00909	0.30025	0.43211	0.02741	0.01875	0.01789	0.01390	0.00711	0.00548	0.00176	0.00490	0.00571	0.06354	0.00876
44	0.01639	0.01320	0.01399	0.01180	0.01540	0.01500	0.00940	0.28895	0.49704	0.02738	0.01922	0.01802	0.01422	0.00720	0.00560	0.00180	0.00500	0.00580	0.00560	0.00900
45	0.02105	0.01551	0.01662	0.01274	0.01717	0.01717	0.01053	0.75235	0.02604	0.03490	0.01330	0.01330	0.00942	0.00665	0.00554	0.00166	0.00609	0.00499	0.00554	0.00942
46	0.01856	0.07637	0.01527	0.01245	0.01553	0.51263	0.00963	0.10201	0.01614	0.04230	0.01588	0.01641	0.11002	0.00690	0.00518	0.00151	0.00812	0.00485	0.00357	0.00667
47	0.00734	0.00534	0.00691	0.00715	0.00813	0.00491	0.00512	0.00925	0.01356	0.01867	0.44082	0.32827	0.09635	0.01378	0.00674	0.00194	0.00285	0.01229	0.00567	0.00491
48	0.00692	0.00545	0.00628	0.00671	0.00804	0.00482	0.00496	0.00841	0.01235	0.01554	0.11371	0.26571	0.43251	0.01482	0.00678	0.00202	0.00309	0.07193	0.00523	0.00471
49	0.00725	0.00534	0.00644	0.00670	0.00759	0.00491	0.00461	0.00859	0.01200	0.01593	0.23935	0.27069	0.20779	0.16467	0.01081	0.00261	0.00336	0.01175	0.00507	0.00452
50	0.01611	0.00949	0.01098	0.00908	0.01233	0.00930	0.00728	0.17181	0.08975	0.25867	0.08279	0.03011	0.24974	0.00941	0.00594	0.00177	0.00423	0.00772	0.00588	0.00759
51	0.33022	0.01197	0.01145	0.00997	0.01340	0.01376	0.00797	0.12943	0.36882	0.02551	0.01557	0.01516	0.01168	0.00649	0.00478	0.00178	0.00459	0.00484	0.00478	0.00781
52	0.09731	0.02056	0.30388	0.01322	0.01874	0.07752	0.01364	0.31559	0.01761	0.02508	0.01125	0.01225	0.00815	0.00589	0.00512	0.00167	0.00691	0.00434	0.03303	0.00822
53	0.00700	0.00510	0.00666	0.00781	0.00841	0.00475	0.00552	0.00821	0.01108	0.01453	0.03296	0.63291	0.11011	0.01676	0.00709	0.00225	0.00341	0.10572	0.00514	0.00459
54	0.00728	0.00555	0.00682	0.00761	0.00878	0.00509	0.00584	0.00885	0.01196	0.01513	0.03981	0.31405	0.31067	0.01553	0.00703	0.00219	0.00359	0.21435	0.00513	0.00473
55	0.01068	0.00958	0.01585	0.22103	0.29464	0.01059	0.01279	0.01359	0.01082	0.01510	0.01193	0.01701	0.01032	0.01886	0.29817	0.00443	0.00989	0.00531	0.00275	0.00665
56	0.01211	0.01322	0.01682	0.01416	0.01673	0.19752	0.23755	0.01434	0.01261	0.01511	0.01918	0.36463	0.02068	0.01058	0.00640	0.00193	0.00676	0.00992	0.00386	0.00589
57	0.02231	0.01350	0.01538	0.01179	0.01617	0.01419	0.00974	0.51281	0.02268	0.27920	0.01612	0.01513	0.01084	0.00672	0.00555	0.00168	0.00564	0.00518	0.00597	0.00942
58	0.01137	0.08307	0.72451	0.01535	0.02329	0.01349	0.01970	0.01747	0.01166	0.01722	0.00978	0.01150	0.00702	0.00523	0.00514	0.00171	0.00803	0.00401	0.00234	0.00811
59	0.03527	0.05756	0.14231	0.31678	0.30943	0.01324	0.01623	0.01596	0.01172	0.01642	0.00990	0.01339	0.00779	0.00521	0.00531	0.00172	0.00704	0.00463	0.00257	0.00751
60	0.00856	0.00690	0.00891	0.00881	0.00956	0.03427	0.00657	0.01005	0.00969	0.01343	0.06913	0.13366	0.01991	0.14926	0.41433	0.00613	0.07478	0.00775	0.00350	0.00480

[dist]
# distance from previous block
# <min> <max>
0	1

[block]
# block no. 2 follows, 43 sequences, length 32
# corresponding to MSA columns:
# 699-730
name=unknown_C
#
# <colnr> <probs for GDERKNQSTAVLIFYWHMCP>
#	G	D	E	R	K	N	Q	S	T	A	V	L	I	F	Y	W	H	M	C	P
0	0.00694	0.00509	0.00651	0.00728	0.00801	0.00467	0.00503	0.00829	0.01189	0.01586	0.18160	0.55003	0.13701	0.01570	0.00689	0.00210	0.00304	0.01406	0.00533	0.00467
1	0.03669	0.00756	0.00972	0.00915	0.01078	0.00852	0.00708	0.06445	0.10483	0.04211	0.04692	0.02242	0.01572	0.08848	0.49230	0.00649	0.01103	0.00613	0.00378	0.00581
2	0.01144	0.02636	0.65279	0.01704	0.02480	0.01305	0.14205	0.01757	0.01192	0.01757	0.01015	0.01223	0.00725	0.00516	0.00547	0.00177	0.00838	0.00450	0.00242	0.00807
3	0.32392	0.01782	0.01315	0.01131	0.01478	0.30246	0.00893	0.20785	0.01605	0.02320	0.00947	0.01047	0.00730	0.00574	0.00456	0.00159	0.00689	0.00372	0.00376	0.00704
4	0.00746	0.00565	0.00688	0.00658	0.00804	0.00507	0.00493	0.00973	0.01479	0.02011	0.56212	0.04482	0.25934	0.01210	0.00654	0.00178	0.00267	0.01050	0.00582	0.00507
5	0.01212	0.01212	0.01696	0.01454	0.01454	0.01696	0.01212	0.01333	0.00848	0.01333	0.00727	0.01212	0.00727	0.00969	0.01818	0.00242	0.79523	0.00485	0.00242	0.00606
6	0.01148	0.00984	0.01148	0.00820	0.01312	0.00738	0.00656	0.01395	0.01148	0.01805	0.00984	0.01148	0.00820	0.00410	0.00410	0.00082	0.00410	0.00328	0.00328	0.83922
7	0.01179	0.01151	0.02044	0.46152	0.26329	0.01278	0.10808	0.01548	0.01180	0.01582	0.01019	0.01446	0.00794	0.00524	0.00565	0.00179	0.00738	0.00513	0.00259	0.00713
8	0.00738	0.00567	0.00706	0.06111	0.00969	0.00554	0.00534	0.00862	0.01077	0.01387	0.06324	0.24257	0.25993	0.18849	0.08266	0.00337	0.00488	0.01091	0.00441	0.00449
9	0.00669	0.00530	0.00602	0.00650	0.00774	0.00463	0.00462	0.00797	0.01197	0.01497	0.07882	0.34861	0.44619	0.01522	0.00675	0.00201	0.00296	0.01321	0.00519	0.00463
10	0.01333	0.00825	0.00889	0.00806	0.01040	0.00883	0.00625	0.02090	0.30096	0.10864	0.02023	0.02045	0.01518	0.00691	0.00475	0.00157	0.00352	0.00563	0.42021	0.00704
11	0.01360	0.26197	0.17279	0.09014	0.03800	0.01607	0.21422	0.04043	0.01235	0.04193	0.00999	0.01236	0.00781	0.00524	0.00568	0.00164	0.04094	0.00462	0.00275	0.00747
12	0.84448	0.01071	0.00814	0.00728	0.01071	0.01242	0.00600	0.01628	0.00943	0.02485	0.00771	0.00900	0.00600	0.00514	0.00343	0.00171	0.00428	0.00300	0.00343	0.00600
13	0.00777	0.00536	0.00601	0.00610	0.00636	0.00522	0.00359	0.00802	0.00880	0.01150	0.02320	0.09143	0.11512	0.65154	0.02401	0.00471	0.00490	0.00904	0.00370	0.00360
14	0.05326	0.71558	0.02704	0.00956	0.01417	0.02102	0.00933	0.04334	0.03798	0.01471	0.00842	0.00946	0.00748	0.00492	0.00369	0.00125	0.00580	0.00315	0.00265	0.00720
15	0.01001	0.00833	0.01212	0.01314	0.12523	0.00819	0.06891	0.03264	0.10023	0.03489	0.11434	0.29013	0.13606	0.01158	0.00641	0.00194	0.00434	0.01048	0.00481	0.00623
16	0.12441	0.00952	0.01165	0.00927	0.01299	0.00901	0.00757	0.08944	0.01585	0.48790	0.11944	0.02122	0.04224	0.00745	0.00546	0.00172	0.00444	0.00598	0.00615	0.00828
17	0.01052	0.00953	0.01565	0.33108	0.26022	0.01042	0.01299	0.01344	0.01184	0.01604	0.07575	0.17578	0.01738	0.00821	0.00591	0.00186	0.00590	0.00753	0.00339	0.00657
18	0.03981	0.01720	0.14677	0.01814	0.18511	0.11092	0.06162	0.13114	0.07979	0.13523	0.01329	0.01416	0.00971	0.00585	0.00543	0.00169	0.00686	0.00489	0.00400	0.00841
19	0.01199	0.01226	0.12157	0.07646	0.27569	0.00985	0.01226	0.01529	0.02563	0.09401	0.05938	0.02632	0.22004	0.00806	0.00581	0.00175	0.00542	0.00700	0.00395	0.00727
20	0.01105	0.00626	0.00789	0.00791	0.00939	0.00591	0.00575	0.01349	0.06132	0.15760	0.06809	0.43844	0.06288	0.01301	0.00627	0.00197	0.00344	0.01150	0.10200	0.00582
21	0.00822	0.00557	0.00706	0.00778	0.00864	0.00526	0.00547	0.00989	0.03909	0.05595	0.03164	0.53833	0.11610	0.07216	0.00842	0.00241	0.00358	0.06439	0.00512	0.00491
22	0.01346	0.24002	0.29185	0.07019	0.12708	0.09198	0.01514	0.01718	0.01188	0.01550	0.00909	0.01127	0.00734	0.00538	0.00554	0.00159	0.05156	0.00395	0.00247	0.00754
23	0.03787	0.00583	0.00687	0.00715	0.00821	0.00563	0.00505	0.03095	0.02709	0.01733	0.18404	0.35668	0.12443	0.08001	0.00820	0.00224	0.00331	0.01159	0.07261	0.00491
24	0.00683	0.00497	0.00646	0.00762	0.00814	0.00460	0.00522	0.00791	0.01090	0.01433	0.03302	0.69326	0.10934	0.01693	0.00704	0.00223	0.00326	0.04826	0.00514	0.00454
25	0.01526	0.41210	0.15727	0.01100	0.01621	0.06556	0.01114	0.06851	0.01299	0.06994	0.00980	0.01078	0.00785	0.00510	0.00430	0.00133	0.00629	0.00357	0.00304	0.10797
26	0.03639	0.08981	0.28446	0.01607	0.09563	0.01476	0.06958	0.16180	0.13800	0.02170	0.01255	0.01361	0.00937	0.00577	0.00529	0.00170	0.00677	0.00476	0.00361	0.00837
27	0.00791	0.00568	0.00750	0.00845	0.00933	0.00549	0.00658	0.00960	0.01171	0.01536	0.07088	0.29094	0.08571	0.10293	0.00960	0.00267	0.00423	0.33578	0.00498	0.00469
28	0.04548	0.01231	0.01993	0.18590	0.44351	0.01286	0.04528	0.06966	0.01342	0.08174	0.01139	0.01420	0.00882	0.00534	0.00547	0.00171	0.00658	0.00498	0.00325	0.00817
29	0.00828	0.00650	0.00791	0.06128	0.01064	0.00620	0.00596	0.05053	0.01463	0.01932	0.36917	0.04342	0.32496	0.01187	0.00646	0.00182	0.00330	0.03705	0.00541	0.00530
30	0.01334	0.06833	0.01413	0.01052	0.04513	0.03688	0.00813	0.09080	0.08616	0.01960	0.01118	0.01244	0.00906	0.00500	0.00489	0.00114	0.02987	0.00385	0.00361	0.52595
31	0.00747	0.00591	0.00730	0.06084	0.01002	0.00548	0.00552	0.00963	0.01400	0.01853	0.41007	0.06411	0.33666	0.01217	0.00648	0.00181	0.00304	0.01048	0.00544	0.00505

[dist]
# distance from previous block
# <min> <max>
1	15

[block]
# block no. 3 follows, 43 sequences, length 42
# corresponding to MSA columns:
# 746-787
name=unknown_D
#
# <colnr> <probs for GDERKNQSTAVLIFYWHMCP>
#	G	D	E	R	K	N	Q	S	T	A	V	L	I	F	Y	W	H	M	C	P
0	0.01266	0.04354	0.05684	0.12464	0.20283	0.13534	0.02132	0.02814	0.02258	0.01532	0.01331	0.13259	0.01282	0.01065	0.06136	0.04921	0.04086	0.00632	0.00312	0.00655
1	0.07482	0.10815	0.01055	0.00749	0.00972	0.00874	0.00561	0.01220	0.05830	0.01518	0.02001	0.12706	0.09343	0.25532	0.01217	0.00271	0.00451	0.00738	0.00379	0.16288
2	0.01544	0.72493	0.02759	0.00999	0.01453	0.10342	0.00961	0.01718	0.01173	0.01309	0.00779	0.00900	0.00711	0.00484	0.00371	0.00121	0.00636	0.00303	0.00242	0.00703
3	0.01122	0.00937	0.01564	0.32408	0.25580	0.01034	0.01274	0.01297	0.01040	0.01402	0.00995	0.01505	0.00848	0.00942	0.01031	0.25056	0.00637	0.00489	0.00253	0.00585
4	0.01111	0.02865	0.77667	0.01579	0.02397	0.01286	0.02046	0.01754	0.01169	0.01754	0.00994	0.01169	0.00702	0.00526	0.00526	0.00175	0.00818	0.00409	0.00234	0.00818
5	0.00771	0.00581	0.00728	0.00806	0.00906	0.00562	0.00594	0.01027	0.07010	0.01591	0.08204	0.45545	0.14113	0.01535	0.00695	0.00218	0.00353	0.13737	0.00524	0.00501
6	0.00693	0.00495	0.00662	0.00784	0.00826	0.00465	0.00539	0.00806	0.01093	0.01460	0.05835	0.72554	0.03692	0.01699	0.00709	0.00225	0.00331	0.06158	0.00517	0.00456
7	0.08745	0.01004	0.06207	0.07229	0.01578	0.00993	0.08653	0.03967	0.01104	0.07222	0.01496	0.11767	0.01384	0.01969	0.27242	0.00432	0.07379	0.00664	0.00353	0.00613
8	0.01841	0.01837	0.01434	0.06663	0.01688	0.36160	0.00987	0.25046	0.01797	0.02148	0.01168	0.01309	0.00902	0.00611	0.00502	0.00151	0.00738	0.00437	0.13866	0.00714
9	0.00761	0.00565	0.00708	0.00672	0.00813	0.00513	0.00504	0.01000	0.01513	0.02090	0.63978	0.04352	0.18118	0.01181	0.00653	0.00176	0.00265	0.01032	0.00592	0.00513
10	0.02109	0.00864	0.01138	0.00902	0.01260	0.00769	0.00734	0.04312	0.01555	0.57795	0.09722	0.02124	0.01759	0.00725	0.00544	0.00166	0.00425	0.00595	0.11659	0.00843
11	0.01251	0.01211	0.02111	0.30262	0.45865	0.01291	0.06766	0.01604	0.01210	0.01667	0.01027	0.01417	0.00825	0.00513	0.00558	0.00173	0.00706	0.00504	0.00265	0.00775
12	0.01406	0.01204	0.01268	0.01133	0.01451	0.01391	0.00883	0.05723	0.73255	0.02362	0.02219	0.02038	0.01662	0.00748	0.00563	0.00187	0.00445	0.00621	0.00563	0.00879
13	0.01694	0.01154	0.01223	0.00983	0.01306	0.01257	0.00797	0.46869	0.02051	0.02944	0.01513	0.01612	0.01125	0.00657	0.00490	0.00152	0.00475	0.00505	0.32416	0.00779
14	0.00846	0.00576	0.00705	0.00726	0.00858	0.00525	0.00523	0.01041	0.03652	0.07243	0.17429	0.36796	0.24165	0.01421	0.00667	0.00200	0.00314	0.01249	0.00546	0.00518
15	0.01138	0.00928	0.01444	0.50592	0.08683	0.01089	0.01260	0.01544	0.05351	0.04317	0.01265	0.01632	0.00960	0.00583	0.00521	0.00172	0.00611	0.00507	0.16760	0.00642
16	0.01378	0.01190	0.01252	0.01127	0.01440	0.01378	0.00877	0.02943	0.76081	0.02317	0.02254	0.02066	0.01691	0.00751	0.00564	0.00188	0.00438	0.00626	0.00564	0.00877
17	0.01371	0.01316	0.02248	0.03399	0.77081	0.01316	0.01700	0.01700	0.01261	0.01809	0.01042	0.01371	0.00877	0.00493	0.00548	0.00164	0.00658	0.00493	0.00274	0.00877
18	0.00677	0.00490	0.00641	0.00755	0.00801	0.00454	0.00508	0.00782	0.01091	0.01447	0.05775	0.72736	0.08412	0.01693	0.00702	0.00221	0.00317	0.01529	0.00517	0.00454
19	0.01372	0.01328	0.05682	0.01092	0.01557	0.05998	0.04865	0.12496	0.06051	0.02036	0.01105	0.01245	0.00877	0.00508	0.00515	0.00121	0.03275	0.00401	0.00363	0.49113
20	0.06498	0.00936	0.01054	0.06739	0.03725	0.06846	0.00769	0.01413	0.01221	0.12999	0.03743	0.07719	0.23645	0.01293	0.08592	0.00251	0.06087	0.00756	0.00434	0.05277
21	0.03337	0.06220	0.08080	0.01621	0.16600	0.03133	0.07177	0.10193	0.04067	0.15729	0.02834	0.01468	0.01058	0.00562	0.00517	0.00153	0.00590	0.00482	0.02559	0.13620
22	0.00693	0.00502	0.00659	0.00779	0.00830	0.00468	0.00542	0.00807	0.01094	0.01441	0.03220	0.68285	0.08732	0.01693	0.00708	0.00225	0.00335	0.08015	0.00514	0.00456
23	0.02472	0.00964	0.01298	0.00995	0.01424	0.00846	0.00822	0.05239	0.01621	0.74875	0.02155	0.01866	0.01356	0.00685	0.00557	0.00171	0.00476	0.00555	0.00681	0.00943
24	0.01284	0.50880	0.13227	0.00999	0.01444	0.01696	0.01016	0.03851	0.01181	0.01467	0.01467	0.11402	0.06671	0.00717	0.00453	0.00147	0.00568	0.00546	0.00302	0.00683
25	0.01424	0.01231	0.01826	0.12117	0.31385	0.01385	0.01359	0.14292	0.01418	0.04602	0.05917	0.01539	0.01135	0.00677	0.00821	0.00184	0.17033	0.00527	0.00348	0.00778
26	0.00677	0.00506	0.00630	0.00717	0.00792	0.00459	0.00493	0.00794	0.01140	0.01485	0.08378	0.57853	0.20823	0.01619	0.00691	0.00213	0.00308	0.01443	0.00520	0.00459
27	0.03573	0.01153	0.01373	0.01084	0.01494	0.01166	0.00886	0.22241	0.15326	0.42694	0.01943	0.01752	0.01300	0.00689	0.00554	0.00173	0.00502	0.00549	0.00622	0.00925
28	0.01422	0.44482	0.16285	0.01188	0.03518	0.04254	0.01175	0.06368	0.01227	0.01584	0.00871	0.01029	0.00738	0.00531	0.00522	0.00140	0.06475	0.00353	0.00267	0.07569
29	0.03370	0.38383	0.15707	0.01153	0.01638	0.01553	0.10537	0.01513	0.01180	0.01514	0.01842	0.01922	0.16248	0.00673	0.00485	0.00153	0.00608	0.00540	0.00301	0.00682
30	0.00719	0.00522	0.00678	0.00726	0.00810	0.00481	0.00512	0.00888	0.01286	0.01758	0.34163	0.43462	0.09014	0.01461	0.00681	0.00201	0.00294	0.01308	0.00554	0.00481
31	0.00861	0.00649	0.00810	0.00793	0.00935	0.00645	0.00597	0.01288	0.12482	0.02070	0.49245	0.16123	0.04323	0.01198	0.00656	0.00190	0.00313	0.05678	0.00581	0.00562
32	0.04125	0.28289	0.46291	0.01326	0.01994	0.01606	0.01581	0.05839	0.01228	0.01728	0.00932	0.01077	0.00715	0.00516	0.00466	0.00156	0.00719	0.00373	0.00257	0.00783
33	0.02299	0.01184	0.01425	0.01095	0.01523	0.01180	0.00904	0.32523	0.01996	0.45505	0.01825	0.01660	0.01195	0.00676	0.00552	0.00168	0.00524	0.00532	0.02298	0.00934
34	0.00721	0.00567	0.00653	0.00642	0.00803	0.00499	0.00489	0.00916	0.01387	0.01800	0.34429	0.04896	0.43573	0.01300	0.00660	0.00186	0.00286	0.05149	0.00553	0.00492
35	0.04393	0.01085	0.01849	0.08009	0.35701	0.01091	0.13033	0.01509	0.01204	0.01789	0.01408	0.11407	0.01283	0.00674	0.00553	0.00172	0.00597	0.00651	0.12875	0.00718
36	0.00715	0.00537	0.00585	0.00613	0.00752	0.00473	0.00444	0.00867	0.01219	0.01591	0.08593	0.22506	0.45781	0.01368	0.00632	0.00188	0.00286	0.01171	0.11204	0.00473
37	0.00680	0.00556	0.00600	0.00602	0.00767	0.00477	0.00447	0.00840	0.01305	0.01625	0.18700	0.10534	0.58190	0.01376	0.00658	0.00187	0.00280	0.01167	0.00532	0.00477
38	0.01020	0.00667	0.00933	0.00905	0.01050	0.00729	0.00698	0.01314	0.06856	0.10278	0.01823	0.11954	0.01694	0.03179	0.53418	0.00668	0.01137	0.00715	0.00390	0.00571
39	0.06149	0.08756	0.09577	0.19961	0.18584	0.23485	0.01378	0.02954	0.01296	0.01601	0.00936	0.01199	0.00751	0.00535	0.00505	0.00160	0.00772	0.00417	0.00272	0.00713
40	0.01177	0.01318	0.12830	0.01326	0.12978	0.00908	0.01024	0.01495	0.01169	0.01798	0.00995	0.01185	0.00811	0.00440	0.00449	0.00109	0.00509	0.00365	0.00306	0.58810
41	0.23203	0.16764	0.16517	0.01215	0.04421	0.13597	0.01120	0.01769	0.04150	0.01798	0.00959	0.01198	0.00796	0.00575	0.00519	0.00161	0.05072	0.02289	0.00297	0.03581

[dist]
# distance from previous block
# <min> <max>
0	15

[block]
# block no. 4 follows, 43 sequences, length 100
# corresponding to MSA columns:
# 810-834,837-911
name=unknown_E
#
# <colnr> <probs for GDERKNQSTAVLIFYWHMCP>
#	G	D	E	R	K	N	Q	S	T	A	V	L	I	F	Y	W	H	M	C	P
0	0.01275	0.01295	0.07780	0.02363	0.39096	0.01160	0.10794	0.03167	0.01287	0.05061	0.04965	0.07109	0.06240	0.00691	0.00621	0.00175	0.03196	0.00647	0.00343	0.02734
1	0.01329	0.01312	0.05411	0.01646	0.02161	0.01116	0.38716	0.03487	0.01294	0.07327	0.01238	0.04749	0.00990	0.00527	0.00566	0.00154	0.00700	0.00572	0.00339	0.26366
2	0.00681	0.00531	0.00619	0.00663	0.00781	0.00468	0.00472	0.00821	0.01227	0.01567	0.14749	0.34541	0.37917	0.01495	0.00675	0.00200	0.00294	0.01304	0.00528	0.00468
3	0.01481	0.80869	0.02902	0.00948	0.01421	0.02191	0.00948	0.01658	0.01125	0.01303	0.00770	0.00888	0.00711	0.00474	0.00355	0.00118	0.00592	0.00296	0.00237	0.00711
4	0.00675	0.00482	0.00643	0.00771	0.00803	0.00450	0.00514	0.00771	0.01060	0.01414	0.03053	0.80175	0.03663	0.01735	0.00707	0.00225	0.00321	0.01574	0.00514	0.00450
5	0.00999	0.00859	0.01125	0.01009	0.01009	0.01090	0.00753	0.01057	0.00826	0.01197	0.01260	0.02474	0.01400	0.42606	0.02342	0.00396	0.38191	0.00653	0.00291	0.00464
6	0.00892	0.00637	0.00892	0.01020	0.01147	0.00637	0.00892	0.01147	0.01275	0.01657	0.02932	0.06247	0.03187	0.01530	0.00765	0.00255	0.00510	0.73354	0.00510	0.00510
7	0.00708	0.00560	0.00637	0.00625	0.00783	0.00489	0.00466	0.00896	0.01378	0.01787	0.34434	0.08032	0.44623	0.01307	0.00656	0.00183	0.00274	0.01118	0.00553	0.00489
8	0.01111	0.02865	0.77667	0.01579	0.02397	0.01286	0.02046	0.01754	0.01169	0.01754	0.00994	0.01169	0.00702	0.00526	0.00526	0.00175	0.00818	0.00409	0.00234	0.00818
9	0.00710	0.00563	0.00638	0.00620	0.00782	0.00491	0.00465	0.00903	0.01394	0.01808	0.36275	0.04816	0.45998	0.01286	0.00654	0.00181	0.00272	0.01097	0.00555	0.00491
10	0.00744	0.00541	0.00715	0.00825	0.00905	0.00512	0.00622	0.00900	0.01165	0.01526	0.05929	0.47167	0.10818	0.01617	0.00718	0.00229	0.00373	0.23704	0.00516	0.00473
11	0.01313	0.30156	0.02121	0.01222	0.01487	0.01742	0.04184	0.01545	0.04166	0.01436	0.00853	0.01135	0.00777	0.00695	0.01024	0.00174	0.35203	0.00412	0.00265	0.10090
12	0.00804	0.00605	0.00770	0.00838	0.00985	0.00570	0.00701	0.01023	0.01302	0.01666	0.11758	0.05725	0.27072	0.01446	0.00717	0.00224	0.00409	0.42363	0.00522	0.00498
13	0.01306	0.01250	0.02132	0.18428	0.62556	0.01299	0.01668	0.01643	0.01231	0.01731	0.01030	0.01392	0.00850	0.00505	0.00549	0.00168	0.00674	0.00493	0.00269	0.00825
14	0.06635	0.01149	0.01685	0.23540	0.09882	0.01496	0.01314	0.01413	0.00970	0.01481	0.00835	0.01282	0.00737	0.00773	0.01234	0.00213	0.43996	0.00476	0.00253	0.00636
15	0.26414	0.01626	0.01399	0.24194	0.05348	0.29261	0.01094	0.01781	0.01233	0.01731	0.00876	0.01126	0.00694	0.00545	0.00471	0.00165	0.00737	0.00385	0.00291	0.00632
16	0.00782	0.00553	0.00734	0.00830	0.00898	0.00537	0.00623	0.00931	0.01130	0.01500	0.07628	0.35912	0.03325	0.14390	0.01067	0.00283	0.00421	0.27507	0.00490	0.00458
17	0.02006	0.01318	0.01495	0.01292	0.06491	0.04558	0.00981	0.35023	0.10449	0.23556	0.05774	0.01710	0.01367	0.00691	0.00559	0.00169	0.00552	0.00550	0.00565	0.00895
18	0.01510	0.05601	0.01306	0.01001	0.01337	0.06293	0.00811	0.36271	0.05096	0.02455	0.02864	0.02769	0.28545	0.00920	0.00576	0.00171	0.00507	0.00727	0.00505	0.00734
19	0.01459	0.02783	0.50002	0.01523	0.02148	0.29289	0.01691	0.01920	0.01315	0.01609	0.00944	0.01107	0.00706	0.00542	0.00516	0.00163	0.00884	0.00390	0.00253	0.00754
20	0.01378	0.01190	0.01252	0.01127	0.01440	0.01378	0.00877	0.02943	0.76081	0.02317	0.02254	0.02066	0.01691	0.00751	0.00564	0.00188	0.00438	0.00626	0.00564	0.00877
21	0.01292	0.01254	0.02193	0.20555	0.54679	0.01303	0.07342	0.01641	0.01230	0.01717	0.01035	0.01404	0.00843	0.00505	0.00558	0.00171	0.00698	0.00506	0.00268	0.00808
22	0.00683	0.00486	0.00640	0.00760	0.00790	0.00456	0.00502	0.00773	0.01044	0.01392	0.02967	0.75159	0.03555	0.06898	0.00845	0.00245	0.00335	0.01524	0.00502	0.00442
23	0.00747	0.00565	0.00689	0.00658	0.00804	0.00507	0.00493	0.00973	0.01480	0.02012	0.56234	0.04482	0.25912	0.01210	0.00654	0.00178	0.00267	0.01050	0.00582	0.00507
24	0.01117	0.01057	0.01789	0.62700	0.19767	0.01249	0.01573	0.01477	0.01141	0.01501	0.00997	0.01454	0.00769	0.00541	0.00553	0.00180	0.00721	0.00492	0.00252	0.00672
25	0.84448	0.01071	0.00814	0.00728	0.01071	0.01242	0.00600	0.01628	0.00943	0.02485	0.00771	0.00900	0.00600	0.00514	0.00343	0.00171	0.00428	0.00300	0.00343	0.00600
26	0.00885	0.00632	0.00884	0.01012	0.01136	0.00631	0.00880	0.01135	0.01268	0.01649	0.02936	0.08658	0.03203	0.01537	0.00763	0.00254	0.00504	0.71013	0.00510	0.00508
27	0.00784	0.00566	0.00740	0.00697	0.00827	0.00523	0.00523	0.01045	0.01568	0.02221	0.76789	0.04137	0.05226	0.01132	0.00653	0.00174	0.00261	0.01002	0.00610	0.00523
28	0.00765	0.00544	0.00733	0.00851	0.00917	0.00526	0.00642	0.00913	0.01122	0.01480	0.02913	0.47202	0.03367	0.07354	0.00881	0.00259	0.00407	0.28161	0.00500	0.00464
29	0.01481	0.80869	0.02902	0.00948	0.01421	0.02191	0.00948	0.01658	0.01125	0.01303	0.00770	0.00888	0.00711	0.00474	0.00355	0.00118	0.00592	0.00296	0.00237	0.00711
30	0.01212	0.01212	0.01696	0.01454	0.01454	0.01696	0.01212	0.01333	0.00848	0.01333	0.00727	0.01212	0.00727	0.00969	0.01818	0.00242	0.79523	0.00485	0.00242	0.00606
31	0.84448	0.01071	0.00814	0.00728	0.01071	0.01242	0.00600	0.01628	0.00943	0.02485	0.00771	0.00900	0.00600	0.00514	0.00343	0.00171	0.00428	0.00300	0.00343	0.00600
32	0.01618	0.00794	0.00926	0.00782	0.01049	0.00776	0.00622	0.09255	0.05113	0.26708	0.05056	0.02020	0.01529	0.00686	0.00479	0.00151	0.00372	0.00553	0.40795	0.00715
33	0.01046	0.00984	0.01661	0.79205	0.03814	0.01230	0.01538	0.01415	0.01107	0.01415	0.00984	0.01477	0.00738	0.00554	0.00554	0.00185	0.00738	0.00492	0.00246	0.00615
34	0.01212	0.01212	0.01696	0.01454	0.01454	0.01696	0.01212	0.01333	0.00848	0.01333	0.00727	0.01212	0.00727	0.00969	0.01818	0.00242	0.79523	0.00485	0.00242	0.00606
35	0.01159	0.01018	0.01287	0.00920	0.01416	0.00782	0.05532	0.01419	0.01159	0.01803	0.00993	0.01171	0.00822	0.00414	0.00426	0.00089	0.00444	0.00349	0.00325	0.78472
36	0.01695	0.52429	0.02418	0.01122	0.01527	0.29865	0.00992	0.01859	0.01287	0.01322	0.00801	0.00929	0.00712	0.00509	0.00408	0.00127	0.00740	0.00318	0.00255	0.00686
37	0.00892	0.00637	0.00892	0.01020	0.01147	0.00637	0.00892	0.01147	0.01275	0.01657	0.02932	0.06247	0.03187	0.01530	0.00765	0.00255	0.00510	0.73354	0.00510	0.00510
38	0.01148	0.00984	0.01148	0.00820	0.01312	0.00738	0.00656	0.01395	0.01148	0.01805	0.00984	0.01148	0.00820	0.00410	0.00410	0.00082	0.00410	0.00328	0.00328	0.83922
39	0.01711	0.01749	0.01847	0.02258	0.35601	0.26518	0.01326	0.09520	0.08112	0.04344	0.01155	0.01323	0.00918	0.00565	0.00535	0.00160	0.00739	0.00463	0.00345	0.00809
40	0.01373	0.06763	0.05394	0.17925	0.32324	0.01415	0.03392	0.12121	0.01381	0.01891	0.01111	0.01544	0.00926	0.00608	0.00639	0.00176	0.06340	0.03583	0.00312	0.00781
41	0.00688	0.00499	0.00649	0.00745	0.00802	0.00461	0.00508	0.00810	0.01144	0.01528	0.13085	0.64240	0.09537	0.01629	0.00696	0.00215	0.00310	0.01467	0.00527	0.00461
42	0.01304	0.01321	0.07090	0.14377	0.28961	0.01326	0.01359	0.02171	0.32078	0.01952	0.01529	0.01660	0.01178	0.00612	0.00554	0.00178	0.00592	0.00542	0.00386	0.00831
43	0.01620	0.06987	0.02056	0.02555	0.46008	0.28053	0.01432	0.01874	0.01359	0.01619	0.00960	0.01210	0.00810	0.00519	0.00519	0.00154	0.00772	0.00433	0.00276	0.00785
44	0.01310	0.00628	0.00706	0.00637	0.00829	0.00606	0.00494	0.03724	0.01310	0.15799	0.07176	0.02157	0.01666	0.00688	0.00442	0.00141	0.00307	0.00557	0.60215	0.00607
45	0.00801	0.00554	0.00691	0.00691	0.00722	0.00584	0.00445	0.00861	0.00831	0.01139	0.01665	0.03182	0.01821	0.57212	0.25880	0.00645	0.00826	0.00741	0.00324	0.00384
46	0.00737	0.00626	0.00644	0.00628	0.00825	0.00565	0.00474	0.01032	0.08986	0.01628	0.09929	0.04916	0.64424	0.01318	0.00645	0.00186	0.00296	0.01102	0.00526	0.00513
47	0.00675	0.00482	0.00643	0.00771	0.00803	0.00450	0.00514	0.00771	0.01060	0.01414	0.03053	0.80175	0.03663	0.01735	0.00707	0.00225	0.00321	0.01574	0.00514	0.00450
48	0.01162	0.00963	0.01066	0.00971	0.01217	0.01067	0.00748	0.02253	0.48992	0.02282	0.29351	0.02819	0.02976	0.00890	0.00596	0.00183	0.00374	0.00763	0.00580	0.00748
49	0.00761	0.00490	0.00612	0.00710	0.00765	0.00466	0.00483	0.00896	0.01085	0.01571	0.02752	0.61330	0.03122	0.01472	0.00630	0.00202	0.00306	0.01319	0.20562	0.00466
50	0.02069	0.02640	0.01569	0.01427	0.01712	0.78313	0.01070	0.02212	0.01569	0.01355	0.00856	0.00999	0.00713	0.00571	0.00499	0.00143	0.00999	0.00357	0.00285	0.00642
51	0.00969	0.00626	0.00756	0.00704	0.00864	0.00611	0.00534	0.01345	0.08201	0.05356	0.48926	0.03358	0.03831	0.00962	0.00577	0.00164	0.00285	0.00833	0.20527	0.00571
52	0.02105	0.01551	0.01662	0.01274	0.01717	0.01717	0.01053	0.75235	0.02604	0.03490	0.01330	0.01330	0.00942	0.00665	0.00554	0.00166	0.00609	0.00499	0.00554	0.00942
53	0.00675	0.00482	0.00643	0.00771	0.00803	0.00450	0.00514	0.00771	0.01060	0.01414	0.03053	0.80175	0.03663	0.01735	0.00707	0.00225	0.00321	0.01574	0.00514	0.00450
54	0.01111	0.02865	0.77667	0.01579	0.02397	0.01286	0.02046	0.01754	0.01169	0.01754	0.00994	0.01169	0.00702	0.00526	0.00526	0.00175	0.00818	0.00409	0.00234	0.00818
55	0.00792	0.00591	0.00879	0.00879	0.00974	0.00686	0.00678	0.00982	0.00887	0.01277	0.01494	0.02233	0.01409	0.07161	0.75368	0.00876	0.01446	0.00602	0.00298	0.00488
