[name]
unknown

[dist]
# distance from previous block
# <min> <max>
26	343

[block]
# block no. 0 follows, 39 sequences, length 32
# corresponding to MSA columns:
# 413-444
name=unknown_A
#
# <colnr> <probs for GDERKNQSTAVLIFYWHMCP>
#	G	D	E	R	K	N	Q	S	T	A	V	L	I	F	Y	W	H	M	C	P
0	0.10385	0.01379	0.08052	0.19023	0.38659	0.01310	0.01570	0.01788	0.01281	0.06097	0.01165	0.01476	0.00909	0.00564	0.00554	0.00181	0.00680	0.00501	0.03598	0.00827
1	0.01340	0.01249	0.01998	0.14633	0.46464	0.01331	0.01547	0.01781	0.07417	0.01873	0.01520	0.01819	0.05503	0.00654	0.00664	0.00186	0.05019	0.00583	0.03585	0.00835
2	0.01274	0.04566	0.01375	0.01303	0.08597	0.11784	0.04929	0.01663	0.09468	0.05060	0.21385	0.11638	0.12493	0.01033	0.00641	0.00188	0.00529	0.00893	0.00502	0.00679
3	0.01190	0.06975	0.11084	0.30854	0.13775	0.01306	0.08699	0.01585	0.01280	0.01738	0.09538	0.01845	0.01402	0.00866	0.05214	0.00232	0.00786	0.00586	0.00316	0.00728
4	0.01074	0.08720	0.07336	0.05211	0.01350	0.05157	0.00799	0.01366	0.05663	0.01604	0.02967	0.03284	0.27070	0.14451	0.01001	0.00239	0.00525	0.00786	0.00411	0.10987
5	0.01899	0.06110	0.01810	0.01709	0.11012	0.42494	0.01202	0.09861	0.01613	0.01756	0.01106	0.05558	0.00990	0.00723	0.00711	0.00174	0.09689	0.00501	0.00341	0.00740
6	0.01719	0.26730	0.21302	0.01444	0.01969	0.31294	0.04232	0.02034	0.01407	0.01557	0.00934	0.01097	0.00763	0.00561	0.00499	0.00155	0.00879	0.00388	0.00274	0.00761
7	0.01460	0.27768	0.14736	0.01233	0.01699	0.01604	0.05510	0.15852	0.01514	0.02026	0.01414	0.11088	0.01293	0.00947	0.04632	0.00211	0.00694	0.00605	0.04944	0.00771
8	0.00775	0.00883	0.10145	0.00804	0.01030	0.00608	0.00692	0.00971	0.01248	0.01584	0.04363	0.26388	0.41346	0.05433	0.00815	0.00229	0.00399	0.01253	0.00502	0.00534
9	0.00924	0.00727	0.01115	0.01269	0.10413	0.00813	0.00852	0.01140	0.00995	0.01430	0.01542	0.02309	0.01451	0.08472	0.62789	0.00830	0.01412	0.00634	0.00316	0.00569
10	0.00779	0.00584	0.00743	0.00807	0.00914	0.00519	0.00558	0.00911	0.01184	0.01600	0.06369	0.61068	0.09543	0.01641	0.00713	0.00218	0.00347	0.01473	0.00532	0.09499
11	0.01365	0.01359	0.01790	0.12363	0.24335	0.11710	0.06883	0.04780	0.01474	0.01897	0.11015	0.02391	0.09676	0.00770	0.00615	0.00180	0.00674	0.02485	0.00386	0.03851
12	0.02030	0.02386	0.01714	0.01512	0.01774	0.53598	0.01171	0.09966	0.01642	0.01692	0.00942	0.01151	0.00791	0.00706	0.00822	0.00176	0.16464	0.00425	0.00327	0.00713
13	0.00727	0.00545	0.00657	0.00741	0.00820	0.00495	0.00502	0.00834	0.01170	0.01501	0.03929	0.50259	0.24703	0.09072	0.00952	0.00260	0.00352	0.01476	0.00531	0.00474
14	0.01226	0.01051	0.01226	0.00876	0.01401	0.00788	0.00701	0.01489	0.01226	0.01927	0.01051	0.01226	0.00876	0.00438	0.00438	0.00088	0.00438	0.00350	0.00350	0.82832
15	0.01437	0.09344	0.01606	0.04559	0.07740	0.05937	0.03837	0.06108	0.22955	0.02064	0.01642	0.01866	0.01322	0.04691	0.00761	0.00198	0.06322	0.00566	0.16282	0.00764
16	0.13037	0.01842	0.08096	0.01261	0.01684	0.23599	0.01071	0.09599	0.10832	0.20998	0.01516	0.01489	0.01079	0.00663	0.00543	0.00176	0.00707	0.00484	0.00483	0.00842
17	0.01571	0.16643	0.22954	0.04135	0.20428	0.11753	0.01587	0.09314	0.01481	0.01921	0.01083	0.01344	0.00874	0.00584	0.00538	0.00169	0.00781	0.01689	0.00309	0.00845
18	0.01275	0.01297	0.01269	0.22057	0.01945	0.20125	0.00969	0.01438	0.01187	0.01374	0.01507	0.10627	0.01560	0.26002	0.01428	0.00314	0.04018	0.00722	0.00335	0.00549
19	0.00845	0.00634	0.00950	0.00950	0.01056	0.00739	0.00739	0.01056	0.00950	0.01373	0.01584	0.02323	0.01478	0.04435	0.76873	0.00950	0.01584	0.00634	0.00317	0.00528
20	0.01263	0.02278	0.44926	0.01621	0.02271	0.01309	0.12914	0.08500	0.01356	0.01941	0.01237	0.01678	0.00997	0.09742	0.05166	0.00275	0.00878	0.00546	0.00306	0.00796
21	0.01063	0.00891	0.01423	0.22239	0.12025	0.00953	0.05434	0.01386	0.01337	0.01899	0.21427	0.02595	0.04136	0.01200	0.08955	0.00266	0.00662	0.00716	0.10747	0.00645
22	0.02248	0.01656	0.01775	0.01361	0.01834	0.01834	0.01124	0.73556	0.02780	0.03727	0.01420	0.01420	0.01006	0.00710	0.00592	0.00177	0.00651	0.00532	0.00592	0.01006
23	0.00880	0.00597	0.00766	0.00766	0.00827	0.00642	0.00528	0.01001	0.00940	0.01360	0.01750	0.03022	0.01792	0.38458	0.34495	0.00688	0.00975	0.00729	0.09331	0.00452
24	0.01079	0.00767	0.01010	0.01080	0.01256	0.00786	0.00922	0.01539	0.11233	0.04713	0.07745	0.05745	0.03258	0.01460	0.00772	0.00254	0.00515	0.54684	0.00566	0.00616
25	0.01294	0.01294	0.01811	0.01553	0.01553	0.01811	0.01294	0.01423	0.00906	0.01423	0.00776	0.01294	0.00776	0.01035	0.01941	0.00259	0.78134	0.00518	0.00259	0.00647
26	0.06347	0.01310	0.01711	0.30366	0.17560	0.06348	0.01375	0.02125	0.22892	0.01946	0.01441	0.01669	0.01108	0.00639	0.00576	0.00190	0.00674	0.00546	0.00378	0.00797
27	0.01698	0.42523	0.02449	0.01415	0.10879	0.01917	0.01102	0.09941	0.13613	0.07256	0.01296	0.01351	0.01033	0.00596	0.00481	0.00155	0.00607	0.00445	0.00388	0.00856
28	0.01121	0.01363	0.14305	0.01362	0.01756	0.01066	0.18003	0.01703	0.13673	0.01931	0.14417	0.02925	0.11200	0.11398	0.00970	0.00246	0.00623	0.00801	0.00439	0.00698
29	0.00800	0.00603	0.00740	0.00705	0.00861	0.00542	0.00529	0.01045	0.01587	0.02165	0.56780	0.04757	0.24144	0.01286	0.00698	0.00190	0.00284	0.01117	0.00624	0.00542
30	0.01698	0.01397	0.01674	0.09523	0.11860	0.01569	0.01192	0.26754	0.32634	0.02728	0.01756	0.01774	0.01311	0.00712	0.00595	0.00189	0.00595	0.00588	0.00522	0.00931
31	0.01299	0.01310	0.01901	0.01603	0.01635	0.01795	0.05133	0.01448	0.00932	0.01448	0.00799	0.01310	0.00783	0.01006	0.01875	0.00256	0.74026	0.00527	0.00261	0.00655

[dist]
# distance from previous block
# <min> <max>
0	11

[block]
# block no. 1 follows, 39 sequences, length 25
# corresponding to MSA columns:
# 469-493
name=unknown_B
#
# <colnr> <probs for GDERKNQSTAVLIFYWHMCP>
#	G	D	E	R	K	N	Q	S	T	A	V	L	I	F	Y	W	H	M	C	P
0	0.00797	0.00603	0.00735	0.00702	0.00859	0.00541	0.00527	0.01039	0.01580	0.02148	0.55256	0.04785	0.25679	0.01292	0.00698	0.00190	0.00285	0.01121	0.00622	0.00541
1	0.00939	0.00609	0.00795	0.00785	0.00921	0.00556	0.00574	0.01153	0.01492	0.07966	0.43512	0.27104	0.08566	0.01384	0.00707	0.00203	0.00318	0.01229	0.00621	0.00567
2	0.01323	0.00778	0.00934	0.00815	0.01048	0.00747	0.00636	0.09687	0.01696	0.14042	0.36029	0.03384	0.09240	0.01003	0.00616	0.00177	0.00358	0.00851	0.15964	0.00674
3	0.02248	0.01656	0.01775	0.01361	0.01834	0.01834	0.01124	0.73556	0.02780	0.03727	0.01420	0.01420	0.01006	0.00710	0.00592	0.00177	0.00651	0.00532	0.00592	0.01006
4	0.02013	0.02116	0.01639	0.01376	0.01753	0.43448	0.03536	0.08712	0.01660	0.08887	0.01127	0.01245	0.00878	0.00608	0.00577	0.00150	0.03300	0.00425	0.00379	0.16171
5	0.01358	0.01245	0.02005	0.06231	0.40254	0.01239	0.07171	0.06465	0.03924	0.01982	0.01503	0.13290	0.01409	0.00743	0.00607	0.00181	0.00639	0.00705	0.00367	0.08682
6	0.01434	0.01313	0.01796	0.05234	0.28611	0.01479	0.01325	0.02400	0.36594	0.02120	0.01697	0.01808	0.01332	0.00719	0.00745	0.00198	0.09271	0.00594	0.00437	0.00893
7	0.21504	0.01235	0.01898	0.28093	0.27077	0.01362	0.07208	0.01699	0.01211	0.01963	0.01027	0.01389	0.00810	0.00552	0.00542	0.00187	0.00695	0.00489	0.00301	0.00757
8	0.00850	0.00612	0.00841	0.00841	0.00909	0.00680	0.00603	0.00986	0.00918	0.01292	0.01684	0.02877	0.01719	0.31221	0.50416	0.00815	0.01222	0.00715	0.00332	0.00467
9	0.00807	0.00619	0.00654	0.00634	0.00841	0.00523	0.00480	0.00972	0.01395	0.05297	0.12143	0.05395	0.65310	0.01434	0.00694	0.00198	0.00308	0.01200	0.00567	0.00529
10	0.01283	0.00714	0.00872	0.00769	0.01022	0.00620	0.00599	0.01494	0.01543	0.22450	0.26076	0.04283	0.33568	0.01197	0.00670	0.00191	0.00350	0.01012	0.00631	0.00658
11	0.01471	0.01270	0.01337	0.01203	0.01538	0.01471	0.00936	0.03142	0.74459	0.02474	0.02407	0.02206	0.01805	0.00802	0.00602	0.00201	0.00468	0.00669	0.00602	0.00936
12	0.53208	0.01092	0.01057	0.00880	0.01280	0.01156	0.00726	0.02166	0.01263	0.30052	0.01388	0.01354	0.00948	0.00617	0.00451	0.00183	0.00475	0.00423	0.00503	0.00777
13	0.02248	0.01656	0.01775	0.01361	0.01834	0.01834	0.01124	0.73556	0.02780	0.03727	0.01420	0.01420	0.01006	0.00710	0.00592	0.00177	0.00651	0.00532	0.00592	0.01006
14	0.01412	0.16327	0.01500	0.01167	0.09624	0.01055	0.00831	0.01646	0.01440	0.16411	0.20357	0.09400	0.08081	0.00936	0.00584	0.00174	0.00448	0.00792	0.07097	0.00717
15	0.01800	0.52791	0.02602	0.01190	0.01626	0.28336	0.01058	0.01977	0.01367	0.01411	0.00854	0.00990	0.00760	0.00542	0.00433	0.00136	0.00784	0.00339	0.00271	0.00733
16	0.83394	0.01144	0.00869	0.00778	0.01144	0.01327	0.00640	0.01738	0.01006	0.02653	0.00823	0.00961	0.00640	0.00549	0.00366	0.00183	0.00457	0.00320	0.00366	0.00640
17	0.00994	0.00798	0.01016	0.00923	0.01050	0.00895	0.00728	0.03704	0.01386	0.01978	0.30966	0.03463	0.16156	0.01363	0.05928	0.00250	0.18510	0.00876	0.08435	0.00581
18	0.00733	0.00594	0.00651	0.00651	0.00823	0.00511	0.00483	0.00909	0.01407	0.01771	0.21958	0.11260	0.53263	0.01459	0.00703	0.00200	0.00298	0.01241	0.00573	0.00511
19	0.01511	0.01401	0.02290	0.09362	0.62746	0.01439	0.01735	0.08654	0.01471	0.02070	0.01137	0.01469	0.00931	0.00550	0.00587	0.00178	0.00704	0.00527	0.00319	0.00921
20	0.00860	0.00573	0.00645	0.00645	0.00645	0.00573	0.00358	0.00860	0.00860	0.01147	0.01863	0.03870	0.02150	0.79217	0.03010	0.00573	0.00573	0.00860	0.00358	0.00358
21	0.01027	0.00514	0.00770	0.00770	0.00770	0.00514	0.00514	0.00770	0.00770	0.01027	0.01027	0.01798	0.01027	0.02054	0.02311	0.82794	0.00514	0.00514	0.00257	0.00257
22	0.00910	0.00747	0.01123	0.09909	0.08171	0.00829	0.00896	0.01146	0.01074	0.01474	0.02153	0.02674	0.12617	0.03191	0.49566	0.00679	0.01217	0.00705	0.00344	0.00576
23	0.01222	0.01165	0.01641	0.13695	0.28709	0.07999	0.01284	0.01495	0.01217	0.01620	0.01461	0.10510	0.01388	0.01779	0.21757	0.00399	0.00952	0.00675	0.00325	0.00706
24	0.01666	0.15095	0.12505	0.10067	0.02032	0.35012	0.01256	0.01990	0.04403	0.01562	0.01460	0.01600	0.07620	0.00672	0.00536	0.00164	0.00841	0.00486	0.00318	0.00715

[dist]
# distance from previous block
# <min> <max>
0	20

[block]
# block no. 2 follows, 39 sequences, length 24
# corresponding to MSA columns:
# 514-537
name=unknown_C
#
# <colnr> <probs for GDERKNQSTAVLIFYWHMCP>
#	G	D	E	R	K	N	Q	S	T	A	V	L	I	F	Y	W	H	M	C	P
0	0.08325	0.07071	0.01404	0.01145	0.04507	0.07363	0.07023	0.01686	0.09115	0.06406	0.22065	0.03077	0.16589	0.00943	0.00610	0.00183	0.00504	0.00799	0.00501	0.00683
1	0.32052	0.29051	0.10654	0.01048	0.01517	0.04880	0.01009	0.01953	0.09570	0.02046	0.01037	0.01138	0.00834	0.00567	0.00428	0.00164	0.00595	0.00375	0.00337	0.00746
2	0.27721	0.12637	0.01555	0.06875	0.01624	0.01560	0.00924	0.25986	0.01678	0.04078	0.01177	0.01313	0.00898	0.00714	0.02431	0.00190	0.00589	0.00438	0.06832	0.00780
3	0.00752	0.00585	0.00683	0.00693	0.00840	0.00516	0.00507	0.00938	0.01422	0.01853	0.29851	0.19223	0.37092	0.01464	0.00709	0.00203	0.00301	0.01268	0.00585	0.00516
4	0.01243	0.02663	0.56472	0.01904	0.02703	0.01406	0.21468	0.01879	0.01288	0.01879	0.01098	0.01342	0.00789	0.00545	0.00599	0.00191	0.00907	0.00508	0.00263	0.00853
5	0.00860	0.00573	0.00645	0.00645	0.00645	0.00573	0.00358	0.00860	0.00860	0.01147	0.01863	0.03870	0.02150	0.79217	0.03010	0.00573	0.00573	0.00860	0.00358	0.00358
6	0.00837	0.00604	0.00790	0.00744	0.00883	0.00558	0.00558	0.01116	0.01674	0.02371	0.75216	0.04417	0.05580	0.01209	0.00697	0.00186	0.00279	0.01069	0.00651	0.00558
7	0.01464	0.01405	0.02400	0.03630	0.75528	0.01405	0.01815	0.01815	0.01347	0.01932	0.01112	0.01464	0.00937	0.00527	0.00585	0.00176	0.00703	0.00527	0.00293	0.00937
8	0.10640	0.01158	0.01582	0.12645	0.01808	0.01544	0.01194	0.01414	0.00977	0.01582	0.01040	0.07247	0.01026	0.01094	0.04063	0.00263	0.49209	0.00589	0.00296	0.00631
9	0.00822	0.00569	0.00644	0.00661	0.00691	0.00552	0.00394	0.00854	0.00957	0.01250	0.02574	0.13343	0.11907	0.59548	0.02431	0.00484	0.00509	0.01012	0.00407	0.00392
10	0.01399	0.01620	0.13212	0.13689	0.36954	0.01421	0.09965	0.04964	0.07255	0.01978	0.01223	0.01521	0.00956	0.00568	0.00597	0.00185	0.00753	0.00545	0.00320	0.00874
11	0.01983	0.00866	0.01114	0.00902	0.01268	0.00744	0.00729	0.02191	0.01588	0.50249	0.06760	0.03228	0.23826	0.00984	0.00631	0.00188	0.00432	0.00813	0.00673	0.00834
12	0.01294	0.01294	0.01811	0.01553	0.01553	0.01811	0.01294	0.01423	0.00906	0.01423	0.00776	0.01294	0.00776	0.01035	0.01941	0.00259	0.78134	0.00518	0.00259	0.00647
13	0.06752	0.01235	0.01557	0.04651	0.19014	0.01327	0.01114	0.21143	0.14152	0.02543	0.10073	0.07972	0.04243	0.00837	0.00605	0.00189	0.00548	0.00713	0.00498	0.00833
14	0.13886	0.24830	0.01960	0.01155	0.01591	0.14732	0.00986	0.19065	0.01702	0.13146	0.01203	0.01240	0.00905	0.00612	0.00486	0.00160	0.00667	0.00420	0.00429	0.00824
15	0.01548	0.02013	0.35891	0.12681	0.02360	0.01265	0.01591	0.11279	0.01528	0.15722	0.01717	0.01799	0.06605	0.00688	0.00587	0.00188	0.00720	0.00554	0.00408	0.00855
16	0.00718	0.00587	0.00634	0.00648	0.00817	0.00503	0.00476	0.00876	0.01354	0.01674	0.13546	0.16165	0.56916	0.01516	0.00707	0.00204	0.00304	0.01290	0.00561	0.00503
17	0.01227	0.01017	0.01126	0.00979	0.01227	0.01103	0.00780	0.17992	0.09479	0.02159	0.03791	0.03690	0.39387	0.01174	0.00844	0.00203	0.11701	0.00914	0.00522	0.00685
18	0.01433	0.16166	0.02019	0.01315	0.01680	0.07158	0.20412	0.03140	0.01335	0.05312	0.01419	0.01697	0.01129	0.00924	0.07156	0.00227	0.00733	0.00542	0.25508	0.00696
19	0.00796	0.00584	0.00762	0.00871	0.00967	0.00550	0.00663	0.00967	0.01260	0.01642	0.06648	0.41749	0.14596	0.01703	0.00764	0.00242	0.00398	0.23781	0.00552	0.00507
20	0.01250	0.00940	0.01208	0.21707	0.01850	0.01070	0.00904	0.15033	0.01372	0.01905	0.01517	0.02418	0.01406	0.27855	0.01466	0.00318	0.04231	0.00646	0.12300	0.00604
21	0.13194	0.00902	0.04383	0.00864	0.01120	0.00819	0.00722	0.07278	0.01455	0.05008	0.13891	0.11247	0.25396	0.01227	0.00651	0.00205	0.00420	0.10073	0.00533	0.00613
22	0.02198	0.01632	0.01747	0.01351	0.01815	0.01811	0.01112	0.69050	0.07367	0.03647	0.01483	0.01470	0.01057	0.00716	0.00592	0.00179	0.00639	0.00541	0.00592	0.01001
23	0.01414	0.01809	0.27233	0.15802	0.02266	0.06655	0.01434	0.05953	0.01453	0.11504	0.08099	0.05192	0.07096	0.00782	0.00601	0.00188	0.00694	0.00643	0.00408	0.00772

[dist]
# distance from previous block
# <min> <max>
7	9

[block]
# block no. 3 follows, 39 sequences, length 36
# corresponding to MSA columns:
# 572-607
name=unknown_D
#
# <colnr> <probs for GDERKNQSTAVLIFYWHMCP>
#	G	D	E	R	K	N	Q	S	T	A	V	L	I	F	Y	W	H	M	C	P
0	0.01137	0.00854	0.00966	0.00890	0.01103	0.00856	0.00675	0.20084	0.01716	0.02260	0.15281	0.25872	0.23295	0.01347	0.00687	0.00204	0.00402	0.01157	0.00577	0.00637
1	0.15224	0.01684	0.14316	0.01234	0.01727	0.01511	0.01151	0.39728	0.02037	0.06290	0.01348	0.01414	0.00969	0.00657	0.00533	0.00177	0.00617	0.00486	0.08014	0.00882
2	0.09154	0.01290	0.01606	0.02029	0.29912	0.09496	0.01174	0.06626	0.01369	0.05382	0.01519	0.11862	0.01441	0.05993	0.08310	0.00284	0.00739	0.00679	0.00383	0.00752
3	0.01477	0.59368	0.22390	0.01190	0.01793	0.02085	0.01322	0.01798	0.01214	0.01518	0.00885	0.01028	0.00756	0.00521	0.00428	0.00143	0.00696	0.00348	0.00252	0.00789
4	0.01505	0.01514	0.02079	0.17123	0.39405	0.12089	0.04165	0.04416	0.04671	0.01862	0.01239	0.01711	0.01040	0.00621	0.00595	0.00183	0.00761	0.03869	0.00325	0.00827
5	0.01600	0.10058	0.01645	0.01336	0.05211	0.06261	0.01018	0.09335	0.51702	0.02379	0.01985	0.01888	0.01509	0.00736	0.00571	0.00186	0.00551	0.00592	0.00529	0.00907
6	0.00822	0.00618	0.00840	0.00840	0.00945	0.00671	0.00627	0.00988	0.01004	0.01375	0.02389	0.03156	0.14309	0.16137	0.51687	0.00759	0.01198	0.00776	0.00364	0.00495
7	0.01574	0.01664	0.02136	0.15265	0.47356	0.18286	0.01636	0.01888	0.01394	0.01755	0.01058	0.01393	0.00873	0.00556	0.00575	0.00174	0.00798	0.00494	0.00291	0.00835
8	0.01079	0.01050	0.01824	0.01518	0.01708	0.01150	0.22183	0.01306	0.01147	0.01599	0.01961	0.34515	0.02152	0.01227	0.01068	0.00233	0.22200	0.01068	0.00395	0.00620
9	0.00820	0.00590	0.00687	0.00687	0.00751	0.00585	0.00445	0.00891	0.00989	0.01290	0.02771	0.04025	0.18973	0.48328	0.15205	0.00552	0.00684	0.00911	0.00395	0.00420
10	0.01689	0.46614	0.14666	0.01229	0.01771	0.08928	0.01235	0.14214	0.01525	0.01878	0.00973	0.01090	0.00800	0.00560	0.00460	0.00148	0.00715	0.00379	0.00316	0.00814
11	0.00795	0.00594	0.00683	0.00666	0.00788	0.00542	0.00465	0.00952	0.01334	0.01761	0.30734	0.04708	0.28846	0.23034	0.01342	0.00299	0.00368	0.01073	0.00534	0.00482
12	0.01791	0.01318	0.01568	0.01247	0.01646	0.01399	0.05334	0.33574	0.17001	0.09058	0.13713	0.02120	0.01941	0.00786	0.00610	0.00181	0.00551	0.00654	0.00585	0.04920
13	0.02019	0.01653	0.01635	0.01325	0.01733	0.09988	0.01069	0.48747	0.15226	0.03108	0.01549	0.01576	0.01149	0.00946	0.05307	0.00227	0.00722	0.00546	0.00545	0.00928
14	0.00860	0.00573	0.00645	0.00645	0.00645	0.00573	0.00358	0.00860	0.00860	0.01147	0.01863	0.03870	0.02150	0.79217	0.03010	0.00573	0.00573	0.00860	0.00358	0.00358
15	0.01581	0.79572	0.03099	0.01012	0.01518	0.02340	0.01012	0.01771	0.01202	0.01391	0.00822	0.00949	0.00759	0.00506	0.00379	0.00126	0.00632	0.00316	0.00253	0.00759
16	0.00908	0.00649	0.00897	0.01010	0.01133	0.00639	0.00849	0.01160	0.01374	0.01816	0.12682	0.15567	0.03756	0.01605	0.00793	0.00257	0.00484	0.53324	0.00559	0.00538
17	0.01181	0.01240	0.00978	0.00944	0.01132	0.22970	0.00697	0.01357	0.01491	0.01733	0.21405	0.15951	0.24237	0.01222	0.00659	0.00189	0.00527	0.01019	0.00503	0.00566
18	0.01587	0.01224	0.01175	0.00995	0.01309	0.08609	0.00787	0.25775	0.05451	0.06735	0.02899	0.02842	0.22984	0.00934	0.00589	0.00176	0.00510	0.00741	0.13930	0.00747
19	0.00942	0.00773	0.00947	0.04762	0.07294	0.00741	0.00715	0.07649	0.01458	0.01856	0.08988	0.16617	0.41291	0.01341	0.00685	0.00202	0.00399	0.02227	0.00524	0.00591
20	0.00715	0.00582	0.00634	0.00659	0.00818	0.00500	0.00480	0.00866	0.01329	0.01643	0.11171	0.21113	0.54334	0.01549	0.00711	0.00207	0.00307	0.01325	0.00558	0.00500
21	0.01556	0.01530	0.02156	0.15978	0.48493	0.10215	0.01649	0.07795	0.01476	0.01952	0.01104	0.01433	0.00897	0.00563	0.00581	0.00177	0.00755	0.00510	0.00314	0.00865
22	0.00717	0.00529	0.00671	0.00785	0.00848	0.00484	0.00532	0.00828	0.01169	0.01525	0.03730	0.66225	0.16213	0.01792	0.00745	0.00233	0.00336	0.01607	0.00549	0.00484
23	0.04823	0.17494	0.07673	0.01134	0.01623	0.13801	0.01006	0.07197	0.04871	0.07220	0.01157	0.01252	0.00909	0.00552	0.00479	0.00136	0.00638	0.00400	0.00373	0.27262
24	0.00825	0.00579	0.00635	0.00635	0.00679	0.00557	0.00378	0.00858	0.00967	0.01246	0.02768	0.04269	0.18186	0.62176	0.02503	0.00491	0.00513	0.00945	0.00400	0.00389
25	0.01184	0.01137	0.09080	0.01276	0.08110	0.01010	0.00995	0.10579	0.04099	0.03112	0.18980	0.07662	0.07305	0.02772	0.09493	0.00289	0.05104	0.03351	0.03770	0.00691
26	0.01226	0.01051	0.01226	0.00876	0.01401	0.00788	0.00701	0.01489	0.01226	0.01927	0.01051	0.01226	0.00876	0.00438	0.00438	0.00088	0.00438	0.00350	0.00350	0.82832
27	0.08814	0.01255	0.01475	0.06509	0.10393	0.14012	0.08870	0.01532	0.01324	0.04203	0.04366	0.25089	0.07664	0.01046	0.00632	0.00198	0.00622	0.00923	0.00423	0.00652
28	0.01630	0.04776	0.01499	0.14492	0.08634	0.01238	0.01056	0.07195	0.20914	0.16089	0.01819	0.01880	0.01334	0.00688	0.00555	0.00179	0.00540	0.00572	0.14076	0.00834
29	0.25231	0.00726	0.00675	0.00662	0.00832	0.00776	0.00484	0.01336	0.01093	0.02078	0.01724	0.09748	0.01610	0.14833	0.00899	0.00239	0.00389	0.00651	0.35479	0.00536
30	0.01188	0.02356	0.52835	0.08474	0.02360	0.01204	0.01793	0.01757	0.01337	0.05400	0.13901	0.01861	0.01619	0.00684	0.00589	0.00188	0.00746	0.00562	0.00343	0.00806
31	0.00860	0.00575	0.00654	0.00654	0.00657	0.00578	0.00369	0.00866	0.00863	0.01153	0.01855	0.03827	0.02131	0.77117	0.05084	0.00584	0.00602	0.00854	0.00357	0.00363
32	0.00831	0.00600	0.00719	0.00717	0.00870	0.00532	0.00527	0.01024	0.01441	0.04748	0.31534	0.19888	0.31547	0.01431	0.00706	0.00202	0.00308	0.01243	0.00595	0.00537
33	0.01388	0.01115	0.01348	0.01186	0.01405	0.01310	0.00942	0.20027	0.15782	0.02206	0.01729	0.08945	0.01542	0.03290	0.21978	0.00422	0.13492	0.00696	0.00455	0.00742
34	0.12604	0.08794	0.01669	0.01202	0.01630	0.11600	0.00990	0.39651	0.02075	0.02871	0.01218	0.01293	0.00918	0.00636	0.00516	0.00162	0.00646	0.00453	0.04318	0.06756
35	0.01572	0.01568	0.09658	0.08514	0.07206	0.05050	0.01276	0.24884	0.05932	0.02344	0.01598	0.06438	0.05042	0.00834	0.00830	0.00198	0.13904	0.00625	0.00425	0.02101

[dist]
# distance from previous block
# <min> <max>
2	39

[block]
# block no. 4 follows, 39 sequences, length 10
# corresponding to MSA columns:
# 647-656
name=unknown_E
#
# <colnr> <probs for GDERKNQSTAVLIFYWHMCP>
#	G	D	E	R	K	N	Q	S	T	A	V	L	I	F	Y	W	H	M	C	P
0	0.01127	0.00923	0.01058	0.02944	0.01299	0.00813	0.00692	0.01572	0.12817	0.04063	0.02735	0.09519	0.19886	0.00900	0.00566	0.00153	0.00411	0.00757	0.00466	0.37299
1	0.01582	0.01388	0.07072	0.01350	0.01614	0.01513	0.01168	0.23044	0.03372	0.07167	0.01286	0.01592	0.01046	0.01514	0.15350	0.00352	0.27855	0.00547	0.00409	0.00780
2	0.01114	0.00939	0.01134	0.00908	0.01249	0.00845	0.00717	0.01453	0.05921	0.02031	0.22722	0.02399	0.05359	0.00781	0.00669	0.00143	0.07387	0.00630	0.00453	0.43146
3	0.01165	0.01108	0.01876	0.04618	0.27199	0.01055	0.14658	0.01489	0.01402	0.01926	0.15453	0.02818	0.15949	0.00827	0.00639	0.00182	0.00591	0.00784	0.00410	0.05852
4	0.00790	0.00603	0.00725	0.00695	0.00855	0.00538	0.00521	0.01025	0.01563	0.02109	0.51700	0.04850	0.29260	0.01307	0.00698	0.00191	0.00286	0.01130	0.00616	0.00538
5	0.02200	0.00902	0.01223	0.00981	0.01354	0.00788	0.00792	0.02430	0.01656	0.57784	0.16040	0.06977	0.02379	0.00887	0.00623	0.00187	0.00452	0.00747	0.00706	0.00892
6	0.00719	0.00590	0.00633	0.00644	0.00816	0.00504	0.00475	0.00879	0.01363	0.01684	0.14313	0.14183	0.58140	0.01504	0.00705	0.00203	0.00302	0.01277	0.00562	0.00504
7	0.02074	0.01348	0.01505	0.01197	0.01599	0.01440	0.00980	0.48587	0.02316	0.15141	0.01786	0.06120	0.01385	0.00812	0.00594	0.00182	0.00572	0.03458	0.07988	0.00917
8	0.01840	0.07896	0.20061	0.01367	0.01890	0.08777	0.01322	0.31091	0.01920	0.08790	0.01330	0.01440	0.00982	0.00986	0.07434	0.00244	0.00816	0.00492	0.00441	0.00881
9	0.01827	0.01422	0.01605	0.01634	0.14492	0.09040	0.01108	0.30722	0.01955	0.10220	0.01802	0.16101	0.01628	0.00910	0.00622	0.00190	0.00626	0.02731	0.00515	0.00850

[dist]
# distance from previous block
# <min> <max>
0	1

[block]
# block no. 5 follows, 39 sequences, length 13
# corresponding to MSA columns:
# 658,659,664-674
name=unknown_F
#
# <colnr> <probs for GDERKNQSTAVLIFYWHMCP>
#	G	D	E	R	K	N	Q	S	T	A	V	L	I	F	Y	W	H	M	C	P
0	0.01531	0.10838	0.01842	0.01856	0.23203	0.01490	0.01171	0.05955	0.32393	0.05315	0.01744	0.01898	0.01391	0.05933	0.00730	0.00207	0.00575	0.00587	0.00457	0.00882
1	0.14037	0.06464	0.01628	0.04967	0.01733	0.01228	0.07559	0.12367	0.01474	0.08462	0.01177	0.01314	0.00898	0.00538	0.00491	0.00142	0.00560	0.00432	0.00405	0.34126
2	0.01355	0.07082	0.18043	0.21744	0.06733	0.01310	0.01367	0.12562	0.01465	0.02104	0.01298	0.01573	0.00986	0.00615	0.00529	0.00172	0.00653	0.00498	0.19155	0.00758
3	0.00743	0.00601	0.00660	0.00645	0.00826	0.00518	0.00484	0.00934	0.01451	0.01843	0.27964	0.05287	0.53161	0.01406	0.00698	0.00195	0.00293	0.01191	0.00581	0.00518
4	0.01067	0.00863	0.01184	0.01090	0.01193	0.01057	0.00859	0.07332	0.01088	0.01563	0.01417	0.02169	0.01347	0.10776	0.46205	0.00692	0.18566	0.00621	0.00331	0.00579
5	0.00721	0.00581	0.00643	0.00669	0.00823	0.00502	0.00486	0.00877	0.01340	0.01676	0.14166	0.22202	0.50158	0.01542	0.00711	0.00207	0.00307	0.01324	0.00562	0.00502
6	0.00834	0.00608	0.00799	0.00799	0.00876	0.00651	0.00567	0.00961	0.00962	0.01315	0.02183	0.03270	0.10037	0.31518	0.41217	0.00728	0.01069	0.00786	0.00358	0.00463
7	0.01643	0.01486	0.02097	0.02724	0.47603	0.04932	0.01507	0.17531	0.01663	0.02302	0.01164	0.01409	0.00937	0.00561	0.00568	0.00165	0.00678	0.00501	0.00365	0.10163
8	0.01146	0.00982	0.01131	0.00834	0.01310	0.00744	0.00662	0.01392	0.01245	0.01877	0.01803	0.01906	0.12201	0.00599	0.00478	0.00105	0.00417	0.00487	0.00381	0.70301
9	0.01410	0.01373	0.01389	0.01527	0.12668	0.14745	0.01001	0.02196	0.31109	0.01946	0.02130	0.20065	0.01992	0.02884	0.00682	0.00207	0.00584	0.00840	0.00483	0.00769
10	0.22786	0.01533	0.25512	0.01109	0.01521	0.01015	0.01141	0.01445	0.01165	0.01957	0.01982	0.23905	0.04568	0.01052	0.00592	0.00209	0.00563	0.06884	0.00402	0.00658
11	0.17284	0.06380	0.06354	0.01410	0.01886	0.10146	0.10169	0.34483	0.01963	0.02789	0.01166	0.01278	0.00866	0.00621	0.00542	0.00176	0.00717	0.00478	0.00440	0.00852
12	0.01833	0.21944	0.01912	0.01174	0.01581	0.09930	0.00991	0.29231	0.11962	0.02525	0.01402	0.01455	0.01082	0.00656	0.00511	0.00160	0.00624	0.00480	0.09698	0.00846

[dist]
# distance from previous block
# <min> <max>
9	20

[block]
# block no. 6 follows, 39 sequences, length 32
# corresponding to MSA columns:
# 698-729
name=unknown_G
#
# <colnr> <probs for GDERKNQSTAVLIFYWHMCP>
#	G	D	E	R	K	N	Q	S	T	A	V	L	I	F	Y	W	H	M	C	P
0	0.01506	0.01184	0.01461	0.01565	0.15121	0.01274	0.01048	0.20862	0.19142	0.02549	0.06514	0.07254	0.01909	0.00878	0.00611	0.00191	0.00527	0.06685	0.08889	0.00830
1	0.06017	0.01600	0.01531	0.07376	0.06011	0.20625	0.01071	0.10397	0.10431	0.18307	0.01574	0.01733	0.01184	0.00689	0.00565	0.00174	0.00689	0.03211	0.00478	0.06335
2	0.01383	0.08938	0.01558	0.01098	0.01473	0.05810	0.09035	0.11486	0.01592	0.06740	0.09086	0.02926	0.23682	0.00904	0.00600	0.00169	0.00539	0.00761	0.00476	0.11743
3	0.01023	0.00707	0.00824	0.00728	0.00983	0.00596	0.00560	0.01233	0.01461	0.09900	0.24539	0.04313	0.37210	0.01186	0.00651	0.00178	0.00335	0.01002	0.00570	0.12000
4	0.01355	0.01948	0.23949	0.01627	0.01995	0.06949	0.07397	0.01858	0.09497	0.01717	0.01091	0.01393	0.00895	0.00794	0.01177	0.00218	0.34560	0.00516	0.00302	0.00762
5	0.00989	0.00666	0.00731	0.00722	0.00898	0.00630	0.00530	0.01300	0.08551	0.06485	0.03906	0.17377	0.32347	0.06140	0.00784	0.00218	0.00350	0.01073	0.15731	0.00572
6	0.00761	0.00575	0.00713	0.00806	0.00914	0.00527	0.00599	0.00913	0.01247	0.01590	0.04097	0.41098	0.26374	0.01696	0.00750	0.00234	0.00370	0.15690	0.00548	0.00499
7	0.01155	0.01020	0.01633	0.17400	0.33449	0.01057	0.01295	0.01456	0.01309	0.01831	0.09129	0.12837	0.06460	0.00864	0.00616	0.00189	0.00572	0.00788	0.06216	0.00725
8	0.00849	0.00616	0.00861	0.00861	0.00936	0.00691	0.00628	0.00999	0.00924	0.01307	0.01666	0.02775	0.01675	0.26288	0.55289	0.00840	0.01289	0.00700	0.00329	0.00478
9	0.01963	0.02320	0.01489	0.01364	0.01637	0.57932	0.01022	0.06647	0.01653	0.01653	0.01286	0.10045	0.01190	0.00763	0.00554	0.00163	0.00901	0.00551	0.06192	0.00673
10	0.01620	0.06140	0.01717	0.03228	0.23462	0.01119	0.01105	0.04604	0.01423	0.17296	0.01643	0.01735	0.05652	0.00609	0.00536	0.00149	0.00549	0.00518	0.00426	0.26471
11	0.01241	0.01220	0.07681	0.12121	0.05863	0.09537	0.00989	0.01536	0.03210	0.06989	0.20331	0.02982	0.06995	0.14437	0.01038	0.00253	0.00595	0.01899	0.00446	0.00638
12	0.01050	0.00690	0.00906	0.00910	0.01039	0.00719	0.00665	0.01361	0.09114	0.09027	0.02405	0.31087	0.02491	0.10135	0.25011	0.00488	0.00788	0.01048	0.00481	0.00586
13	0.22370	0.37196	0.02271	0.01268	0.05259	0.15270	0.05587	0.01878	0.01256	0.01779	0.00877	0.01039	0.00747	0.00536	0.00434	0.00152	0.00692	0.00364	0.00296	0.00727
14	0.00878	0.00600	0.00742	0.00749	0.00892	0.00537	0.00545	0.01062	0.01414	0.06567	0.28662	0.28142	0.24090	0.01462	0.00709	0.00207	0.00319	0.01282	0.00596	0.00546
15	0.01031	0.00562	0.00586	0.00580	0.00716	0.00549	0.00429	0.01283	0.01277	0.02124	0.10192	0.02795	0.07643	0.04712	0.00595	0.00169	0.00293	0.00676	0.63250	0.00538
16	0.00861	0.00602	0.00742	0.00738	0.00885	0.00539	0.00541	0.01060	0.01456	0.05610	0.35301	0.22380	0.24257	0.01419	0.00706	0.00203	0.00311	0.01241	0.00603	0.00546
17	0.01672	0.01130	0.01300	0.01115	0.01413	0.01190	0.00879	0.36250	0.02018	0.10030	0.05392	0.25132	0.02277	0.02438	0.00699	0.00209	0.00520	0.04955	0.00589	0.00792
18	0.14298	0.01204	0.01366	0.01075	0.01502	0.01221	0.00884	0.25504	0.01915	0.35723	0.02035	0.01898	0.05798	0.00745	0.00563	0.00181	0.00528	0.00574	0.02074	0.00912
19	0.01731	0.61285	0.02760	0.01134	0.01592	0.20091	0.01043	0.01912	0.01315	0.01405	0.00844	0.00977	0.00760	0.00531	0.00416	0.00133	0.00736	0.00332	0.00265	0.00741
20	0.01754	0.03057	0.01617	0.09174	0.11757	0.27142	0.01151	0.13172	0.01689	0.06652	0.01956	0.02178	0.11978	0.00788	0.00592	0.00177	0.00748	0.03247	0.00416	0.00756
21	0.01625	0.08386	0.15181	0.01475	0.07219	0.08763	0.01252	0.24264	0.08682	0.02375	0.01614	0.13498	0.01440	0.00830	0.00589	0.00184	0.00668	0.00674	0.00445	0.00836
22	0.83394	0.01144	0.00869	0.00778	0.01144	0.01327	0.00640	0.01738	0.01006	0.02653	0.00823	0.00961	0.00640	0.00549	0.00366	0.00183	0.00457	0.00320	0.00366	0.00640
23	0.37763	0.19638	0.01336	0.00831	0.01138	0.01302	0.00693	0.01459	0.01109	0.01998	0.01796	0.20156	0.06993	0.00925	0.00488	0.00185	0.00460	0.00717	0.00397	0.00619
24	0.00741	0.00564	0.00682	0.00729	0.00844	0.00505	0.00518	0.00902	0.01333	0.01744	0.21317	0.36641	0.28179	0.01581	0.00722	0.00214	0.00313	0.01391	0.00573	0.00505
25	0.01430	0.50250	0.31095	0.01270	0.01917	0.01970	0.01461	0.01810	0.01220	0.01576	0.00914	0.01064	0.00755	0.00527	0.00449	0.00150	0.00725	0.00363	0.00252	0.00803
26	0.00763	0.00579	0.00681	0.00698	0.00820	0.00521	0.00494	0.00924	0.01340	0.01756	0.25468	0.21683	0.30051	0.10362	0.00975	0.00247	0.00335	0.01249	0.00558	0.00496
27	0.00926	0.00563	0.00778	0.00763	0.00818	0.00559	0.00529	0.00921	0.01087	0.01503	0.24653	0.02964	0.02666	0.12645	0.09402	0.37126	0.00555	0.00749	0.00401	0.00393
28	0.01464	0.59566	0.06754	0.00959	0.01413	0.01931	0.00960	0.01699	0.01212	0.01580	0.01055	0.01214	0.00908	0.00545	0.00397	0.00132	0.00576	0.00370	0.16541	0.00724
29	0.01437	0.00932	0.01164	0.05730	0.01441	0.00895	0.00793	0.01985	0.15979	0.17846	0.26992	0.02702	0.02790	0.00846	0.00602	0.00171	0.00425	0.00722	0.00579	0.15970
30	0.01469	0.20067	0.16986	0.01332	0.01796	0.09048	0.06329	0.03246	0.20541	0.01811	0.01356	0.01502	0.01077	0.00785	0.00737	0.09601	0.00694	0.00493	0.00358	0.00771
31	0.01623	0.01522	0.01384	0.01225	0.01536	0.15180	0.00945	0.11829	0.41806	0.02294	0.02076	0.02128	0.04484	0.05740	0.02083	0.00226	0.01939	0.00631	0.00518	0.00834

[dist]
# distance from previous block
# <min> <max>
5	64

[block]
# block no. 7 follows, 39 sequences, length 99
# corresponding to MSA columns:
# 795-821,823-857,867-893,928-937
name=unknown_H
#
# <colnr> <probs for GDERKNQSTAVLIFYWHMCP>
#	G	D	E	R	K	N	Q	S	T	A	V	L	I	F	Y	W	H	M	C	P
0	0.12147	0.06768	0.07818	0.01961	0.23848	0.17438	0.01314	0.09661	0.01520	0.05799	0.01102	0.01274	0.00866	0.00573	0.00524	0.00165	0.00727	0.00443	0.00356	0.05694
1	0.01264	0.05284	0.06724	0.07688	0.24124	0.01259	0.19191	0.01633	0.01329	0.01840	0.06240	0.02010	0.07242	0.00795	0.03634	0.00207	0.00741	0.00635	0.00337	0.07821
2	0.00744	0.00571	0.00643	0.00679	0.00790	0.00512	0.00466	0.00860	0.01213	0.01532	0.08536	0.25514	0.37192	0.16669	0.01163	0.00283	0.00364	0.01282	0.00518	0.00470
3	0.09862	0.01469	0.05819	0.20297	0.25603	0.06410	0.01447	0.08029	0.08677	0.04933	0.01254	0.01493	0.00962	0.00603	0.00562	0.00184	0.00696	0.00508	0.00364	0.00828
4	0.00847	0.00590	0.00718	0.00714	0.00757	0.00603	0.00458	0.00921	0.00969	0.01315	0.07891	0.03683	0.05967	0.53482	0.18088	0.00602	0.00746	0.00849	0.00383	0.00417
5	0.01783	0.01600	0.08068	0.10017	0.13188	0.01557	0.10475	0.35285	0.01992	0.05326	0.01325	0.01557	0.00993	0.03324	0.00685	0.00197	0.00727	0.00558	0.00444	0.00899
6	0.00844	0.00598	0.00799	0.00866	0.00931	0.00614	0.00636	0.00983	0.01068	0.01438	0.02449	0.22920	0.02733	0.24126	0.19008	0.00506	0.00743	0.17826	0.00441	0.00472
7	0.01464	0.01405	0.02400	0.03630	0.75528	0.01405	0.01815	0.01815	0.01347	0.01932	0.01112	0.01464	0.00937	0.00527	0.00585	0.00176	0.00703	0.00527	0.00293	0.00937
8	0.10737	0.01452	0.01512	0.01194	0.01616	0.01595	0.00979	0.54406	0.04351	0.03299	0.01981	0.01951	0.10718	0.00798	0.00582	0.00182	0.00579	0.00607	0.00562	0.00898
9	0.01254	0.16157	0.63646	0.01570	0.02381	0.01539	0.01984	0.01855	0.01241	0.01790	0.01020	0.01197	0.00751	0.00552	0.00531	0.00177	0.00833	0.00416	0.00250	0.00854
10	0.01471	0.01270	0.01337	0.01203	0.01538	0.01471	0.00936	0.03142	0.74459	0.02474	0.02407	0.02206	0.01805	0.00802	0.00602	0.00201	0.00468	0.00669	0.00602	0.00936
11	0.04498	0.76776	0.03019	0.01004	0.01504	0.02304	0.00999	0.01770	0.01195	0.01436	0.00822	0.00949	0.00755	0.00507	0.00379	0.00129	0.00626	0.00316	0.00257	0.00755
12	0.00790	0.00602	0.00843	0.00905	0.00954	0.00600	0.03071	0.00898	0.01102	0.01483	0.02914	0.64638	0.03462	0.09103	0.01035	0.00271	0.04831	0.01503	0.00506	0.00489
13	0.00850	0.00613	0.00847	0.00847	0.00917	0.00683	0.00610	0.00990	0.00920	0.01296	0.01679	0.02848	0.01706	0.29802	0.51818	0.00823	0.01241	0.00710	0.00331	0.00470
14	0.01216	0.07902	0.70033	0.01659	0.02504	0.01437	0.03547	0.01867	0.01249	0.01843	0.01049	0.01236	0.00753	0.00557	0.00553	0.00184	0.00861	0.00435	0.00251	0.00865
15	0.00740	0.00530	0.00690	0.00810	0.00852	0.00497	0.00545	0.00843	0.01127	0.01493	0.03249	0.66770	0.06631	0.08269	0.00943	0.00268	0.00368	0.04369	0.00533	0.00473
16	0.01486	0.01039	0.01737	0.17117	0.06840	0.01063	0.16348	0.01824	0.01341	0.15692	0.01579	0.01834	0.01165	0.00638	0.00605	0.00178	0.03164	0.00583	0.25030	0.00738
17	0.01464	0.01405	0.02400	0.03630	0.75528	0.01405	0.01815	0.01815	0.01347	0.01932	0.01112	0.01464	0.00937	0.00527	0.00585	0.00176	0.00703	0.00527	0.00293	0.00937
18	0.01386	0.01277	0.01132	0.01072	0.01261	0.22735	0.00813	0.01580	0.01323	0.07596	0.08579	0.10127	0.01912	0.02264	0.29589	0.00470	0.01028	0.00704	0.04540	0.00611
19	0.01624	0.01661	0.02205	0.06722	0.54754	0.15343	0.01648	0.05512	0.01472	0.01913	0.01088	0.01394	0.00901	0.00554	0.00576	0.00172	0.00771	0.00500	0.00309	0.00880
20	0.01360	0.01122	0.01174	0.01069	0.01367	0.01272	0.00828	0.02725	0.58935	0.02367	0.02635	0.02489	0.07731	0.00844	0.00585	0.00192	0.00429	0.00700	0.11325	0.00850
21	0.00946	0.00794	0.01141	0.01077	0.01162	0.00989	0.00858	0.01133	0.00965	0.01400	0.01665	0.02284	0.06006	0.03409	0.53530	0.00732	0.20393	0.00644	0.00317	0.00556
22	0.02179	0.00931	0.01246	0.00977	0.01377	0.00801	0.00794	0.02421	0.01651	0.55428	0.16597	0.02423	0.02228	0.00802	0.00602	0.00176	0.00454	0.00668	0.00685	0.07559
23	0.00845	0.00711	0.00758	0.00789	0.00916	0.05373	0.00568	0.01014	0.01377	0.01769	0.23529	0.32579	0.23532	0.01498	0.00711	0.00209	0.00363	0.02375	0.00561	0.00521
24	0.01885	0.01211	0.01223	0.01007	0.01335	0.07598	0.00806	0.26455	0.01891	0.16725	0.01745	0.01802	0.01267	0.00698	0.00519	0.00161	0.00515	0.00538	0.31813	0.00805
25	0.00799	0.00608	0.00749	0.00806	0.00947	0.00558	0.00631	0.00997	0.01366	0.01760	0.16176	0.19390	0.29639	0.01555	0.00743	0.00226	0.00375	0.21591	0.00565	0.00519
26	0.02231	0.01502	0.01457	0.01184	0.01573	0.16999	0.00947	0.21050	0.01954	0.31962	0.08212	0.01879	0.01562	0.00741	0.00583	0.00174	0.00631	0.00574	0.03905	0.00881
27	0.00772	0.00579	0.00663	0.00680	0.00824	0.00515	0.00496	0.00955	0.01378	0.01828	0.22945	0.20604	0.36162	0.01433	0.00687	0.00200	0.00302	0.01237	0.07227	0.00515
28	0.02245	0.01606	0.01737	0.01338	0.01805	0.01766	0.01103	0.67104	0.05176	0.07809	0.01506	0.01481	0.01059	0.00714	0.00592	0.00179	0.00636	0.00541	0.00600	0.01003
29	0.01413	0.01239	0.01292	0.01000	0.01447	0.07441	0.00787	0.12440	0.01491	0.02116	0.01324	0.09282	0.01200	0.00641	0.00502	0.00123	0.00514	0.00519	0.00404	0.54824
30	0.01823	0.50152	0.02558	0.01201	0.01637	0.27798	0.01061	0.04896	0.01428	0.01506	0.00878	0.01008	0.00770	0.00550	0.00441	0.00137	0.00782	0.00347	0.00284	0.00744
31	0.55282	0.01495	0.16853	0.00978	0.01427	0.01251	0.00963	0.01751	0.01077	0.06051	0.01000	0.01226	0.00781	0.03801	0.00603	0.03480	0.00555	0.00388	0.00355	0.00682
32	0.01373	0.02184	0.36212	0.11711	0.04605	0.07366	0.11998	0.01870	0.01340	0.06527	0.05535	0.01571	0.01114	0.00625	0.00641	0.00189	0.03481	0.00534	0.00319	0.00803
33	0.01012	0.00883	0.00839	0.00855	0.00934	0.10580	0.00571	0.01151	0.04071	0.01384	0.02333	0.26159	0.05403	0.34131	0.06719	0.00412	0.00620	0.01039	0.00424	0.00479
34	0.01033	0.00640	0.00862	0.00924	0.01046	0.00609	0.00716	0.01217	0.01297	0.09636	0.08766	0.32292	0.03455	0.07880	0.00939	0.00268	0.00447	0.26857	0.00560	0.00557
35	0.02536	0.00981	0.01335	0.01032	0.01469	0.00849	0.00849	0.02768	0.01691	0.71206	0.07020	0.02168	0.01729	0.00763	0.00601	0.00183	0.00489	0.00625	0.00727	0.00978
36	0.00820	0.00643	0.00756	0.00774	0.00941	0.00595	0.00602	0.01097	0.05091	0.01852	0.21657	0.11330	0.35597	0.01448	0.00720	0.00213	0.00353	0.14393	0.00575	0.00542
37	0.00989	0.00793	0.01108	0.04663	0.07564	0.00869	0.00842	0.05674	0.01195	0.01640	0.02282	0.39651	0.02556	0.06831	0.10927	0.00345	0.08946	0.02103	0.00443	0.00578
38	0.06544	0.01154	0.01198	0.00988	0.01311	0.01261	0.00796	0.35596	0.06617	0.02967	0.01654	0.01760	0.01241	0.00698	0.00507	0.00163	0.00476	0.00536	0.33737	0.00796
39	0.01649	0.06635	0.26756	0.01455	0.01954	0.04572	0.01473	0.17178	0.06223	0.08940	0.01263	0.01400	0.00943	0.00716	0.00835	0.00195	0.16069	0.00493	0.00393	0.00859
40	0.01757	0.56496	0.02668	0.01156	0.01606	0.21847	0.01047	0.03399	0.02649	0.01472	0.00886	0.01011	0.00783	0.00542	0.00428	0.00136	0.00744	0.00344	0.00280	0.00748
41	0.26156	0.01052	0.01161	0.01017	0.01294	0.01200	0.00822	0.16483	0.01390	0.06671	0.01328	0.01659	0.01095	0.02115	0.30014	0.00481	0.04444	0.00510	0.00411	0.00695
42	0.01218	0.00914	0.01196	0.01317	0.10852	0.00968	0.00870	0.09340	0.05840	0.04454	0.02101	0.13212	0.02181	0.24570	0.01457	0.00327	0.05152	0.12947	0.00455	0.00629
43	0.00719	0.00570	0.00648	0.00691	0.00827	0.00498	0.00494	0.00865	0.01303	0.01640	0.11556	0.31148	0.43761	0.01595	0.00718	0.00213	0.00313	0.01383	0.00559	0.00498
44	0.01097	0.01022	0.01707	0.70910	0.03805	0.01274	0.01565	0.01468	0.01168	0.01505	0.01148	0.04621	0.00931	0.00766	0.02938	0.00223	0.02356	0.00574	0.00276	0.00646
45	0.00707	0.00569	0.00631	0.00680	0.00820	0.00492	0.00485	0.00840	0.01270	0.01566	0.05004	0.32118	0.49498	0.01626	0.00719	0.00214	0.00315	0.01405	0.00549	0.00492
46	0.00853	0.00603	0.00793	0.00793	0.00845	0.00654	0.00543	0.00955	0.00904	0.01256	0.01728	0.03119	0.01824	0.42906	0.38875	0.00756	0.01064	0.00750	0.00338	0.00441
47	0.01310	0.01177	0.01869	0.40621	0.24989	0.01326	0.01544	0.09386	0.01401	0.01878	0.01299	0.08155	0.01125	0.00693	0.00604	0.00192	0.00709	0.00626	0.00332	0.00764
48	0.00930	0.00678	0.00732	0.00712	0.00806	0.00688	0.00462	0.01215	0.11633	0.01478	0.02731	0.03892	0.15983	0.49119	0.02091	0.00426	0.00491	0.00891	0.04565	0.00479
49	0.06843	0.01510	0.09725	0.12956	0.09785	0.01411	0.10755	0.18860	0.06951	0.10292	0.01464	0.04304	0.01113	0.00670	0.00594	0.00189	0.00693	0.00587	0.00438	0.00859
50	0.01513	0.01291	0.01361	0.01212	0.01554	0.01491	0.00946	0.06950	0.70583	0.02542	0.02354	0.02164	0.01762	0.00797	0.00601	0.00199	0.00478	0.00661	0.00601	0.00940
51	0.27226	0.00836	0.00932	0.00959	0.01183	0.00879	0.00804	0.01479	0.01251	0.08042	0.02348	0.12229	0.02424	0.01240	0.00649	0.00233	0.00492	0.35685	0.00504	0.00606
52	0.01439	0.01380	0.02356	0.08844	0.70504	0.01399	0.01803	0.01794	0.01335	0.01902	0.01108	0.01472	0.00926	0.00531	0.00586	0.00177	0.00709	0.00527	0.00291	0.00917
53	0.00804	0.00533	0.00654	0.00750	0.00823	0.00501	0.00518	0.00950	0.01179	0.01670	0.03225	0.54617	0.09919	0.01570	0.00678	0.00215	0.00328	0.02633	0.17935	0.00498
54	0.01155	0.00762	0.01044	0.05826	0.01292	0.00823	0.00776	0.06325	0.01213	0.10231	0.02082	0.06032	0.07555	0.09212	0.42187	0.00635	0.01100	0.00731	0.00414	0.00607
55	0.01277	0.01215	0.02063	0.43519	0.37097	0.01356	0.01722	0.01651	0.01258	0.01706	0.01079	0.01524	0.00857	0.00562	0.00589	0.00187	0.00749	0.00526	0.00277	0.00786
56	0.00809	0.00603	0.00752	0.00715	0.00866	0.00546	0.00536	0.01062	0.01608	0.02216	0.61301	0.04674	0.19592	0.01267	0.00698	0.00189	0.00283	0.01105	0.00631	0.00546
57	0.00847	0.00626	0.00910	0.00910	0.01002	0.00717	0.00689	0.01030	0.00939	0.01343	0.01621	0.02526	0.01566	0.14231	0.67198	0.00901	0.01452	0.00663	0.00322	0.00506
58	0.01421	0.64842	0.02649	0.00977	0.01395	0.01993	0.00926	0.01594	0.01189	0.01413	0.01276	0.15460	0.01346	0.00757	0.00449	0.00148	0.00579	0.00571	0.00308	0.00707
59	0.01210	0.07594	0.71823	0.01646	0.02498	0.01431	0.02115	0.01867	0.01246	0.01844	0.01047	0.01231	0.00750	0.00559	0.00551	0.00184	0.00860	0.00430	0.00250	0.00867
