[name]
unknown

[dist]
# distance from previous block
# <min> <max>
9	159

[block]
# block no. 0 follows, 43 sequences, length 43
# corresponding to MSA columns:
# 196-238
name=unknown_A
#
# <colnr> <probs for GDERKNQSTAVLIFYWHMCP>
#	G	D	E	R	K	N	Q	S	T	A	V	L	I	F	Y	W	H	M	C	P
0	0.01313	0.05153	0.05676	0.01221	0.05101	0.05041	0.02186	0.16398	0.01389	0.01891	0.03960	0.06583	0.06465	0.09487	0.01947	0.00226	0.16921	0.00625	0.02253	0.06164
1	0.05996	0.08691	0.11021	0.01123	0.07434	0.04966	0.00915	0.06447	0.01282	0.08558	0.01445	0.06535	0.01222	0.04840	0.00594	0.00170	0.00514	0.00528	0.19952	0.07766
2	0.07072	0.01314	0.05623	0.01292	0.09162	0.04601	0.00968	0.22056	0.08079	0.09383	0.01575	0.05098	0.03736	0.04615	0.00637	0.00177	0.00547	0.00550	0.00448	0.13066
3	0.09521	0.01403	0.14716	0.03560	0.04852	0.06128	0.01008	0.11614	0.01396	0.05806	0.02188	0.02249	0.18738	0.00979	0.05445	0.00210	0.00612	0.00604	0.00396	0.08574
4	0.05646	0.01237	0.05140	0.06966	0.09409	0.04482	0.00994	0.15694	0.01440	0.05786	0.01238	0.04848	0.01028	0.00919	0.07788	0.00212	0.00645	0.00485	0.00377	0.25666
5	0.01491	0.08082	0.07903	0.01805	0.24065	0.04731	0.01209	0.20925	0.01580	0.03953	0.01417	0.13442	0.01297	0.00735	0.00547	0.00166	0.00599	0.00625	0.00392	0.05035
6	0.04237	0.08736	0.05045	0.00978	0.01265	0.06008	0.00798	0.15044	0.10507	0.04505	0.04851	0.05109	0.01548	0.19233	0.05316	0.00287	0.00605	0.00608	0.00415	0.04905
7	0.01160	0.11838	0.16061	0.04924	0.01594	0.01066	0.06997	0.05150	0.01283	0.06663	0.04807	0.02592	0.23606	0.00897	0.00660	0.05453	0.00547	0.00679	0.00384	0.03640
8	0.01114	0.01261	0.19595	0.01182	0.05120	0.00894	0.01051	0.01506	0.07108	0.09942	0.10529	0.26709	0.02339	0.01160	0.03328	0.00219	0.04938	0.00893	0.00445	0.00666
9	0.01430	0.08664	0.23444	0.01270	0.02593	0.26482	0.01203	0.05301	0.01314	0.01546	0.01334	0.03810	0.05188	0.06689	0.03555	0.03925	0.00791	0.00502	0.00301	0.00656
10	0.01528	0.10882	0.20274	0.01463	0.07778	0.22774	0.04878	0.01837	0.01348	0.08955	0.04367	0.04407	0.05831	0.00664	0.00530	0.00162	0.00729	0.00527	0.00340	0.00724
11	0.01266	0.13486	0.39599	0.05287	0.05020	0.01335	0.05155	0.05782	0.01293	0.05634	0.04056	0.01669	0.04761	0.00625	0.00531	0.00170	0.00696	0.02551	0.00315	0.00768
12	0.00780	0.00582	0.00776	0.04672	0.01010	0.00603	0.00611	0.00979	0.04722	0.01406	0.02517	0.40626	0.05034	0.13004	0.15072	0.00386	0.00599	0.05708	0.00439	0.00476
13	0.00697	0.00506	0.00663	0.00780	0.00836	0.00472	0.00547	0.00815	0.01102	0.01448	0.03271	0.65239	0.10231	0.01682	0.00709	0.00225	0.00338	0.09466	0.00514	0.00458
14	0.04316	0.18829	0.19663	0.06607	0.11931	0.04506	0.12712	0.07903	0.01338	0.05661	0.01047	0.01238	0.00801	0.00524	0.00510	0.00162	0.00720	0.00448	0.00303	0.00781
15	0.01267	0.09495	0.15086	0.03629	0.38557	0.01329	0.06365	0.01712	0.05973	0.01783	0.05493	0.01650	0.04076	0.00584	0.00543	0.00166	0.00648	0.00533	0.00310	0.00802
16	0.01662	0.00753	0.00991	0.00845	0.01125	0.00667	0.00673	0.01873	0.01465	0.40872	0.17174	0.09756	0.09037	0.00967	0.00597	0.00179	0.00389	0.04381	0.05867	0.00727
17	0.00844	0.00612	0.00709	0.00668	0.00850	0.00551	0.00507	0.01103	0.04728	0.06084	0.35736	0.04482	0.38651	0.01218	0.00644	0.00181	0.00290	0.01039	0.00567	0.00536
18	0.01428	0.04376	0.04744	0.13942	0.37293	0.01296	0.06841	0.06417	0.05034	0.08278	0.01277	0.04373	0.01031	0.00587	0.00556	0.00172	0.00651	0.00547	0.00343	0.00814
19	0.01255	0.01055	0.01687	0.05356	0.44216	0.01055	0.01301	0.01585	0.03969	0.06552	0.06176	0.08583	0.04325	0.00812	0.00599	0.00184	0.00560	0.09588	0.00386	0.00757
20	0.14743	0.00889	0.01069	0.00898	0.01204	0.00902	0.00727	0.08527	0.01366	0.32834	0.01679	0.01769	0.01220	0.01478	0.19023	0.00337	0.00695	0.00516	0.09388	0.00737
21	0.00693	0.00490	0.00637	0.00748	0.00775	0.00462	0.00489	0.00776	0.01024	0.01366	0.02868	0.69393	0.03431	0.12834	0.01004	0.00269	0.00352	0.01466	0.00489	0.00434
22	0.01148	0.00984	0.01148	0.00820	0.01312	0.00738	0.00656	0.01395	0.01148	0.01805	0.00984	0.01148	0.00820	0.00410	0.00410	0.00082	0.00410	0.00328	0.00328	0.83922
23	0.06123	0.02857	0.23135	0.04290	0.01887	0.01272	0.04880	0.22777	0.01604	0.06025	0.03954	0.01366	0.00996	0.00572	0.00514	0.00155	0.00623	0.00457	0.00388	0.16124
24	0.01989	0.02506	0.01581	0.01429	0.01688	0.71137	0.01083	0.02129	0.01502	0.01353	0.00844	0.01019	0.00715	0.00608	0.00623	0.00152	0.08353	0.00369	0.00281	0.00639
25	0.00791	0.00593	0.00890	0.00890	0.00989	0.00692	0.00692	0.00989	0.00890	0.01286	0.01483	0.02176	0.01385	0.04154	0.78341	0.00890	0.01483	0.00593	0.00297	0.00494
26	0.01808	0.37393	0.02162	0.01214	0.01583	0.44496	0.01016	0.01966	0.01372	0.01332	0.00818	0.00950	0.00712	0.00528	0.00435	0.00132	0.00818	0.00330	0.00264	0.00673
27	0.00805	0.00537	0.00604	0.00604	0.00604	0.00537	0.00336	0.00805	0.00805	0.01074	0.01745	0.03624	0.02013	0.80536	0.02819	0.00537	0.00537	0.00805	0.00336	0.00336
28	0.01111	0.02865	0.77667	0.01579	0.02397	0.01286	0.02046	0.01754	0.01169	0.01754	0.00994	0.01169	0.00702	0.00526	0.00526	0.00175	0.00818	0.00409	0.00234	0.00818
29	0.00713	0.00556	0.00647	0.00640	0.00788	0.00490	0.00474	0.00902	0.01377	0.01806	0.36509	0.11767	0.38716	0.01315	0.00659	0.00185	0.00276	0.01133	0.00556	0.00490
30	0.06479	0.00818	0.01122	0.06565	0.04679	0.00796	0.02864	0.01462	0.01189	0.15579	0.08204	0.06176	0.06345	0.04055	0.18915	0.00344	0.00703	0.00647	0.00423	0.12634
31	0.01371	0.01316	0.02248	0.03399	0.77081	0.01316	0.01700	0.01700	0.01261	0.01809	0.01042	0.01371	0.00877	0.00493	0.00548	0.00164	0.00658	0.00493	0.00274	0.00877
32	0.01459	0.00967	0.01028	0.00885	0.01154	0.01050	0.00699	0.20131	0.20808	0.06209	0.01822	0.01874	0.01368	0.00679	0.00482	0.00155	0.00402	0.00542	0.37548	0.00736
33	0.00775	0.00571	0.00644	0.00638	0.00805	0.00493	0.00473	0.00937	0.01310	0.05498	0.18729	0.15229	0.49200	0.01360	0.00657	0.00189	0.00292	0.01161	0.00541	0.00500
34	0.01473	0.20032	0.06259	0.13392	0.16573	0.06230	0.05537	0.01753	0.01240	0.12484	0.01229	0.04433	0.01004	0.00794	0.05080	0.00203	0.00710	0.00500	0.00330	0.00743
35	0.01021	0.00953	0.01524	0.45015	0.18257	0.01069	0.01309	0.01328	0.01176	0.01516	0.02085	0.02361	0.18674	0.00741	0.00576	0.00181	0.00614	0.00652	0.00315	0.00635
36	0.00674	0.00543	0.00601	0.00627	0.00770	0.00470	0.00455	0.00818	0.01250	0.01560	0.13225	0.23009	0.51157	0.01451	0.00667	0.00195	0.00288	0.01246	0.00525	0.00470
37	0.01249	0.06777	0.01462	0.18421	0.06088	0.13429	0.04282	0.01545	0.04959	0.05422	0.06490	0.19160	0.03051	0.00918	0.00588	0.00183	0.00605	0.04354	0.00392	0.00627
38	0.01481	0.01576	0.17593	0.22908	0.08589	0.05499	0.14971	0.01877	0.01291	0.16950	0.01251	0.01464	0.00887	0.00555	0.00564	0.00176	0.00745	0.00510	0.00343	0.00770
39	0.01004	0.04651	0.33521	0.01246	0.04168	0.04399	0.01270	0.01360	0.01174	0.01609	0.05732	0.21912	0.09821	0.00979	0.00649	0.00189	0.04489	0.00817	0.00358	0.00652
40	0.12981	0.01413	0.04347	0.12312	0.29405	0.10912	0.06312	0.05438	0.01295	0.01898	0.01057	0.01331	0.00841	0.00535	0.00507	0.00164	0.00667	0.00459	0.07390	0.00736
41	0.01785	0.00936	0.01182	0.00975	0.01274	0.00948	0.00782	0.16998	0.01542	0.33260	0.01768	0.01954	0.01321	0.06741	0.19021	0.00362	0.01954	0.00566	0.05868	0.00764
42	0.01335	0.01191	0.01827	0.21123	0.31534	0.01278	0.05003	0.12046	0.07063	0.01977	0.01478	0.01722	0.05677	0.00613	0.00557	0.00173	0.00629	0.00555	0.03441	0.00777

[dist]
# distance from previous block
# <min> <max>
0	10

[block]
# block no. 1 follows, 43 sequences, length 25
# corresponding to MSA columns:
# 249-273
name=unknown_B
#
# <colnr> <probs for GDERKNQSTAVLIFYWHMCP>
#	G	D	E	R	K	N	Q	S	T	A	V	L	I	F	Y	W	H	M	C	P
0	0.01475	0.01503	0.01482	0.16514	0.05205	0.21791	0.01106	0.06404	0.16872	0.01788	0.04571	0.01571	0.01179	0.00688	0.00703	0.00176	0.11041	0.00507	0.04726	0.00697
1	0.00740	0.00564	0.00680	0.00651	0.00801	0.00504	0.00488	0.00961	0.01464	0.01976	0.52723	0.04540	0.29445	0.01224	0.00654	0.00179	0.00268	0.01058	0.00577	0.00504
2	0.01836	0.00797	0.01084	0.00895	0.01201	0.00729	0.00721	0.02058	0.01438	0.47887	0.13885	0.02303	0.01988	0.01348	0.13893	0.00292	0.00598	0.00631	0.05641	0.00773
3	0.00675	0.00482	0.00643	0.00771	0.00803	0.00450	0.00514	0.00771	0.01060	0.01414	0.03053	0.80175	0.03663	0.01735	0.00707	0.00225	0.00321	0.01574	0.00514	0.00450
4	0.01307	0.01494	0.03268	0.02334	0.02894	0.01401	0.75070	0.01774	0.01307	0.01774	0.01120	0.01494	0.00840	0.00467	0.00654	0.00187	0.00934	0.00654	0.00280	0.00747
5	0.00776	0.00553	0.00753	0.00877	0.00950	0.00536	0.00677	0.00940	0.01148	0.01512	0.02957	0.44709	0.03397	0.04188	0.00801	0.00248	0.00412	0.33585	0.00506	0.00473
6	0.01148	0.00984	0.01148	0.00820	0.01312	0.00738	0.00656	0.01395	0.01148	0.01805	0.00984	0.01148	0.00820	0.00410	0.00410	0.00082	0.00410	0.00328	0.00328	0.83922
7	0.01111	0.02865	0.77667	0.01579	0.02397	0.01286	0.02046	0.01754	0.01169	0.01754	0.00994	0.01169	0.00702	0.00526	0.00526	0.00175	0.00818	0.00409	0.00234	0.00818
8	0.84448	0.01071	0.00814	0.00728	0.01071	0.01242	0.00600	0.01628	0.00943	0.02485	0.00771	0.00900	0.00600	0.00514	0.00343	0.00171	0.00428	0.00300	0.00343	0.00600
9	0.00675	0.00482	0.00643	0.00771	0.00803	0.00450	0.00514	0.00771	0.01060	0.01414	0.03053	0.80175	0.03663	0.01735	0.00707	0.00225	0.00321	0.01574	0.00514	0.00450
10	0.00675	0.00482	0.00643	0.00771	0.00803	0.00450	0.00514	0.00771	0.01060	0.01414	0.03053	0.80175	0.03663	0.01735	0.00707	0.00225	0.00321	0.01574	0.00514	0.00450
11	0.01331	0.00926	0.01099	0.04034	0.01286	0.05492	0.03961	0.04788	0.06004	0.18280	0.19194	0.03263	0.24119	0.00980	0.00639	0.00179	0.02406	0.00822	0.00535	0.00660
12	0.00935	0.00491	0.00701	0.00701	0.00701	0.00491	0.00456	0.00736	0.00736	0.00981	0.01096	0.02016	0.01142	0.15397	0.02277	0.69602	0.00491	0.00537	0.00257	0.00257
13	0.46964	0.01203	0.01147	0.00936	0.01322	0.01330	0.00772	0.24838	0.01555	0.13493	0.01148	0.01175	0.00817	0.00586	0.00439	0.00170	0.00491	0.00399	0.00458	0.00756
14	0.00890	0.06525	0.01077	0.00893	0.01050	0.00711	0.07832	0.01080	0.01131	0.01616	0.06784	0.40345	0.02624	0.01387	0.05337	0.00229	0.00459	0.01062	0.16156	0.02813
15	0.01243	0.01534	0.22778	0.01434	0.01888	0.01117	0.16983	0.08758	0.01275	0.07338	0.01307	0.01647	0.01035	0.01765	0.26868	0.00418	0.01022	0.00543	0.00330	0.00715
16	0.00664	0.00524	0.00600	0.00661	0.00774	0.00459	0.00465	0.00784	0.01167	0.01457	0.04398	0.40808	0.42161	0.01560	0.00679	0.00205	0.00300	0.01361	0.00514	0.00459
17	0.05583	0.01327	0.01501	0.01155	0.01589	0.01394	0.00954	0.47816	0.02193	0.28358	0.01595	0.01499	0.01072	0.00666	0.00546	0.00168	0.00556	0.00510	0.00590	0.00928
18	0.01495	0.14732	0.32878	0.01268	0.01828	0.01402	0.01366	0.18637	0.01523	0.09680	0.01356	0.08963	0.01116	0.00684	0.00526	0.00169	0.00650	0.00540	0.00381	0.00806
19	0.00655	0.00558	0.00564	0.00568	0.00750	0.00467	0.00424	0.00794	0.01255	0.01493	0.05521	0.07947	0.74298	0.01414	0.00656	0.00188	0.00282	0.01183	0.00514	0.00467
20	0.00710	0.00510	0.00619	0.00690	0.00737	0.00478	0.00448	0.00785	0.01017	0.01327	0.03066	0.46349	0.14460	0.24634	0.01314	0.00310	0.00378	0.01288	0.00462	0.00419
21	0.01078	0.01130	0.07292	0.01940	0.25422	0.01063	0.10449	0.01371	0.01092	0.01561	0.01350	0.08381	0.01261	0.01865	0.26953	0.00423	0.05763	0.00633	0.00298	0.00674
22	0.00912	0.00708	0.00893	0.05574	0.00994	0.00818	0.00595	0.01026	0.03834	0.01197	0.01534	0.02959	0.01677	0.55737	0.05492	0.00465	0.14120	0.00716	0.00322	0.00427
23	0.00840	0.00579	0.00656	0.00648	0.00672	0.00595	0.00384	0.00944	0.05399	0.01159	0.01765	0.03466	0.01966	0.72322	0.05994	0.00531	0.00572	0.00785	0.00348	0.00376
24	0.01400	0.00769	0.00852	0.00746	0.00976	0.00783	0.00585	0.09983	0.08745	0.14116	0.06428	0.02080	0.01617	0.00694	0.00466	0.00148	0.00349	0.00561	0.48035	0.00667

[dist]
# distance from previous block
# <min> <max>
1	3

[block]
# block no. 2 follows, 43 sequences, length 22
# corresponding to MSA columns:
# 277-298
name=unknown_C
#
# <colnr> <probs for GDERKNQSTAVLIFYWHMCP>
#	G	D	E	R	K	N	Q	S	T	A	V	L	I	F	Y	W	H	M	C	P
0	0.01272	0.05466	0.38981	0.01588	0.10243	0.05032	0.01545	0.01817	0.07847	0.05654	0.06110	0.03489	0.01215	0.00654	0.00635	0.00177	0.06658	0.00512	0.00326	0.00779
1	0.01341	0.12353	0.49680	0.01459	0.02092	0.12773	0.01678	0.04545	0.01257	0.01679	0.00942	0.01118	0.00715	0.00559	0.00581	0.00167	0.05642	0.00395	0.00254	0.00771
2	0.00771	0.00560	0.00726	0.00697	0.00823	0.00515	0.00518	0.01015	0.01518	0.02133	0.68609	0.09937	0.07722	0.01188	0.00657	0.00178	0.00267	0.01051	0.00599	0.00515
3	0.00854	0.00691	0.00762	0.00735	0.00913	0.00681	0.00549	0.01313	0.17116	0.01800	0.20357	0.07916	0.34027	0.07214	0.00804	0.00214	0.00336	0.02629	0.00532	0.00557
4	0.00681	0.00562	0.00598	0.00589	0.00764	0.00479	0.00442	0.00846	0.01325	0.01644	0.20130	0.05087	0.62245	0.01347	0.00654	0.00184	0.00277	0.01135	0.00534	0.00479
5	0.00725	0.00523	0.00697	0.00819	0.00881	0.00495	0.00598	0.00861	0.01121	0.01475	0.03156	0.58929	0.07315	0.01670	0.00718	0.00230	0.00364	0.18445	0.00513	0.00465
6	0.53141	0.01163	0.01081	0.00893	0.01272	0.01288	0.00737	0.18832	0.01423	0.13915	0.01112	0.01146	0.00794	0.00575	0.00424	0.00170	0.00477	0.00384	0.00443	0.00730
7	0.01481	0.80869	0.02902	0.00948	0.01421	0.02191	0.00948	0.01658	0.01125	0.01303	0.00770	0.00888	0.00711	0.00474	0.00355	0.00118	0.00592	0.00296	0.00237	0.00711
8	0.00760	0.00565	0.00707	0.00672	0.00813	0.00512	0.00504	0.00999	0.01511	0.02087	0.63642	0.04357	0.18457	0.01182	0.00653	0.00177	0.00265	0.01032	0.00592	0.00512
9	0.01492	0.01204	0.01285	0.01131	0.01460	0.01373	0.00887	0.08403	0.66517	0.06442	0.02180	0.02001	0.01617	0.00741	0.00562	0.00185	0.00453	0.00613	0.00569	0.00885
10	0.00791	0.00593	0.00890	0.00890	0.00989	0.00692	0.00692	0.00989	0.00890	0.01286	0.01483	0.02176	0.01385	0.04154	0.78341	0.00890	0.01483	0.00593	0.00297	0.00494
11	0.84448	0.01071	0.00814	0.00728	0.01071	0.01242	0.00600	0.01628	0.00943	0.02485	0.00771	0.00900	0.00600	0.00514	0.00343	0.00171	0.00428	0.00300	0.00343	0.00600
12	0.43976	0.01008	0.01047	0.00855	0.01240	0.01031	0.00706	0.02157	0.01260	0.39509	0.01469	0.01386	0.00981	0.00599	0.00449	0.00171	0.00450	0.00427	0.00512	0.00769
13	0.01032	0.00516	0.00516	0.00516	0.00645	0.00516	0.00387	0.01290	0.01161	0.02065	0.01807	0.02065	0.01420	0.00645	0.00387	0.00129	0.00258	0.00516	0.83611	0.00516
14	0.01032	0.00516	0.00516	0.00516	0.00645	0.00516	0.00387	0.01290	0.01161	0.02065	0.01807	0.02065	0.01420	0.00645	0.00387	0.00129	0.00258	0.00516	0.83611	0.00516
15	0.00679	0.00562	0.00594	0.00586	0.00763	0.00478	0.00440	0.00842	0.01319	0.01631	0.18886	0.05107	0.63497	0.01352	0.00654	0.00185	0.00277	0.01138	0.00532	0.00478
16	0.01412	0.66461	0.16712	0.01064	0.01602	0.02024	0.01151	0.01676	0.01133	0.01386	0.00811	0.00940	0.00709	0.00483	0.00387	0.00129	0.00634	0.00317	0.00236	0.00731
17	0.01481	0.80869	0.02902	0.00948	0.01421	0.02191	0.00948	0.01658	0.01125	0.01303	0.00770	0.00888	0.00711	0.00474	0.00355	0.00118	0.00592	0.00296	0.00237	0.00711
18	0.00843	0.00710	0.01157	0.01021	0.01172	0.00689	0.14267	0.01015	0.01067	0.01436	0.06334	0.26067	0.08645	0.19097	0.13525	0.00386	0.00660	0.01015	0.00402	0.00492
19	0.01283	0.01086	0.01235	0.01241	0.07063	0.01218	0.00881	0.05976	0.52974	0.02169	0.02265	0.16405	0.01957	0.00909	0.00588	0.00192	0.00442	0.00785	0.00532	0.00801
20	0.03950	0.01073	0.01306	0.01063	0.01441	0.01057	0.00886	0.23917	0.01793	0.35592	0.01970	0.02462	0.01531	0.00816	0.00582	0.00180	0.00515	0.13967	0.00587	0.05311
21	0.06268	0.10946	0.18514	0.06413	0.05070	0.05306	0.05836	0.11124	0.04214	0.11381	0.05005	0.01555	0.03021	0.00625	0.00551	0.00168	0.02347	0.00499	0.00383	0.00774

[dist]
# distance from previous block
# <min> <max>
0	8

[block]
# block no. 3 follows, 43 sequences, length 21
# corresponding to MSA columns:
# 307-327
name=unknown_D
#
# <colnr> <probs for GDERKNQSTAVLIFYWHMCP>
#	G	D	E	R	K	N	Q	S	T	A	V	L	I	F	Y	W	H	M	C	P
0	0.01745	0.07689	0.01685	0.01695	0.22731	0.02795	0.01088	0.17506	0.04899	0.20061	0.01653	0.05459	0.03111	0.00678	0.00538	0.00165	0.00550	0.00568	0.04547	0.00839
1	0.00824	0.00609	0.00757	0.00807	0.00917	0.00580	0.00583	0.06640	0.01244	0.01653	0.06170	0.53775	0.11227	0.01523	0.00680	0.00211	0.00356	0.07231	0.00514	0.03698
2	0.37275	0.01682	0.05066	0.05618	0.11545	0.25483	0.01027	0.01809	0.01200	0.01923	0.00855	0.01044	0.00687	0.00541	0.00470	0.00164	0.02283	0.00363	0.00303	0.00661
3	0.01205	0.00696	0.00863	0.00750	0.00949	0.00694	0.06064	0.07414	0.01309	0.06226	0.01788	0.05181	0.01427	0.00681	0.00443	0.00143	0.00352	0.00571	0.62658	0.00589
4	0.01590	0.60909	0.04696	0.01067	0.01546	0.02052	0.03010	0.16218	0.01424	0.01761	0.00896	0.01000	0.00760	0.00513	0.00407	0.00131	0.00611	0.00349	0.00301	0.00760
5	0.00706	0.00495	0.00633	0.00731	0.00755	0.00471	0.00471	0.00779	0.00999	0.01332	0.02738	0.61753	0.03266	0.20698	0.01215	0.00300	0.00373	0.01389	0.00471	0.00422
6	0.00671	0.00523	0.00609	0.00670	0.00779	0.00462	0.00471	0.00796	0.01179	0.01492	0.07862	0.41549	0.37865	0.01551	0.00680	0.00205	0.00299	0.01357	0.00519	0.00462
7	0.00688	0.00559	0.00610	0.00605	0.00771	0.00481	0.00451	0.00858	0.01332	0.01678	0.23676	0.08223	0.55439	0.01348	0.00656	0.00185	0.00277	0.01143	0.00539	0.00481
8	0.01250	0.01275	0.01691	0.01453	0.01466	0.05112	0.01205	0.01372	0.00880	0.01334	0.00733	0.01202	0.00726	0.00952	0.01759	0.00238	0.76022	0.00479	0.00244	0.00607
9	0.00793	0.00588	0.00861	0.00861	0.00949	0.00676	0.00655	0.00970	0.00881	0.01264	0.01510	0.02325	0.01449	0.12038	0.70546	0.00854	0.01386	0.00615	0.00301	0.00478
10	0.68235	0.01046	0.00907	0.00779	0.01139	0.01158	0.00642	0.01840	0.01070	0.17316	0.01051	0.01095	0.00752	0.00548	0.00385	0.00171	0.00437	0.00351	0.00411	0.00668
11	0.01212	0.01212	0.01696	0.01454	0.01454	0.01696	0.01212	0.01333	0.00848	0.01333	0.00727	0.01212	0.00727	0.00969	0.01818	0.00242	0.79523	0.00485	0.00242	0.00606
12	0.02105	0.01551	0.01662	0.01274	0.01717	0.01717	0.01053	0.75235	0.02604	0.03490	0.01330	0.01330	0.00942	0.00665	0.00554	0.00166	0.00609	0.00499	0.00554	0.00942
13	0.01032	0.00516	0.00516	0.00516	0.00645	0.00516	0.00387	0.01290	0.01161	0.02065	0.01807	0.02065	0.01420	0.00645	0.00387	0.00129	0.00258	0.00516	0.83611	0.00516
14	0.00675	0.00482	0.00643	0.00771	0.00803	0.00450	0.00514	0.00771	0.01060	0.01414	0.03053	0.80175	0.03663	0.01735	0.00707	0.00225	0.00321	0.01574	0.00514	0.00450
15	0.00708	0.00563	0.00635	0.00617	0.00781	0.00490	0.00463	0.00898	0.01388	0.01793	0.34810	0.04841	0.47472	0.01292	0.00654	0.00182	0.00273	0.01100	0.00553	0.00490
16	0.01148	0.00984	0.01148	0.00820	0.01312	0.00738	0.00656	0.01395	0.01148	0.01805	0.00984	0.01148	0.00820	0.00410	0.00410	0.00082	0.00410	0.00328	0.00328	0.83922
17	0.00840	0.00638	0.00768	0.00790	0.00908	0.00638	0.00574	0.01209	0.12910	0.01724	0.19479	0.28725	0.10646	0.10556	0.00918	0.00243	0.00363	0.07025	0.00522	0.00526
18	0.01405	0.07957	0.10321	0.01198	0.01564	0.05219	0.01050	0.07412	0.45396	0.02105	0.01740	0.01722	0.01332	0.00841	0.03841	0.00209	0.04871	0.00543	0.00456	0.00819
19	0.01097	0.03335	0.22142	0.01316	0.04717	0.01161	0.04490	0.04378	0.04963	0.01878	0.22609	0.02285	0.05781	0.00839	0.00831	0.00188	0.16268	0.00654	0.00388	0.00680
20	0.01095	0.00835	0.00972	0.00912	0.01109	0.00895	0.00693	0.01798	0.29643	0.06457	0.19844	0.18243	0.09640	0.01098	0.00674	0.00193	0.03741	0.00939	0.00553	0.00666

[dist]
# distance from previous block
# <min> <max>
0	252

[block]
# block no. 4 follows, 43 sequences, length 51
# corresponding to MSA columns:
# 580-630
name=unknown_E
#
# <colnr> <probs for GDERKNQSTAVLIFYWHMCP>
#	G	D	E	R	K	N	Q	S	T	A	V	L	I	F	Y	W	H	M	C	P
0	0.20465	0.05799	0.04103	0.03788	0.17893	0.02362	0.00954	0.01631	0.10198	0.04250	0.02063	0.09363	0.13401	0.00802	0.00522	0.00176	0.00490	0.00660	0.00395	0.00685
1	0.00897	0.00611	0.00732	0.00696	0.00880	0.00529	0.00519	0.01075	0.01324	0.08817	0.23120	0.19471	0.31162	0.01265	0.00639	0.00183	0.00310	0.01093	0.00543	0.06134
2	0.15734	0.06220	0.04443	0.26677	0.02369	0.18388	0.08027	0.01687	0.01207	0.01661	0.00919	0.01197	0.00723	0.00524	0.00489	0.00160	0.00726	0.00414	0.00281	0.08154
3	0.00946	0.00530	0.00556	0.00550	0.00686	0.00511	0.00412	0.01190	0.01237	0.02017	0.13858	0.02796	0.11505	0.00816	0.00462	0.00143	0.00261	0.00673	0.60338	0.00511
4	0.00702	0.00547	0.00684	0.00756	0.00828	0.00530	0.00531	0.00811	0.01101	0.01431	0.03593	0.55520	0.22954	0.01601	0.00760	0.00216	0.05073	0.01401	0.00498	0.00464
5	0.00791	0.00593	0.00890	0.00890	0.00989	0.00692	0.00692	0.00989	0.00890	0.01286	0.01483	0.02176	0.01385	0.04154	0.78341	0.00890	0.01483	0.00593	0.00297	0.00494
6	0.00756	0.00563	0.00703	0.00673	0.00812	0.00510	0.00503	0.00989	0.01495	0.02059	0.61071	0.06637	0.18779	0.01202	0.00655	0.00178	0.00267	0.01050	0.00589	0.00510
7	0.00805	0.00537	0.00604	0.00604	0.00604	0.00537	0.00336	0.00805	0.00805	0.01074	0.01745	0.03624	0.02013	0.80536	0.02819	0.00537	0.00537	0.00805	0.00336	0.00336
8	0.00784	0.00566	0.00740	0.00697	0.00827	0.00523	0.00523	0.01045	0.01568	0.02221	0.76789	0.04137	0.05226	0.01132	0.00653	0.00174	0.00261	0.01002	0.00610	0.00523
9	0.01295	0.41770	0.40378	0.01264	0.01910	0.01738	0.01498	0.01706	0.01147	0.01529	0.00882	0.01029	0.00706	0.00500	0.00441	0.00147	0.00706	0.00353	0.00235	0.00765
10	0.00662	0.00561	0.00572	0.00569	0.00753	0.00471	0.00427	0.00810	0.01281	0.01540	0.09891	0.05258	0.72549	0.01386	0.00654	0.00186	0.00279	0.01159	0.00520	0.00471
11	0.01447	0.01337	0.01620	0.01853	0.24638	0.11050	0.02947	0.16954	0.03849	0.01974	0.01487	0.15069	0.01434	0.05606	0.00796	0.00201	0.05929	0.00690	0.00386	0.00733
12	0.00720	0.00515	0.00621	0.00682	0.00729	0.00484	0.00441	0.00795	0.01019	0.01337	0.05459	0.41082	0.13402	0.28477	0.01416	0.00324	0.00387	0.01237	0.00457	0.00416
13	0.01724	0.20151	0.01781	0.01148	0.01522	0.22089	0.00944	0.24507	0.01699	0.02054	0.01201	0.08517	0.01071	0.00671	0.00494	0.00146	0.00663	0.00498	0.00383	0.08736
14	0.01636	0.01166	0.01328	0.01028	0.01424	0.01165	0.00837	0.30362	0.02921	0.11426	0.01760	0.01773	0.08836	0.00687	0.00594	0.00148	0.05152	0.00526	0.01820	0.25409
15	0.01420	0.13167	0.04673	0.04032	0.01847	0.04260	0.17151	0.16491	0.10844	0.02011	0.01477	0.12318	0.01320	0.00760	0.00645	0.00179	0.05614	0.00658	0.00392	0.00741
16	0.01206	0.08822	0.01709	0.01477	0.10489	0.01438	0.01100	0.01387	0.00980	0.01464	0.00885	0.01279	0.00822	0.01067	0.08481	0.00254	0.41401	0.00451	0.00266	0.15022
17	0.00696	0.00491	0.00636	0.00744	0.00771	0.00464	0.00485	0.00777	0.01019	0.01359	0.02842	0.67847	0.03397	0.14426	0.01047	0.00275	0.00356	0.01451	0.00485	0.00431
18	0.01211	0.00753	0.00870	0.00760	0.00987	0.00727	0.00594	0.12515	0.01590	0.11578	0.27519	0.03334	0.19123	0.00981	0.00581	0.00168	0.00344	0.00823	0.14919	0.00625
19	0.04187	0.26992	0.18756	0.01580	0.07639	0.11547	0.13893	0.06214	0.01317	0.01696	0.00944	0.01130	0.00754	0.00511	0.00488	0.00154	0.00752	0.00417	0.00275	0.00754
20	0.01511	0.01149	0.01330	0.01128	0.01453	0.03987	0.05289	0.06716	0.41989	0.13499	0.11681	0.02273	0.03940	0.00779	0.00579	0.00181	0.00477	0.00662	0.00559	0.00818
21	0.00680	0.00541	0.00611	0.00637	0.00775	0.00472	0.00461	0.00829	0.01259	0.01591	0.16319	0.24451	0.46530	0.01445	0.00668	0.00195	0.00288	0.01247	0.00529	0.00472
22	0.01294	0.01392	0.09014	0.02723	0.51847	0.01256	0.05972	0.01769	0.08235	0.01869	0.05688	0.01740	0.01264	0.00589	0.00567	0.00172	0.00641	0.02813	0.00325	0.00832
23	0.01374	0.01328	0.02259	0.06514	0.28723	0.01397	0.21959	0.08534	0.08937	0.01926	0.01192	0.01484	0.00947	0.00672	0.02744	0.00201	0.08132	0.00554	0.00327	0.00797
24	0.01728	0.02036	0.01348	0.01242	0.01473	0.54260	0.00931	0.04178	0.01491	0.01526	0.05975	0.10890	0.01406	0.00768	0.00574	0.00158	0.03469	0.00564	0.05371	0.00612
25	0.00793	0.00532	0.00608	0.00619	0.00622	0.00529	0.00352	0.00802	0.00829	0.01105	0.01865	0.10660	0.02165	0.73293	0.02625	0.00508	0.00517	0.00876	0.00352	0.00346
26	0.06550	0.15049	0.01969	0.04512	0.21928	0.09996	0.03206	0.13071	0.01413	0.01921	0.00973	0.01186	0.00801	0.00558	0.00589	0.00155	0.06894	0.00422	0.00318	0.08489
27	0.01228	0.01185	0.03854	0.06517	0.30099	0.01082	0.03777	0.01602	0.05615	0.01785	0.01247	0.01473	0.03655	0.00529	0.00544	0.00141	0.03010	0.00467	0.00317	0.31874
28	0.01554	0.17858	0.11556	0.02839	0.10613	0.14853	0.03580	0.10954	0.12555	0.01866	0.01147	0.01278	0.00909	0.00596	0.00582	0.00162	0.05537	0.00444	0.00339	0.00778
29	0.01442	0.49898	0.13899	0.03639	0.01660	0.01851	0.01124	0.04370	0.12244	0.03576	0.01085	0.01165	0.00880	0.00537	0.00430	0.00142	0.00606	0.00382	0.00307	0.00762
30	0.01106	0.01046	0.01632	0.15378	0.35139	0.01121	0.01273	0.01366	0.01185	0.01601	0.02209	0.02423	0.21044	0.00803	0.00730	0.00183	0.10068	0.00672	0.00329	0.00691
31	0.00684	0.00526	0.00627	0.00678	0.00786	0.00468	0.00479	0.00824	0.01219	0.01574	0.15797	0.39207	0.32118	0.01511	0.00678	0.00202	0.00296	0.01327	0.00529	0.00468
32	0.01402	0.00722	0.00913	0.00831	0.01034	0.00679	0.00619	0.06452	0.01316	0.26387	0.02514	0.27842	0.06705	0.11116	0.03719	0.00259	0.00453	0.00952	0.05451	0.00636
33	0.00703	0.00507	0.00671	0.00788	0.00843	0.00476	0.00555	0.00826	0.01112	0.01472	0.05394	0.65132	0.07415	0.01675	0.00710	0.00225	0.00340	0.10180	0.00517	0.00460
34	0.00781	0.00591	0.00878	0.00943	0.01036	0.00565	0.05115	0.00949	0.01142	0.01511	0.02899	0.52403	0.03345	0.01595	0.00722	0.00232	0.00417	0.23890	0.00499	0.00486
35	0.71187	0.01148	0.00951	0.00816	0.01175	0.01319	0.00673	0.13482	0.01210	0.02647	0.00861	0.00969	0.00655	0.00538	0.00377	0.00171	0.00458	0.00332	0.00377	0.00655
36	0.01378	0.01190	0.01252	0.01127	0.01440	0.01378	0.00877	0.02943	0.76081	0.02317	0.02254	0.02066	0.01691	0.00751	0.00564	0.00188	0.00438	0.00626	0.00564	0.00877
37	0.00655	0.00561	0.00561	0.00561	0.00748	0.00468	0.00421	0.00795	0.01262	0.01496	0.05610	0.05330	0.76857	0.01403	0.00655	0.00187	0.00281	0.01169	0.00514	0.00468
38	0.01307	0.01494	0.03268	0.02334	0.02894	0.01401	0.75070	0.01774	0.01307	0.01774	0.01120	0.01494	0.00840	0.00467	0.00654	0.00187	0.00934	0.00654	0.00280	0.00747
39	0.00797	0.00571	0.00778	0.00778	0.00838	0.00631	0.00552	0.00917	0.00857	0.01202	0.01586	0.02746	0.01632	0.34199	0.48635	0.00751	0.01111	0.00677	0.00312	0.00432
40	0.01964	0.01296	0.01515	0.01194	0.01547	0.01430	0.00985	0.42052	0.02005	0.20244	0.01685	0.01676	0.05491	0.00762	0.00764	0.00181	0.13266	0.00550	0.00532	0.00860
41	0.01596	0.01506	0.01443	0.01602	0.18957	0.22819	0.01021	0.13651	0.05957	0.02050	0.01311	0.01485	0.01034	0.00598	0.00494	0.00151	0.00627	0.00470	0.22505	0.00725
42	0.00986	0.00812	0.00844	0.00805	0.00974	0.05293	0.00597	0.01481	0.17880	0.01937	0.29130	0.10581	0.12356	0.06345	0.00752	0.00202	0.00370	0.00903	0.07170	0.00581
43	0.00869	0.00613	0.00742	0.00745	0.00889	0.00577	0.00544	0.01158	0.07862	0.06230	0.24162	0.29863	0.20967	0.01340	0.00658	0.00195	0.00314	0.01176	0.00555	0.00541
44	0.01057	0.00974	0.01400	0.22282	0.01921	0.01236	0.01097	0.03642	0.01095	0.01529	0.08545	0.10841	0.06613	0.00979	0.01120	0.00212	0.33829	0.00706	0.00337	0.00584
45	0.06250	0.04393	0.20588	0.01401	0.06223	0.17405	0.01260	0.14143	0.01578	0.19608	0.01282	0.01315	0.00905	0.00591	0.00519	0.00163	0.00704	0.00443	0.00411	0.00819
46	0.04286	0.00874	0.01045	0.00892	0.01149	0.00877	0.00701	0.15839	0.06031	0.16132	0.37273	0.07442	0.03236	0.00952	0.00604	0.00176	0.00387	0.00811	0.00595	0.00699
47	0.01549	0.01122	0.01657	0.01683	0.17109	0.01233	0.05442	0.03802	0.08612	0.20059	0.06583	0.04484	0.01429	0.00782	0.00908	0.00193	0.21544	0.00601	0.00432	0.00776
48	0.01766	0.02900	0.01695	0.14989	0.16078	0.20606	0.01218	0.15695	0.06537	0.11270	0.01255	0.01389	0.00936	0.00595	0.00537	0.00164	0.00709	0.00473	0.00393	0.00791
49	0.01025	0.05733	0.06532	0.03795	0.08194	0.00994	0.09208	0.01269	0.01200	0.03655	0.03031	0.03083	0.33537	0.00957	0.00740	0.00183	0.10197	0.00786	0.05269	0.00611
50	0.00732	0.05252	0.00778	0.00764	0.00852	0.00567	0.00548	0.00850	0.01109	0.01435	0.03309	0.59371	0.14860	0.01596	0.00681	0.00215	0.00342	0.05769	0.00498	0.00472

[dist]
# distance from previous block
# <min> <max>
0	2

[block]
# block no. 5 follows, 43 sequences, length 30
# corresponding to MSA columns:
# 633-662
name=unknown_F
#
# <colnr> <probs for GDERKNQSTAVLIFYWHMCP>
#	G	D	E	R	K	N	Q	S	T	A	V	L	I	F	Y	W	H	M	C	P
0	0.03755	0.11813	0.24552	0.01546	0.07770	0.22708	0.04676	0.09154	0.03444	0.01814	0.03134	0.01235	0.00901	0.00563	0.00508	0.00158	0.00776	0.00427	0.00308	0.00758
1	0.30727	0.09543	0.10599	0.01282	0.06414	0.29778	0.01051	0.01866	0.01239	0.01823	0.00847	0.00998	0.00682	0.00531	0.00437	0.00156	0.00716	0.00346	0.00294	0.00670
2	0.00918	0.00777	0.01122	0.01049	0.01115	0.00988	0.00836	0.01086	0.00875	0.01293	0.01266	0.01937	0.01209	0.05815	0.52831	0.00684	0.24830	0.00568	0.00282	0.00522
3	0.00805	0.00537	0.00604	0.00604	0.00604	0.00537	0.00336	0.00805	0.00805	0.01074	0.01745	0.03624	0.02013	0.80536	0.02819	0.00537	0.00537	0.00805	0.00336	0.00336
4	0.01390	0.19752	0.01900	0.09609	0.17401	0.06641	0.01138	0.12300	0.01367	0.01765	0.01310	0.14246	0.01271	0.00767	0.00625	0.00171	0.06674	0.00617	0.00342	0.00714
5	0.01361	0.01289	0.01258	0.01109	0.01361	0.16881	0.04213	0.12946	0.14421	0.01996	0.12695	0.08514	0.06522	0.01330	0.11294	0.00273	0.00702	0.00712	0.00455	0.00670
6	0.01038	0.04133	0.07166	0.03448	0.07195	0.00839	0.03015	0.01253	0.01062	0.01538	0.01388	0.09616	0.01396	0.20215	0.03052	0.00249	0.00544	0.00607	0.00328	0.31917
7	0.00803	0.00620	0.00764	0.00722	0.00901	0.00535	0.00531	0.00996	0.01296	0.01803	0.30689	0.25857	0.14231	0.01209	0.00623	0.00173	0.00310	0.01064	0.00515	0.16358
8	0.01047	0.09609	0.07930	0.01190	0.11698	0.00927	0.00874	0.01289	0.01185	0.01654	0.07817	0.08576	0.13169	0.05844	0.00667	0.00169	0.00469	0.00668	0.00369	0.24850
9	0.00691	0.00556	0.00601	0.00599	0.00754	0.00482	0.00437	0.00841	0.01274	0.01594	0.18413	0.08408	0.54350	0.07546	0.00826	0.00214	0.00299	0.01128	0.00518	0.00467
10	0.01107	0.00941	0.01105	0.00816	0.01268	0.00713	0.00644	0.01340	0.01141	0.01771	0.01164	0.08005	0.01067	0.00525	0.00436	0.00094	0.00402	0.00436	0.00344	0.76679
11	0.01319	0.01373	0.02735	0.05175	0.08415	0.01328	0.52638	0.08056	0.01434	0.01956	0.08639	0.01732	0.01283	0.00556	0.00633	0.00182	0.00810	0.00656	0.00335	0.00747
12	0.00960	0.00673	0.00883	0.12042	0.01289	0.00696	0.00680	0.01329	0.07220	0.04293	0.40468	0.06626	0.03407	0.00943	0.00582	0.00171	0.00352	0.00821	0.15993	0.00572
13	0.01344	0.15788	0.01474	0.01145	0.07137	0.01170	0.00837	0.16094	0.05270	0.07967	0.02018	0.33327	0.02071	0.01056	0.00579	0.00183	0.00473	0.00908	0.00468	0.00691
14	0.01148	0.00984	0.01148	0.00820	0.01312	0.00738	0.00656	0.01395	0.01148	0.01805	0.00984	0.01148	0.00820	0.00410	0.00410	0.00082	0.00410	0.00328	0.00328	0.83922
15	0.00675	0.00482	0.00643	0.00771	0.00803	0.00450	0.00514	0.00771	0.01060	0.01414	0.03053	0.80175	0.03663	0.01735	0.00707	0.00225	0.00321	0.01574	0.00514	0.00450
16	0.01367	0.00920	0.01075	0.01002	0.01250	0.00979	0.00774	0.02204	0.37267	0.16016	0.02498	0.22260	0.02251	0.01051	0.00615	0.00199	0.00420	0.06533	0.00569	0.00752
17	0.01397	0.00968	0.01388	0.04115	0.20825	0.00867	0.00955	0.01601	0.01209	0.16068	0.01405	0.08267	0.01198	0.00754	0.00678	0.08456	0.00496	0.00543	0.00387	0.28423
18	0.78049	0.01061	0.00851	0.00748	0.01098	0.01209	0.00617	0.01712	0.00993	0.08339	0.00882	0.00977	0.00660	0.00527	0.00359	0.00171	0.00432	0.00320	0.00369	0.00627
19	0.01111	0.02865	0.77667	0.01579	0.02397	0.01286	0.02046	0.01754	0.01169	0.01754	0.00994	0.01169	0.00702	0.00526	0.00526	0.00175	0.00818	0.00409	0.00234	0.00818
20	0.00894	0.00682	0.00836	0.00777	0.00941	0.00682	0.00588	0.01398	0.15430	0.02239	0.62923	0.03752	0.04568	0.01061	0.00637	0.00177	0.00294	0.00932	0.00601	0.00588
21	0.00675	0.00482	0.00643	0.00771	0.00803	0.00450	0.00514	0.00771	0.01060	0.01414	0.03053	0.80175	0.03663	0.01735	0.00707	0.00225	0.00321	0.01574	0.00514	0.00450
22	0.84448	0.01071	0.00814	0.00728	0.01071	0.01242	0.00600	0.01628	0.00943	0.02485	0.00771	0.00900	0.00600	0.00514	0.00343	0.00171	0.00428	0.00300	0.00343	0.00600
23	0.01032	0.00516	0.00516	0.00516	0.00645	0.00516	0.00387	0.01290	0.01161	0.02065	0.01807	0.02065	0.01420	0.00645	0.00387	0.00129	0.00258	0.00516	0.83611	0.00516
24	0.01378	0.01190	0.01252	0.01127	0.01440	0.01378	0.00877	0.02943	0.76081	0.02317	0.02254	0.02066	0.01691	0.00751	0.00564	0.00188	0.00438	0.00626	0.00564	0.00877
25	0.02156	0.01470	0.01612	0.01236	0.01677	0.01597	0.01021	0.65567	0.02468	0.13350	0.01444	0.01404	0.00999	0.00668	0.00554	0.00167	0.00591	0.00506	0.00572	0.00942
26	0.01397	0.00977	0.01174	0.00851	0.01331	0.00752	0.00686	0.01637	0.01230	0.15881	0.01208	0.01285	0.00923	0.00461	0.00437	0.00099	0.00422	0.00371	0.00395	0.68484
27	0.01293	0.01379	0.01370	0.05172	0.20452	0.23374	0.01014	0.01515	0.01394	0.01653	0.14318	0.02729	0.18209	0.00852	0.00581	0.00168	0.00609	0.02890	0.00390	0.00639
28	0.00670	0.00501	0.00623	0.00719	0.00790	0.00454	0.00491	0.00777	0.01110	0.01434	0.03681	0.61771	0.21661	0.01653	0.00694	0.00216	0.00311	0.01475	0.00514	0.00454
29	0.01215	0.19781	0.07279	0.01186	0.07120	0.04244	0.00969	0.01455	0.01091	0.03705	0.01100	0.01424	0.00961	0.01574	0.23170	0.00353	0.05188	0.00433	0.00291	0.17462

[dist]
# distance from previous block
# <min> <max>
1	252

[block]
# block no. 6 follows, 43 sequences, length 59
# corresponding to MSA columns:
# 921-955,975-998
name=unknown_G
#
# <colnr> <probs for GDERKNQSTAVLIFYWHMCP>
#	G	D	E	R	K	N	Q	S	T	A	V	L	I	F	Y	W	H	M	C	P
0	0.14999	0.15733	0.06411	0.05937	0.05290	0.21251	0.01003	0.01776	0.02586	0.06079	0.07567	0.01440	0.01193	0.00828	0.05539	0.00203	0.00717	0.00443	0.00337	0.00670
1	0.01292	0.04497	0.07559	0.01207	0.03956	0.14919	0.08102	0.10195	0.03960	0.01873	0.10196	0.02609	0.19903	0.00955	0.03228	0.00193	0.00624	0.00697	0.03379	0.00655
2	0.01201	0.20373	0.09576	0.07306	0.01528	0.03890	0.00966	0.08249	0.04086	0.01906	0.25800	0.05275	0.03614	0.00810	0.00580	0.00165	0.02941	0.00656	0.00417	0.00661
3	0.01321	0.01454	0.10827	0.02550	0.48219	0.03273	0.01496	0.03965	0.09783	0.01915	0.06247	0.01716	0.03565	0.00603	0.00556	0.00169	0.00622	0.00549	0.00340	0.00830
4	0.00747	0.00555	0.00592	0.00583	0.00748	0.00488	0.00437	0.00934	0.01312	0.01751	0.20478	0.04514	0.48405	0.01215	0.00609	0.00174	0.00273	0.01021	0.14678	0.00488
5	0.00703	0.00557	0.00633	0.00627	0.00781	0.00486	0.00465	0.00885	0.01358	0.01755	0.31454	0.10779	0.44890	0.01330	0.00658	0.00185	0.00277	0.01140	0.00549	0.00486
6	0.00805	0.00537	0.00604	0.00604	0.00604	0.00537	0.00336	0.00805	0.00805	0.01074	0.01745	0.03624	0.02013	0.80536	0.02819	0.00537	0.00537	0.00805	0.00336	0.00336
7	0.00704	0.00552	0.00637	0.00640	0.00784	0.00485	0.00471	0.00881	0.01344	0.01745	0.30834	0.15503	0.40740	0.01353	0.00661	0.00188	0.00279	0.01166	0.00549	0.00485
8	0.02420	0.01046	0.01349	0.01035	0.01465	0.00968	0.00855	0.15044	0.01759	0.64875	0.02039	0.01791	0.01298	0.00682	0.00556	0.00170	0.00495	0.00547	0.00663	0.00942
9	0.01481	0.80869	0.02902	0.00948	0.01421	0.02191	0.00948	0.01658	0.01125	0.01303	0.00770	0.00888	0.00711	0.00474	0.00355	0.00118	0.00592	0.00296	0.00237	0.00711
10	0.84448	0.01071	0.00814	0.00728	0.01071	0.01242	0.00600	0.01628	0.00943	0.02485	0.00771	0.00900	0.00600	0.00514	0.00343	0.00171	0.00428	0.00300	0.00343	0.00600
11	0.01046	0.00984	0.01661	0.79205	0.03814	0.01230	0.01538	0.01415	0.01107	0.01415	0.00984	0.01477	0.00738	0.00554	0.00554	0.00185	0.00738	0.00492	0.00246	0.00615
12	0.00805	0.00537	0.00604	0.00604	0.00604	0.00537	0.00336	0.00805	0.00805	0.01074	0.01745	0.03624	0.02013	0.80536	0.02819	0.00537	0.00537	0.00805	0.00336	0.00336
13	0.01212	0.01212	0.01696	0.01454	0.01454	0.01696	0.01212	0.01333	0.00848	0.01333	0.00727	0.01212	0.00727	0.00969	0.01818	0.00242	0.79523	0.00485	0.00242	0.00606
14	0.00675	0.00482	0.00643	0.00771	0.00803	0.00450	0.00514	0.00771	0.01060	0.01414	0.03053	0.80175	0.03663	0.01735	0.00707	0.00225	0.00321	0.01574	0.00514	0.00450
15	0.01111	0.02865	0.77667	0.01579	0.02397	0.01286	0.02046	0.01754	0.01169	0.01754	0.00994	0.01169	0.00702	0.00526	0.00526	0.00175	0.00818	0.00409	0.00234	0.00818
16	0.02165	0.01456	0.01603	0.01229	0.01670	0.01576	0.01015	0.63859	0.02444	0.15092	0.01464	0.01417	0.01009	0.00668	0.00554	0.00167	0.00588	0.00508	0.00575	0.00942
17	0.01462	0.00769	0.00954	0.00858	0.01091	0.00742	0.00658	0.04480	0.10329	0.26522	0.09759	0.23781	0.02417	0.01021	0.00584	0.00182	0.00380	0.00883	0.12432	0.00696
18	0.00834	0.00595	0.00825	0.00953	0.01054	0.00587	0.00790	0.01046	0.01217	0.01592	0.02965	0.26219	0.03316	0.01585	0.00749	0.00247	0.00459	0.53962	0.00511	0.00494
19	0.00672	0.00567	0.00585	0.00595	0.00777	0.00480	0.00455	0.00821	0.01263	0.01508	0.05415	0.05397	0.71467	0.01412	0.00663	0.00192	0.00297	0.06450	0.00514	0.00471
20	0.01268	0.01377	0.02618	0.01970	0.02299	0.01523	0.44516	0.01592	0.01117	0.01592	0.00958	0.01377	0.00793	0.00675	0.01135	0.00210	0.33445	0.00584	0.00264	0.00689
21	0.02069	0.02640	0.01569	0.01427	0.01712	0.78313	0.01070	0.02212	0.01569	0.01355	0.00856	0.00999	0.00713	0.00571	0.00499	0.00143	0.00999	0.00357	0.00285	0.00642
22	0.01148	0.00984	0.01148	0.00820	0.01312	0.00738	0.00656	0.01395	0.01148	0.01805	0.00984	0.01148	0.00820	0.00410	0.00410	0.00082	0.00410	0.00328	0.00328	0.83922
23	0.25996	0.31572	0.04810	0.01008	0.01405	0.04330	0.00917	0.10478	0.06385	0.02002	0.00947	0.01061	0.00773	0.00565	0.00496	0.00156	0.05695	0.00363	0.00330	0.00712
24	0.00793	0.00618	0.00780	0.00921	0.08738	0.00581	0.00550	0.00906	0.01089	0.01417	0.07977	0.17833	0.25356	0.28388	0.01392	0.00310	0.00414	0.01036	0.00434	0.00466
25	0.01292	0.01290	0.06607	0.10903	0.10443	0.03470	0.10969	0.11275	0.14055	0.02009	0.04384	0.09292	0.04299	0.00739	0.00577	0.00175	0.00603	0.00665	0.00403	0.06550
26	0.00981	0.00576	0.00689	0.00674	0.00729	0.00556	0.00419	0.01020	0.00935	0.10016	0.01997	0.15194	0.02192	0.59125	0.02231	0.00446	0.00496	0.00895	0.00404	0.00424
27	0.00773	0.00563	0.00794	0.00817	0.00886	0.00621	0.00596	0.00917	0.00905	0.01270	0.01812	0.16404	0.01906	0.17469	0.50846	0.00707	0.01105	0.00807	0.00343	0.00458
28	0.01007	0.00932	0.01554	0.70960	0.03498	0.01148	0.01430	0.01347	0.01102	0.01415	0.01202	0.09749	0.01046	0.00678	0.00570	0.00189	0.00694	0.00606	0.00274	0.00598
29	0.00795	0.00578	0.00813	0.00813	0.00885	0.00650	0.00596	0.00939	0.00867	0.01228	0.01554	0.02567	0.01554	0.24789	0.57938	0.00795	0.01228	0.00651	0.00307	0.00452
30	0.01643	0.45940	0.10306	0.01178	0.01623	0.28106	0.01105	0.01857	0.01282	0.01368	0.00823	0.00956	0.00711	0.00512	0.00423	0.00133	0.00755	0.00329	0.00253	0.00699
31	0.01148	0.00984	0.01148	0.00820	0.01312	0.00738	0.00656	0.01395	0.01148	0.01805	0.00984	0.01148	0.00820	0.00410	0.00410	0.00082	0.00410	0.00328	0.00328	0.83922
32	0.00805	0.00537	0.00604	0.00604	0.00604	0.00537	0.00336	0.00805	0.00805	0.01074	0.01745	0.03624	0.02013	0.80536	0.02819	0.00537	0.00537	0.00805	0.00336	0.00336
33	0.01626	0.19735	0.01773	0.01170	0.01508	0.23084	0.03562	0.16737	0.06899	0.01962	0.09762	0.06916	0.01544	0.00720	0.00519	0.00156	0.00655	0.00558	0.00401	0.00712
34	0.01371	0.01316	0.02248	0.03399	0.77081	0.01316	0.01700	0.01700	0.01261	0.01809	0.01042	0.01371	0.00877	0.00493	0.00548	0.00164	0.00658	0.00493	0.00274	0.00877
35	0.00979	0.00865	0.01181	0.15240	0.14413	0.00900	0.00930	0.01431	0.12889	0.01756	0.12364	0.03325	0.28382	0.00963	0.00606	0.00182	0.00453	0.02061	0.00445	0.00635
36	0.00703	0.00534	0.00622	0.00668	0.00768	0.00483	0.00467	0.00820	0.01143	0.01457	0.08623	0.30623	0.32448	0.13674	0.01010	0.00256	0.00343	0.04418	0.00493	0.00447
37	0.01459	0.01152	0.01236	0.01070	0.01356	0.01293	0.00829	0.22598	0.39254	0.02395	0.01932	0.02303	0.01598	0.15045	0.00973	0.00247	0.00506	0.03451	0.00518	0.00784
38	0.03447	0.01847	0.34614	0.21180	0.05014	0.02500	0.02776	0.03919	0.04777	0.03123	0.02464	0.06503	0.01053	0.00655	0.00598	0.00183	0.03775	0.00538	0.00302	0.00731
39	0.01111	0.02865	0.77667	0.01579	0.02397	0.01286	0.02046	0.01754	0.01169	0.01754	0.00994	0.01169	0.00702	0.00526	0.00526	0.00175	0.00818	0.00409	0.00234	0.00818
40	0.01664	0.01355	0.01830	0.02171	0.35230	0.01430	0.01293	0.30415	0.09023	0.04826	0.01480	0.01589	0.03889	0.00626	0.00556	0.00168	0.00598	0.00536	0.00433	0.00889
41	0.00792	0.00590	0.00871	0.00871	0.00964	0.00682	0.00669	0.00977	0.00885	0.01272	0.01500	0.02270	0.01425	0.09124	0.73427	0.00867	0.01422	0.00607	0.00299	0.00484
