[name]
unknown

[dist]
# distance from previous block
# <min> <max>
14	559

[block]
# block no. 0 follows, 41 sequences, length 21
# corresponding to MSA columns:
# 747-767
name=unknown_A
#
# <colnr> <probs for GDERKNQSTAVLIFYWHMCP>
#	G	D	E	R	K	N	Q	S	T	A	V	L	I	F	Y	W	H	M	C	P
0	0.01629	0.01479	0.11581	0.01209	0.02756	0.09147	0.01048	0.15673	0.07406	0.14817	0.11403	0.08899	0.01884	0.00843	0.00655	0.00182	0.04749	0.00675	0.03181	0.00782
1	0.09036	0.03536	0.20857	0.03358	0.05713	0.06652	0.03416	0.08697	0.02887	0.13438	0.05078	0.05020	0.06291	0.00723	0.00554	0.00176	0.00630	0.00585	0.00420	0.02932
2	0.05987	0.03910	0.09954	0.02876	0.09335	0.01222	0.01096	0.15337	0.05520	0.14020	0.03349	0.01741	0.04467	0.00912	0.05765	0.00218	0.03182	0.00532	0.00444	0.10132
3	0.03029	0.01447	0.09297	0.03314	0.09936	0.10270	0.06954	0.08472	0.06160	0.08960	0.05802	0.06861	0.07374	0.03167	0.04072	0.00221	0.00676	0.00670	0.00425	0.02894
4	0.03732	0.05274	0.01637	0.01510	0.13372	0.06698	0.07076	0.12618	0.01504	0.11999	0.01679	0.04327	0.04890	0.04405	0.04894	0.00224	0.00654	0.01957	0.04879	0.06671
5	0.11607	0.02891	0.01233	0.01025	0.03562	0.06320	0.00782	0.11515	0.04762	0.16715	0.04172	0.02055	0.08389	0.06060	0.00723	0.02163	0.00514	0.00567	0.00474	0.14471
6	0.08579	0.06320	0.07949	0.03358	0.03209	0.11900	0.04855	0.10109	0.03112	0.08372	0.07261	0.04541	0.11006	0.04384	0.02425	0.00208	0.00633	0.00648	0.00428	0.00702
7	0.12647	0.01412	0.06254	0.01576	0.16055	0.10455	0.01101	0.08515	0.01374	0.04671	0.06185	0.03558	0.04366	0.00998	0.06709	0.00234	0.07879	0.00550	0.00375	0.05085
8	0.05549	0.10987	0.01758	0.05147	0.17550	0.14245	0.01105	0.10170	0.01490	0.06683	0.06375	0.01513	0.01208	0.00762	0.03937	0.00187	0.00687	0.00479	0.00374	0.09793
9	0.18290	0.05689	0.05402	0.04531	0.01601	0.14913	0.02943	0.05333	0.10554	0.10146	0.01255	0.01373	0.00958	0.00708	0.00634	0.06953	0.00625	0.00443	0.00393	0.07259
10	0.07280	0.10612	0.05140	0.03639	0.15756	0.02957	0.01029	0.05642	0.08886	0.09390	0.05710	0.05775	0.07725	0.04978	0.00672	0.00192	0.00543	0.00636	0.00425	0.03012
11	0.13848	0.18934	0.05733	0.01133	0.01548	0.05899	0.04890	0.16392	0.08071	0.05975	0.08204	0.01695	0.04026	0.00676	0.00509	0.00165	0.00583	0.00520	0.00430	0.00769
12	0.04952	0.13209	0.05806	0.01075	0.01411	0.13824	0.00901	0.08297	0.10707	0.01907	0.06326	0.17177	0.01797	0.00862	0.00545	0.00167	0.00571	0.00700	0.00421	0.09344
13	0.00977	0.00834	0.01324	0.05222	0.03970	0.00835	0.14703	0.01218	0.04610	0.01469	0.05871	0.05191	0.06648	0.37760	0.06597	0.00407	0.00667	0.00808	0.00369	0.00522
14	0.01675	0.07179	0.17461	0.01449	0.03533	0.09567	0.05170	0.27875	0.09721	0.02405	0.01287	0.01407	0.00975	0.00828	0.04695	0.00213	0.02809	0.00494	0.00409	0.00844
15	0.32987	0.01387	0.03229	0.01070	0.03388	0.11419	0.00845	0.12189	0.04976	0.06660	0.05948	0.04101	0.01229	0.00658	0.00481	0.00167	0.00552	0.00481	0.00426	0.07809
16	0.01351	0.10496	0.10162	0.03066	0.05537	0.01252	0.01042	0.13960	0.09637	0.05772	0.07043	0.12178	0.04156	0.01218	0.08295	0.00256	0.02682	0.00712	0.00443	0.00742
17	0.01233	0.01135	0.01436	0.08841	0.06935	0.07193	0.08068	0.08312	0.12224	0.02039	0.18282	0.02772	0.13011	0.01057	0.04725	0.00222	0.00606	0.00756	0.00465	0.00690
18	0.00709	0.00543	0.00653	0.00721	0.00827	0.00487	0.00514	0.00848	0.01229	0.01575	0.10383	0.41868	0.30971	0.01600	0.00708	0.00215	0.00320	0.04807	0.00539	0.00481
19	0.01622	0.13798	0.01815	0.01367	0.07618	0.24891	0.04916	0.01850	0.01355	0.04961	0.01009	0.01168	0.00827	0.00508	0.00475	0.00127	0.00693	0.00385	0.00320	0.30294
20	0.00718	0.00553	0.00657	0.00691	0.00814	0.00491	0.00495	0.00880	0.01314	0.01712	0.23260	0.30830	0.32537	0.01495	0.00694	0.00203	0.00299	0.01307	0.00557	0.00491

[dist]
# distance from previous block
# <min> <max>
0	3

[block]
# block no. 1 follows, 41 sequences, length 10
# corresponding to MSA columns:
# 771-780
name=unknown_B
#
# <colnr> <probs for GDERKNQSTAVLIFYWHMCP>
#	G	D	E	R	K	N	Q	S	T	A	V	L	I	F	Y	W	H	M	C	P
0	0.01130	0.01070	0.04860	0.03795	0.09373	0.01117	0.05752	0.06803	0.05995	0.01794	0.07852	0.16081	0.01917	0.01585	0.14484	0.00333	0.14213	0.00790	0.00394	0.00662
1	0.00931	0.08794	0.07250	0.00883	0.01062	0.00834	0.00747	0.01127	0.01106	0.01506	0.12859	0.05121	0.02403	0.24998	0.17386	0.00452	0.00737	0.10896	0.00391	0.00518
2	0.01063	0.00921	0.00955	0.00897	0.01094	0.06618	0.00677	0.01680	0.22373	0.02123	0.37646	0.09817	0.09679	0.01089	0.00641	0.00187	0.00386	0.00938	0.00574	0.00641
3	0.24692	0.01644	0.15693	0.01138	0.01601	0.06944	0.02471	0.17849	0.01482	0.03868	0.01114	0.01364	0.00885	0.06576	0.00663	0.00193	0.00622	0.00437	0.00380	0.10384
4	0.15991	0.01777	0.07710	0.01218	0.01612	0.23284	0.01034	0.14488	0.04669	0.15954	0.01300	0.01355	0.00951	0.00777	0.03594	0.00200	0.02415	0.00450	0.00435	0.00784
5	0.08457	0.01608	0.01618	0.25052	0.11685	0.23187	0.01253	0.07301	0.08549	0.01839	0.01260	0.01484	0.03074	0.00619	0.00541	0.00173	0.00749	0.00486	0.00341	0.00723
6	0.22629	0.01487	0.01334	0.07645	0.09098	0.22691	0.00968	0.01897	0.01387	0.11779	0.12283	0.01688	0.01511	0.00667	0.00516	0.00169	0.00639	0.00506	0.00410	0.00697
7	0.01239	0.00664	0.00880	0.00844	0.01030	0.00616	0.00634	0.01397	0.01251	0.22569	0.03056	0.32492	0.14524	0.01858	0.13794	0.00328	0.00573	0.01090	0.00542	0.00618
8	0.16075	0.00759	0.00852	0.00826	0.01005	0.00829	0.00630	0.01409	0.11119	0.01942	0.14673	0.11649	0.04948	0.03480	0.20807	0.00386	0.00671	0.00774	0.06587	0.00581
9	0.03628	0.00926	0.01188	0.05442	0.03580	0.00979	0.04858	0.03622	0.23857	0.06844	0.06176	0.16011	0.08300	0.07523	0.00877	0.03672	0.00478	0.00865	0.00496	0.00676

[dist]
# distance from previous block
# <min> <max>
0	1

[block]
# block no. 2 follows, 41 sequences, length 28
# corresponding to MSA columns:
# 782-809
name=unknown_C
#
# <colnr> <probs for GDERKNQSTAVLIFYWHMCP>
#	G	D	E	R	K	N	Q	S	T	A	V	L	I	F	Y	W	H	M	C	P
0	0.00784	0.00576	0.00735	0.00722	0.00852	0.00528	0.00538	0.01019	0.01512	0.02089	0.56872	0.13039	0.13801	0.01287	0.00685	0.00190	0.00287	0.03357	0.00603	0.00524
1	0.01476	0.01362	0.05934	0.07665	0.21915	0.05646	0.04202	0.17333	0.01657	0.05809	0.10265	0.02229	0.10495	0.00756	0.00594	0.00176	0.00614	0.00651	0.00432	0.00787
2	0.00882	0.00609	0.00768	0.00731	0.00893	0.00552	0.00561	0.01124	0.01538	0.05951	0.53521	0.04542	0.18826	0.01228	0.00678	0.00188	0.00303	0.05948	0.00607	0.00550
3	0.76408	0.01094	0.00886	0.00777	0.01139	0.01242	0.00640	0.01784	0.01035	0.09429	0.00932	0.01023	0.00693	0.00547	0.00374	0.00177	0.00447	0.00334	0.00387	0.00652
4	0.34576	0.15413	0.03029	0.01402	0.12291	0.12762	0.02601	0.08523	0.01321	0.02145	0.00915	0.01072	0.00738	0.00543	0.00441	0.00162	0.00629	0.00376	0.00333	0.00728
5	0.01350	0.01491	0.03133	0.05769	0.15084	0.01425	0.59302	0.01804	0.01334	0.01823	0.01138	0.01521	0.00870	0.00490	0.00653	0.00189	0.00909	0.00641	0.00287	0.00788
6	0.01349	0.08013	0.01481	0.01159	0.01441	0.07297	0.05588	0.07255	0.23085	0.03732	0.04267	0.18644	0.03351	0.00963	0.00664	0.00189	0.04602	0.02020	0.00474	0.04426
7	0.00761	0.00577	0.00776	0.00853	0.00895	0.00592	0.00599	0.00882	0.01134	0.01547	0.11208	0.63734	0.03686	0.01648	0.00830	0.00228	0.07591	0.01455	0.00516	0.00488
8	0.01220	0.01225	0.01634	0.11399	0.21991	0.12321	0.07891	0.01456	0.01245	0.01578	0.01735	0.25961	0.01821	0.05027	0.00742	0.00211	0.00653	0.00870	0.00363	0.00657
9	0.00709	0.00506	0.00677	0.00810	0.00848	0.00475	0.00551	0.00817	0.01107	0.01473	0.03146	0.75720	0.03758	0.01781	0.00733	0.00234	0.00342	0.05316	0.00531	0.00468
10	0.14347	0.01019	0.01187	0.00977	0.01323	0.01017	0.00785	0.16855	0.01683	0.32659	0.10347	0.11654	0.01953	0.00865	0.00572	0.00183	0.00465	0.00707	0.00596	0.00807
11	0.00704	0.00526	0.00657	0.00758	0.00834	0.00479	0.00528	0.00823	0.01157	0.01494	0.03780	0.57968	0.21100	0.01699	0.00720	0.00225	0.00332	0.05215	0.00531	0.00472
12	0.01814	0.36592	0.02249	0.01235	0.01619	0.28545	0.01057	0.12133	0.01518	0.01685	0.00905	0.01045	0.00770	0.00587	0.00552	0.00147	0.06132	0.00371	0.00309	0.00735
13	0.09485	0.01429	0.01491	0.01212	0.01614	0.01609	0.00982	0.43378	0.27261	0.03096	0.01645	0.01591	0.01203	0.00703	0.00555	0.00180	0.00552	0.00541	0.00555	0.00917
14	0.01148	0.01044	0.01513	0.31055	0.02403	0.05385	0.10104	0.01609	0.09871	0.01714	0.01662	0.14579	0.01496	0.00802	0.00583	0.00187	0.00620	0.00726	0.12858	0.00642
15	0.01084	0.00995	0.01111	0.01292	0.12415	0.09499	0.00813	0.01441	0.10448	0.01767	0.15501	0.27175	0.07918	0.04978	0.00755	0.00212	0.00476	0.01022	0.00482	0.00617
16	0.01133	0.02538	0.63674	0.01440	0.02162	0.01190	0.01816	0.01728	0.01206	0.01867	0.01172	0.01368	0.00853	0.00565	0.00519	0.00173	0.00745	0.00442	0.14619	0.00791
17	0.83938	0.01106	0.00841	0.00752	0.01106	0.01283	0.00619	0.01681	0.00973	0.02566	0.00796	0.00929	0.00619	0.00531	0.00354	0.00177	0.00442	0.00310	0.00354	0.00619
18	0.00724	0.00573	0.00654	0.00673	0.00826	0.00504	0.00503	0.00897	0.01341	0.01705	0.20420	0.16483	0.45170	0.01449	0.00691	0.00201	0.00307	0.05832	0.00552	0.00495
19	0.00926	0.00783	0.01223	0.35035	0.02257	0.00927	0.01050	0.01194	0.01068	0.01431	0.05166	0.02314	0.05598	0.07531	0.30503	0.00497	0.00995	0.00636	0.00315	0.00554
20	0.00740	0.00531	0.00702	0.00767	0.00839	0.00493	0.00534	0.00905	0.01296	0.01780	0.31102	0.50664	0.04402	0.01553	0.00709	0.00212	0.00308	0.01399	0.00569	0.00493
21	0.00831	0.00558	0.00639	0.00639	0.00644	0.00563	0.00365	0.00841	0.00836	0.01120	0.01788	0.03667	0.02046	0.76049	0.06715	0.00573	0.00604	0.00821	0.00345	0.00355
22	0.01344	0.01414	0.18464	0.01335	0.01744	0.01038	0.09483	0.10833	0.01480	0.10713	0.02079	0.12569	0.01985	0.01033	0.00661	0.00211	0.00633	0.21789	0.00463	0.00727
23	0.01762	0.19066	0.02107	0.01848	0.21715	0.19675	0.01227	0.17088	0.03947	0.02022	0.01068	0.01221	0.00866	0.00566	0.00507	0.00152	0.00722	0.00431	0.00349	0.03660
24	0.21462	0.28386	0.01912	0.01263	0.08351	0.12931	0.00973	0.06822	0.05500	0.01923	0.01080	0.03272	0.00942	0.00608	0.00451	0.00158	0.00622	0.02280	0.00338	0.00726
25	0.01785	0.01460	0.01588	0.01472	0.10340	0.05803	0.01061	0.40577	0.14435	0.02824	0.01867	0.01862	0.08029	0.00737	0.00574	0.00173	0.00590	0.00586	0.00513	0.03724
26	0.01361	0.01495	0.13906	0.05855	0.07087	0.01211	0.11464	0.11052	0.10586	0.03871	0.01647	0.01766	0.06762	0.00628	0.00558	0.00163	0.00626	0.00554	0.00391	0.19019
27	0.02134	0.01170	0.01288	0.01033	0.01421	0.08034	0.00835	0.14105	0.01750	0.44758	0.02599	0.02386	0.14243	0.00822	0.00587	0.00176	0.00526	0.00656	0.00617	0.00859

[dist]
# distance from previous block
# <min> <max>
0	151

[block]
# block no. 3 follows, 41 sequences, length 19
# corresponding to MSA columns:
# 1064-1082
name=unknown_D
#
# <colnr> <probs for GDERKNQSTAVLIFYWHMCP>
#	G	D	E	R	K	N	Q	S	T	A	V	L	I	F	Y	W	H	M	C	P
0	0.04088	0.08587	0.11878	0.02006	0.22864	0.17829	0.08902	0.01887	0.05459	0.01755	0.01333	0.01588	0.04084	0.00606	0.00544	0.00168	0.00748	0.01804	0.03099	0.00771
1	0.08259	0.05122	0.04471	0.33045	0.11080	0.07878	0.13450	0.01661	0.01206	0.01656	0.00988	0.01366	0.00778	0.00573	0.00645	0.00184	0.06169	0.00495	0.00274	0.00700
2	0.01578	0.05870	0.06868	0.02886	0.08900	0.16801	0.05176	0.12112	0.12041	0.03916	0.06815	0.01850	0.05790	0.00731	0.00658	0.00177	0.06076	0.00573	0.00411	0.00772
3	0.01066	0.00533	0.00533	0.00533	0.00666	0.00533	0.00400	0.01333	0.01200	0.02132	0.01866	0.02132	0.01466	0.00666	0.00400	0.00133	0.00267	0.00533	0.83073	0.00533
4	0.00817	0.00613	0.00919	0.00919	0.01021	0.00715	0.00715	0.01021	0.00919	0.01328	0.01532	0.02247	0.01430	0.04290	0.77631	0.00919	0.01532	0.00613	0.00306	0.00511
5	0.01583	0.60458	0.02580	0.01037	0.01475	0.13555	0.00964	0.04072	0.01291	0.01440	0.01172	0.01266	0.05945	0.00577	0.00418	0.00133	0.00654	0.00384	0.00283	0.00714
6	0.01281	0.01014	0.01196	0.00859	0.01363	0.00768	0.00689	0.01533	0.01217	0.07032	0.01102	0.01239	0.00886	0.00443	0.00434	0.00091	0.00428	0.00355	0.00364	0.77705
7	0.01534	0.10136	0.06223	0.08500	0.13586	0.27168	0.03566	0.04843	0.01396	0.01613	0.01310	0.12911	0.01251	0.00836	0.02515	0.00189	0.00786	0.00610	0.00328	0.00700
8	0.01343	0.01016	0.03732	0.04529	0.17445	0.00985	0.01047	0.05061	0.05521	0.13719	0.02350	0.16817	0.08675	0.02770	0.00755	0.00209	0.04848	0.07984	0.00471	0.00722
9	0.02137	0.01503	0.01626	0.01254	0.01692	0.01646	0.01033	0.65842	0.02540	0.08126	0.01456	0.01452	0.01028	0.00687	0.00563	0.00170	0.00600	0.00520	0.05176	0.00948
10	0.11583	0.05339	0.08982	0.19515	0.16951	0.11070	0.01350	0.08085	0.05942	0.01952	0.01087	0.01323	0.00847	0.00568	0.00521	0.00171	0.00701	0.00453	0.00326	0.03236
11	0.01740	0.01652	0.03927	0.05738	0.08422	0.18755	0.01117	0.18861	0.20392	0.05861	0.03588	0.04619	0.01339	0.00717	0.00569	0.00176	0.00667	0.00571	0.00464	0.00825
12	0.02334	0.01187	0.01431	0.01104	0.01535	0.01177	0.00910	0.29869	0.02012	0.44846	0.01900	0.01740	0.01251	0.00698	0.00564	0.00173	0.00529	0.00550	0.05244	0.00949
13	0.01433	0.01199	0.03797	0.03015	0.01501	0.01267	0.00919	0.14357	0.41237	0.05250	0.02481	0.08872	0.08205	0.00913	0.00605	0.00194	0.00482	0.02890	0.00555	0.00826
14	0.00994	0.00497	0.00745	0.00745	0.00745	0.00497	0.00497	0.00745	0.00745	0.00994	0.00994	0.01739	0.00994	0.01987	0.02235	0.83358	0.00497	0.00497	0.00248	0.00248
15	0.01066	0.00533	0.00533	0.00533	0.00666	0.00533	0.00400	0.01333	0.01200	0.02132	0.01866	0.02132	0.01466	0.00666	0.00400	0.00133	0.00267	0.00533	0.83073	0.00533
16	0.01545	0.06557	0.01363	0.01175	0.01400	0.36151	0.00889	0.07612	0.01452	0.01587	0.01636	0.23491	0.01699	0.01349	0.09243	0.00259	0.00830	0.00761	0.00383	0.00619
17	0.02093	0.02634	0.01601	0.01454	0.01751	0.72891	0.01093	0.02331	0.06177	0.01461	0.00973	0.01100	0.00799	0.00601	0.00520	0.00150	0.00996	0.00386	0.00312	0.00678
18	0.08273	0.26311	0.01841	0.04182	0.06730	0.08848	0.00944	0.04852	0.12784	0.01712	0.01136	0.01340	0.00952	0.00802	0.00751	0.13714	0.00600	0.00429	0.00332	0.03467

[dist]
# distance from previous block
# <min> <max>
7	9

[block]
# block no. 4 follows, 41 sequences, length 17
# corresponding to MSA columns:
# 1093-1109
name=unknown_E
#
# <colnr> <probs for GDERKNQSTAVLIFYWHMCP>
#	G	D	E	R	K	N	Q	S	T	A	V	L	I	F	Y	W	H	M	C	P
0	0.01601	0.09513	0.01676	0.06613	0.13972	0.06719	0.01075	0.17958	0.09526	0.07611	0.01586	0.02072	0.02479	0.10202	0.00841	0.00220	0.00623	0.04503	0.00431	0.00778
1	0.01406	0.01270	0.01325	0.01125	0.05686	0.10135	0.00832	0.11979	0.01516	0.02114	0.10741	0.01606	0.01443	0.00582	0.00497	0.00122	0.00521	0.00467	0.00401	0.46232
2	0.00823	0.00589	0.00800	0.00800	0.00861	0.00650	0.00566	0.00945	0.00884	0.01239	0.01641	0.02851	0.01692	0.34831	0.47449	0.00772	0.01137	0.00701	0.00323	0.00444
3	0.01344	0.01994	0.29550	0.03997	0.08725	0.07450	0.12993	0.08634	0.05790	0.01986	0.05665	0.04194	0.03757	0.00669	0.00588	0.00181	0.00750	0.00590	0.00350	0.00792
4	0.01066	0.00533	0.00533	0.00533	0.00666	0.00533	0.00400	0.01333	0.01200	0.02132	0.01866	0.02132	0.01466	0.00666	0.00400	0.00133	0.00267	0.00533	0.83073	0.00533
5	0.01194	0.07606	0.09476	0.18703	0.12860	0.07834	0.01282	0.01488	0.01130	0.01491	0.01145	0.01628	0.00994	0.03799	0.21854	0.00391	0.05676	0.00509	0.00276	0.00664
6	0.05097	0.01742	0.23399	0.05916	0.09717	0.03281	0.01368	0.12873	0.01540	0.20419	0.01370	0.01435	0.00959	0.00594	0.00541	0.00169	0.00655	0.00474	0.00425	0.08026
7	0.06232	0.22822	0.10001	0.01305	0.06463	0.04558	0.01119	0.17113	0.05548	0.02100	0.05105	0.01643	0.06022	0.00698	0.00615	0.00168	0.06826	0.00508	0.00381	0.00773
8	0.01621	0.01572	0.04031	0.07877	0.20256	0.13528	0.03247	0.12813	0.10157	0.04905	0.01250	0.01427	0.00973	0.00617	0.00637	0.00170	0.05821	0.00492	0.00379	0.08227
9	0.01624	0.04637	0.17477	0.03813	0.11810	0.12626	0.12487	0.16718	0.02647	0.04433	0.01215	0.01397	0.02044	0.00606	0.00621	0.00176	0.03988	0.00505	0.00354	0.00822
10	0.00998	0.00728	0.00950	0.04712	0.01124	0.00747	0.00666	0.01130	0.01092	0.06273	0.06571	0.28810	0.03814	0.18896	0.01301	0.00280	0.10026	0.00990	0.00436	0.10457
11	0.01411	0.25398	0.04905	0.01177	0.05151	0.15348	0.00956	0.01698	0.05266	0.01560	0.01284	0.06182	0.02214	0.03242	0.05613	0.00204	0.00694	0.01507	0.00324	0.15866
12	0.01085	0.15386	0.01409	0.00946	0.01226	0.01038	0.04691	0.06070	0.04959	0.01730	0.05021	0.23617	0.13754	0.01258	0.04990	0.00217	0.00514	0.00909	0.00438	0.10740
13	0.01426	0.03719	0.14661	0.01364	0.04632	0.10913	0.09382	0.04857	0.11255	0.08885	0.02194	0.02354	0.13855	0.07055	0.00771	0.00209	0.00657	0.00658	0.00416	0.00737
14	0.01505	0.01627	0.01826	0.10931	0.09791	0.25171	0.12428	0.03732	0.04379	0.01581	0.01123	0.01526	0.00952	0.04107	0.07229	0.05007	0.05594	0.00517	0.00305	0.00669
15	0.01821	0.06845	0.17490	0.01933	0.24332	0.07296	0.01412	0.02162	0.01414	0.27573	0.01439	0.01492	0.01019	0.00590	0.00548	0.00170	0.00671	0.00490	0.00419	0.00886
16	0.03132	0.01188	0.01191	0.01018	0.01306	0.12676	0.00789	0.10576	0.06095	0.23772	0.19675	0.06628	0.02395	0.06056	0.00748	0.00201	0.00528	0.00720	0.00563	0.00742

[dist]
# distance from previous block
# <min> <max>
0	9

[block]
# block no. 5 follows, 41 sequences, length 30
# corresponding to MSA columns:
# 1141-1170
name=unknown_F
#
# <colnr> <probs for GDERKNQSTAVLIFYWHMCP>
#	G	D	E	R	K	N	Q	S	T	A	V	L	I	F	Y	W	H	M	C	P
0	0.01443	0.01088	0.01386	0.08344	0.11181	0.05640	0.01018	0.06167	0.12194	0.13130	0.01589	0.01855	0.01260	0.01852	0.26140	0.00421	0.00917	0.00560	0.00416	0.03400
1	0.08187	0.01078	0.01085	0.00915	0.01212	0.08071	0.00696	0.06164	0.05853	0.01839	0.04879	0.01956	0.01393	0.14519	0.12189	0.00317	0.00675	0.00526	0.00377	0.28070
2	0.01601	0.01665	0.08672	0.01513	0.10405	0.16621	0.05484	0.15494	0.01624	0.06007	0.01792	0.01871	0.11156	0.00687	0.00556	0.00159	0.00672	0.00557	0.00401	0.13063
3	0.00990	0.00891	0.01482	0.10487	0.04280	0.00907	0.15686	0.01247	0.01248	0.01675	0.15103	0.07015	0.10986	0.12734	0.01069	0.00256	0.04712	0.08244	0.00415	0.00575
4	0.01027	0.00748	0.01107	0.18608	0.01689	0.00834	0.00887	0.01279	0.01196	0.07913	0.16541	0.02662	0.07425	0.02209	0.30291	0.00470	0.03412	0.00709	0.00407	0.00586
5	0.00988	0.00736	0.00936	0.00873	0.01033	0.00790	0.00671	0.11176	0.01321	0.01812	0.14331	0.02998	0.11549	0.09279	0.38220	0.00571	0.00959	0.00762	0.00428	0.00562
6	0.01522	0.70266	0.02758	0.00987	0.01432	0.06855	0.00946	0.01692	0.01170	0.01334	0.00866	0.01107	0.00821	0.05616	0.00540	0.00152	0.00634	0.00344	0.00254	0.00705
7	0.44833	0.01280	0.01215	0.00992	0.01391	0.01428	0.00817	0.28477	0.03517	0.09387	0.01173	0.01211	0.00846	0.00610	0.00459	0.00175	0.00515	0.00416	0.00470	0.00787
8	0.00852	0.05653	0.00862	0.00782	0.00918	0.05566	0.00571	0.00996	0.01262	0.01588	0.13713	0.39087	0.23160	0.01454	0.00671	0.00202	0.00374	0.01267	0.00512	0.00510
9	0.01215	0.04952	0.06498	0.12561	0.26539	0.01170	0.01250	0.08259	0.01344	0.01817	0.04092	0.02284	0.11893	0.06242	0.07216	0.00263	0.00689	0.00640	0.00354	0.00721
10	0.00906	0.00709	0.01043	0.01090	0.08011	0.00720	0.05030	0.01063	0.01061	0.01469	0.12800	0.03141	0.04422	0.34286	0.21281	0.00524	0.00791	0.00777	0.00375	0.00499
11	0.05807	0.01560	0.09054	0.01474	0.11044	0.10870	0.01110	0.20247	0.09315	0.06962	0.07733	0.04489	0.01534	0.05423	0.00705	0.00198	0.00627	0.00594	0.00456	0.00797
12	0.01124	0.02270	0.52792	0.01349	0.02025	0.01119	0.01626	0.01671	0.03031	0.04362	0.01932	0.02004	0.13945	0.00703	0.00559	0.00175	0.00691	0.00563	0.00325	0.07735
13	0.01240	0.00973	0.01281	0.01105	0.01358	0.01024	0.06956	0.20720	0.06496	0.02239	0.12892	0.14544	0.06785	0.01635	0.14094	0.00322	0.00680	0.04479	0.00500	0.00678
14	0.01363	0.01263	0.01551	0.21038	0.02091	0.07830	0.01191	0.10483	0.06068	0.01785	0.01233	0.01811	0.01075	0.03542	0.01086	0.00219	0.26620	0.04790	0.04288	0.00672
15	0.00714	0.00542	0.00659	0.00711	0.00817	0.00486	0.00502	0.00865	0.01273	0.01665	0.19573	0.40061	0.26959	0.01550	0.00701	0.00209	0.00305	0.01367	0.00552	0.00486
16	0.01164	0.02840	0.70744	0.01696	0.02519	0.01338	0.08185	0.01813	0.01220	0.01813	0.01037	0.01236	0.00737	0.00538	0.00555	0.00182	0.00855	0.00444	0.00246	0.00839
17	0.83938	0.01106	0.00841	0.00752	0.01106	0.01283	0.00619	0.01681	0.00973	0.02566	0.00796	0.00929	0.00619	0.00531	0.00354	0.00177	0.00442	0.00310	0.00354	0.00619
18	0.01424	0.01289	0.01215	0.01092	0.01288	0.16457	0.00825	0.19213	0.01502	0.01884	0.01592	0.12742	0.01580	0.15004	0.15746	0.00387	0.05017	0.00712	0.00404	0.00626
19	0.01395	0.52989	0.29070	0.01208	0.01823	0.01934	0.01379	0.01748	0.01178	0.01510	0.00877	0.01020	0.00731	0.00508	0.00429	0.00143	0.00694	0.00347	0.00244	0.00773
20	0.01397	0.20487	0.01801	0.01156	0.01495	0.01434	0.07045	0.16590	0.14365	0.02082	0.01968	0.17785	0.03892	0.00937	0.00581	0.00184	0.00546	0.05056	0.00458	0.00741
21	0.00754	0.00569	0.00697	0.00693	0.00828	0.00512	0.00509	0.00961	0.01446	0.01950	0.44650	0.16935	0.24707	0.01349	0.00684	0.00192	0.00286	0.01179	0.00586	0.00512
22	0.01096	0.03354	0.32134	0.17249	0.07082	0.01184	0.09506	0.01558	0.01259	0.01742	0.07481	0.02085	0.10425	0.00700	0.00588	0.00184	0.00713	0.00615	0.00318	0.00728
23	0.00738	0.00554	0.00680	0.00749	0.00850	0.00507	0.00544	0.00883	0.01223	0.01583	0.11251	0.37102	0.24730	0.05795	0.00833	0.00237	0.00350	0.10381	0.00531	0.00479
24	0.01253	0.13912	0.09517	0.00956	0.01323	0.01004	0.00876	0.01559	0.03556	0.11295	0.15094	0.09336	0.07489	0.00915	0.00571	0.00169	0.00473	0.06840	0.00465	0.13396
25	0.06464	0.26022	0.01625	0.00921	0.01225	0.01308	0.00769	0.11817	0.01346	0.01845	0.06162	0.19633	0.01798	0.01002	0.00680	0.07970	0.00490	0.00710	0.00398	0.07813
26	0.03645	0.05815	0.01189	0.00996	0.01188	0.01012	0.00781	0.03261	0.10381	0.08069	0.02196	0.26870	0.04336	0.03140	0.00892	0.01705	0.12085	0.05158	0.00464	0.06817
27	0.03330	0.01090	0.01401	0.07559	0.10275	0.05927	0.04587	0.05962	0.03789	0.10038	0.12906	0.06372	0.06493	0.04622	0.00761	0.00198	0.03840	0.03340	0.00451	0.07060
28	0.06676	0.02919	0.01377	0.03780	0.16201	0.02128	0.00940	0.02560	0.01284	0.05955	0.14633	0.03471	0.01801	0.01057	0.08562	0.00231	0.03291	0.00575	0.00396	0.22163
29	0.08653	0.02740	0.12201	0.06104	0.14259	0.01112	0.01156	0.09273	0.01474	0.14009	0.11823	0.05631	0.03507	0.00740	0.00562	0.00174	0.00555	0.00621	0.00447	0.04957

[dist]
# distance from previous block
# <min> <max>
1	68

[block]
# block no. 6 follows, 41 sequences, length 15
# corresponding to MSA columns:
# 1239-1253
name=unknown_G
#
# <colnr> <probs for GDERKNQSTAVLIFYWHMCP>
#	G	D	E	R	K	N	Q	S	T	A	V	L	I	F	Y	W	H	M	C	P
0	0.01099	0.04341	0.13996	0.08648	0.04004	0.01027	0.01038	0.07057	0.09648	0.01864	0.09875	0.12972	0.06971	0.10130	0.00881	0.00235	0.00546	0.04576	0.00433	0.00658
1	0.01008	0.07672	0.03933	0.00791	0.00918	0.00742	0.00583	0.01107	0.01020	0.07432	0.02085	0.24428	0.02297	0.37440	0.05723	0.00400	0.00554	0.00960	0.00413	0.00493
2	0.15099	0.08069	0.13086	0.08450	0.05230	0.01508	0.23306	0.11050	0.01380	0.02084	0.01041	0.01298	0.00795	0.00561	0.00611	0.00182	0.04666	0.00497	0.00320	0.00766
3	0.07107	0.01709	0.06852	0.03347	0.15554	0.26180	0.01131	0.01882	0.09793	0.01768	0.05329	0.11547	0.03835	0.00797	0.00565	0.00176	0.00690	0.00649	0.00379	0.00709
4	0.01390	0.00909	0.01008	0.00899	0.01109	0.04655	0.00681	0.10079	0.04680	0.15426	0.13478	0.03418	0.07400	0.23342	0.01278	0.00293	0.00506	0.08294	0.00521	0.00631
5	0.01349	0.27186	0.01805	0.00923	0.01414	0.05255	0.00799	0.01574	0.01201	0.01669	0.00937	0.01090	0.00804	0.00454	0.00410	0.00100	0.00517	0.00330	0.00306	0.51878
6	0.00727	0.00577	0.00653	0.00643	0.00806	0.00503	0.00479	0.00917	0.01412	0.01822	0.31992	0.08755	0.45966	0.01361	0.00678	0.00190	0.00284	0.01163	0.00568	0.00503
7	0.01494	0.01333	0.02254	0.03342	0.71250	0.01324	0.01693	0.01825	0.01325	0.06948	0.01156	0.01452	0.00941	0.00523	0.00567	0.00170	0.00666	0.00514	0.00312	0.00911
8	0.08010	0.00551	0.00679	0.00793	0.00854	0.00537	0.00539	0.00874	0.01084	0.01557	0.02946	0.72619	0.03505	0.01681	0.00697	0.00227	0.00342	0.01510	0.00515	0.00478
9	0.00999	0.00633	0.00785	0.00718	0.00909	0.00562	0.00549	0.01227	0.01531	0.11707	0.46436	0.04324	0.25067	0.01189	0.00662	0.00183	0.00304	0.01024	0.00612	0.00580
10	0.08635	0.00939	0.01204	0.10877	0.06907	0.00991	0.00898	0.01926	0.17289	0.16124	0.12396	0.13792	0.03808	0.00918	0.00595	0.00191	0.00466	0.00789	0.00521	0.00733
11	0.01681	0.42833	0.07947	0.01113	0.01570	0.01856	0.01059	0.17215	0.01501	0.08474	0.01109	0.01278	0.00909	0.04339	0.00642	0.00169	0.04735	0.00418	0.00360	0.00790
12	0.00969	0.04703	0.01183	0.24649	0.01902	0.05981	0.00939	0.01184	0.01180	0.01472	0.02464	0.29066	0.11031	0.01337	0.04286	0.00238	0.00589	0.05868	0.00406	0.00552
13	0.01543	0.13950	0.06788	0.01235	0.03867	0.06654	0.01035	0.19866	0.21058	0.02266	0.01934	0.05743	0.06428	0.00806	0.00562	0.00178	0.00581	0.04236	0.00466	0.00806
14	0.01389	0.01083	0.01354	0.09103	0.01642	0.01165	0.05585	0.26799	0.07633	0.02331	0.04392	0.10424	0.08265	0.10401	0.00886	0.00231	0.00552	0.01951	0.04107	0.00708

[dist]
# distance from previous block
# <min> <max>
1	6

[block]
# block no. 7 follows, 41 sequences, length 22
# corresponding to MSA columns:
# 1260-1281
name=unknown_H
#
# <colnr> <probs for GDERKNQSTAVLIFYWHMCP>
#	G	D	E	R	K	N	Q	S	T	A	V	L	I	F	Y	W	H	M	C	P
0	0.00917	0.00556	0.00800	0.05449	0.00970	0.00580	0.00575	0.00847	0.00856	0.01144	0.01547	0.07890	0.04708	0.12161	0.13064	0.45962	0.00650	0.00671	0.00303	0.00349
1	0.01596	0.25981	0.02033	0.10309	0.06351	0.10707	0.01072	0.15536	0.01519	0.01932	0.01003	0.01173	0.00816	0.00536	0.00471	0.00138	0.00649	0.00396	0.00335	0.17446
2	0.03220	0.00788	0.00940	0.00879	0.01095	0.00757	0.00656	0.08519	0.06419	0.11843	0.05427	0.37587	0.10363	0.01270	0.00642	0.00197	0.00393	0.01109	0.00546	0.07350
3	0.00809	0.00560	0.00698	0.00716	0.00745	0.00579	0.00458	0.00871	0.00889	0.01209	0.01930	0.14076	0.02169	0.51415	0.19875	0.00593	0.00749	0.00893	0.00363	0.00401
4	0.01355	0.01523	0.10535	0.02452	0.38086	0.03116	0.06811	0.01821	0.07911	0.01847	0.01146	0.01414	0.00932	0.00575	0.00684	0.00172	0.08341	0.00500	0.00309	0.10468
5	0.24301	0.34436	0.01978	0.01071	0.01462	0.25438	0.00920	0.01882	0.01253	0.01697	0.00823	0.00956	0.00703	0.00532	0.00410	0.00145	0.00696	0.00326	0.00290	0.00681
6	0.01037	0.00831	0.00929	0.00896	0.01071	0.00893	0.00652	0.01783	0.32270	0.01911	0.12557	0.19102	0.07998	0.14232	0.01019	0.00260	0.00408	0.00974	0.00535	0.00641
7	0.01525	0.67766	0.02904	0.01114	0.01580	0.02163	0.05763	0.04292	0.01212	0.01460	0.00837	0.00994	0.00752	0.00525	0.00481	0.00136	0.05148	0.00349	0.00260	0.00739
8	0.83938	0.01106	0.00841	0.00752	0.01106	0.01283	0.00619	0.01681	0.00973	0.02566	0.00796	0.00929	0.00619	0.00531	0.00354	0.00177	0.00442	0.00310	0.00354	0.00619
9	0.00778	0.00582	0.00711	0.00731	0.00857	0.00535	0.00549	0.00966	0.01345	0.01778	0.29039	0.13365	0.24869	0.09102	0.00918	0.00239	0.00350	0.12245	0.00547	0.00494
10	0.00829	0.00550	0.00706	0.00760	0.00822	0.00526	0.00539	0.00862	0.01035	0.01340	0.02798	0.21633	0.14721	0.16582	0.01505	0.20130	0.00440	0.13390	0.00428	0.00404
11	0.83938	0.01106	0.00841	0.00752	0.01106	0.01283	0.00619	0.01681	0.00973	0.02566	0.00796	0.00929	0.00619	0.00531	0.00354	0.00177	0.00442	0.00310	0.00354	0.00619
12	0.00690	0.00543	0.00624	0.00683	0.00801	0.00477	0.00482	0.00819	0.01221	0.01535	0.07219	0.38866	0.40825	0.01593	0.00700	0.00210	0.00308	0.01390	0.00535	0.00477
13	0.02188	0.00933	0.01237	0.00976	0.01357	0.00836	0.00795	0.06770	0.01697	0.57293	0.17086	0.02381	0.02192	0.00800	0.00595	0.00177	0.00452	0.00664	0.00684	0.00886
14	0.83938	0.01106	0.00841	0.00752	0.01106	0.01283	0.00619	0.01681	0.00973	0.02566	0.00796	0.00929	0.00619	0.00531	0.00354	0.00177	0.00442	0.00310	0.00354	0.00619
15	0.01505	0.01355	0.01543	0.06572	0.14930	0.09067	0.01048	0.18071	0.01598	0.02161	0.01442	0.01590	0.06351	0.00600	0.00520	0.00141	0.00591	0.00487	0.00386	0.30041
16	0.01466	0.17064	0.40641	0.01421	0.02050	0.01614	0.01601	0.16432	0.01484	0.03761	0.01061	0.01206	0.00794	0.00599	0.00614	0.00173	0.06432	0.00428	0.00320	0.00837
17	0.00756	0.00549	0.00698	0.00783	0.00859	0.00516	0.00562	0.00890	0.01171	0.01538	0.09034	0.42563	0.13537	0.10763	0.00982	0.00266	0.00379	0.13169	0.00517	0.00470
18	0.07078	0.01099	0.01137	0.00943	0.01250	0.01202	0.00758	0.34121	0.07248	0.02838	0.01609	0.01714	0.01210	0.00674	0.00487	0.00158	0.00454	0.00518	0.34739	0.00762
19	0.01066	0.00533	0.00533	0.00533	0.00666	0.00533	0.00400	0.01333	0.01200	0.02132	0.01866	0.02132	0.01466	0.00666	0.00400	0.00133	0.00267	0.00533	0.83073	0.00533
20	0.01080	0.01017	0.01716	0.78523	0.03940	0.01271	0.01589	0.01461	0.01144	0.01461	0.01017	0.01525	0.00762	0.00572	0.00572	0.00191	0.00762	0.00508	0.00254	0.00635
21	0.09823	0.08055	0.19082	0.01377	0.01824	0.34533	0.01277	0.08116	0.04751	0.01833	0.01002	0.01139	0.00787	0.00597	0.00552	0.00164	0.03627	0.00400	0.00319	0.00741

[dist]
# distance from previous block
# <min> <max>
0	1

[block]
# block no. 8 follows, 41 sequences, length 6
# corresponding to MSA columns:
# 1283-1288
name=unknown_I
#
# <colnr> <probs for GDERKNQSTAVLIFYWHMCP>
#	G	D	E	R	K	N	Q	S	T	A	V	L	I	F	Y	W	H	M	C	P
0	0.02168	0.01793	0.01700	0.01343	0.01773	0.14663	0.01090	0.62161	0.02508	0.03230	0.01290	0.01315	0.00933	0.00670	0.00563	0.00168	0.00698	0.00490	0.00525	0.00920
1	0.01084	0.00720	0.00873	0.00775	0.01032	0.00603	0.00586	0.01271	0.01314	0.12197	0.12777	0.21528	0.21106	0.01146	0.00614	0.00173	0.00357	0.00989	0.00523	0.20331
2	0.00994	0.00497	0.00745	0.00745	0.00745	0.00497	0.00497	0.00745	0.00745	0.00994	0.00994	0.01739	0.00994	0.01987	0.02235	0.83358	0.00497	0.00497	0.00248	0.00248
3	0.01886	0.07109	0.14482	0.01408	0.01824	0.42590	0.01237	0.15353	0.01679	0.01853	0.00998	0.01150	0.00790	0.00659	0.00602	0.04031	0.00876	0.00407	0.00331	0.00736
4	0.01429	0.05964	0.09248	0.05966	0.05692	0.12584	0.01135	0.15941	0.03931	0.02002	0.01859	0.08293	0.04598	0.01067	0.03812	0.00222	0.00698	0.14429	0.00419	0.00712
5	0.00797	0.00645	0.00718	0.00720	0.00894	0.00603	0.00542	0.01125	0.09484	0.01764	0.16865	0.14529	0.42751	0.01378	0.00678	0.00200	0.00322	0.04890	0.00553	0.00539

[dist]
# distance from previous block
# <min> <max>
5	6

[block]
# block no. 9 follows, 41 sequences, length 13
# corresponding to MSA columns:
# 1295-1307
name=unknown_J
#
# <colnr> <probs for GDERKNQSTAVLIFYWHMCP>
#	G	D	E	R	K	N	Q	S	T	A	V	L	I	F	Y	W	H	M	C	P
0	0.13294	0.01552	0.01489	0.01357	0.07098	0.13294	0.01002	0.31576	0.11186	0.05076	0.01424	0.04422	0.01131	0.02847	0.00604	0.00184	0.00629	0.00533	0.00475	0.00826
1	0.07326	0.00880	0.01051	0.04261	0.06419	0.00913	0.00752	0.10575	0.08165	0.06647	0.02573	0.22172	0.12499	0.12057	0.00936	0.00247	0.00466	0.00938	0.00485	0.00637
2	0.00823	0.00578	0.00742	0.00733	0.00792	0.00600	0.00498	0.00941	0.01026	0.01427	0.17549	0.03407	0.02592	0.40426	0.24852	0.00584	0.00787	0.00809	0.00395	0.00437
3	0.20241	0.01095	0.01383	0.01102	0.01483	0.01115	0.07556	0.12550	0.04153	0.27950	0.07992	0.01829	0.01478	0.00958	0.06387	0.00235	0.00601	0.00561	0.00529	0.00801
4	0.00742	0.00544	0.00623	0.00665	0.00733	0.00505	0.00431	0.00817	0.01057	0.01351	0.03433	0.28092	0.24990	0.31636	0.01550	0.00344	0.00404	0.01195	0.00460	0.00425
5	0.01529	0.80242	0.02997	0.00979	0.01468	0.02263	0.00979	0.01713	0.01162	0.01346	0.00795	0.00918	0.00734	0.00489	0.00367	0.00122	0.00612	0.00306	0.00245	0.00734
6	0.00706	0.00570	0.00629	0.00636	0.00797	0.00492	0.00469	0.00872	0.01343	0.01690	0.20057	0.14576	0.52293	0.01434	0.00683	0.00195	0.00291	0.01224	0.00552	0.00492
7	0.02081	0.09866	0.01748	0.01428	0.01741	0.70662	0.01094	0.02231	0.01579	0.01395	0.00876	0.01021	0.00737	0.00580	0.00502	0.00145	0.00993	0.00363	0.00290	0.00670
8	0.12848	0.00652	0.00717	0.00731	0.00853	0.00636	0.00498	0.00992	0.01025	0.01562	0.02424	0.34955	0.07476	0.23560	0.01262	0.00300	0.00416	0.01072	0.00437	0.07585
9	0.01276	0.13898	0.09896	0.00988	0.01497	0.01136	0.00909	0.05121	0.05203	0.01911	0.05244	0.01377	0.01122	0.00520	0.00457	0.00117	0.00503	0.00406	0.00353	0.48063
10	0.01517	0.07213	0.23069	0.01442	0.05789	0.11715	0.05348	0.11368	0.01454	0.05707	0.01180	0.01484	0.00953	0.07862	0.00744	0.00193	0.00725	0.00473	0.00343	0.11421
11	0.08592	0.08463	0.01647	0.03806	0.03359	0.22183	0.04006	0.14038	0.05321	0.04288	0.01149	0.01305	0.00911	0.00825	0.05711	0.00202	0.00760	0.00436	0.00374	0.12627
12	0.06098	0.01488	0.04415	0.05078	0.01829	0.13953	0.11457	0.12670	0.07641	0.15855	0.07984	0.01960	0.05579	0.00716	0.00581	0.00177	0.00659	0.00603	0.00474	0.00783

[dist]
# distance from previous block
# <min> <max>
13	177

[block]
# block no. 10 follows, 41 sequences, length 34
# corresponding to MSA columns:
# 1520-1553
name=unknown_K
#
# <colnr> <probs for GDERKNQSTAVLIFYWHMCP>
#	G	D	E	R	K	N	Q	S	T	A	V	L	I	F	Y	W	H	M	C	P
0	0.07512	0.05338	0.07802	0.00929	0.01196	0.05412	0.00774	0.05056	0.03464	0.04101	0.01571	0.02311	0.03902	0.25040	0.14816	0.00409	0.00752	0.00596	0.00359	0.08662
1	0.31554	0.08867	0.22314	0.01090	0.01556	0.08990	0.01103	0.01739	0.04432	0.01973	0.01303	0.01515	0.05445	0.05236	0.00603	0.00194	0.00627	0.00447	0.00327	0.00686
2	0.05000	0.13785	0.22800	0.01359	0.05546	0.13342	0.01278	0.08828	0.01397	0.01884	0.01071	0.03980	0.00890	0.00577	0.00493	0.00149	0.00696	0.00433	0.00318	0.16175
3	0.00753	0.00593	0.00677	0.00691	0.00851	0.00528	0.00534	0.00934	0.01339	0.01691	0.18409	0.05335	0.45773	0.05908	0.00824	0.00224	0.00342	0.13563	0.00539	0.00493
4	0.00813	0.00769	0.05699	0.00990	0.06154	0.00639	0.00724	0.01028	0.01252	0.01693	0.19237	0.24756	0.19412	0.01781	0.12072	0.00306	0.00543	0.01099	0.00484	0.00547
5	0.00994	0.00497	0.00745	0.00745	0.00745	0.00497	0.00497	0.00745	0.00745	0.00994	0.00994	0.01739	0.00994	0.01987	0.02235	0.83358	0.00497	0.00497	0.00248	0.00248
6	0.13798	0.01384	0.01501	0.01166	0.01606	0.01485	0.00963	0.47286	0.02199	0.20687	0.01500	0.01446	0.01027	0.00670	0.00542	0.00174	0.00569	0.00500	0.00573	0.00923
7	0.01241	0.02645	0.57599	0.01741	0.02476	0.05730	0.13606	0.01823	0.01240	0.01773	0.01028	0.01253	0.00749	0.00556	0.00620	0.00184	0.04206	0.00463	0.00253	0.00814
8	0.01302	0.01113	0.01571	0.34064	0.08869	0.01148	0.01206	0.09983	0.01361	0.03328	0.01087	0.01386	0.00842	0.00530	0.00519	0.00149	0.00614	0.00450	0.00332	0.30146
9	0.01022	0.00924	0.01447	0.37924	0.14585	0.01022	0.01263	0.01327	0.01230	0.01582	0.02379	0.03097	0.17948	0.00901	0.00625	0.00198	0.00610	0.10927	0.00360	0.00630
10	0.01289	0.01911	0.23263	0.02147	0.02765	0.01432	0.50480	0.01800	0.01284	0.01800	0.01098	0.01435	0.00822	0.00529	0.00708	0.00193	0.05389	0.00596	0.00274	0.00783
11	0.01298	0.01103	0.01359	0.22128	0.02089	0.01270	0.01063	0.09240	0.35579	0.02165	0.06055	0.02453	0.05944	0.00818	0.00601	0.00194	0.00539	0.04842	0.00488	0.00773
12	0.79129	0.05725	0.00967	0.00765	0.01127	0.01340	0.00640	0.01683	0.00984	0.02495	0.00796	0.00929	0.00626	0.00529	0.00355	0.00174	0.00452	0.00310	0.00348	0.00626
13	0.40736	0.01274	0.01090	0.00933	0.01271	0.11894	0.00738	0.05619	0.01296	0.20016	0.01285	0.01484	0.00987	0.08338	0.00690	0.00209	0.00556	0.00443	0.00440	0.00701
14	0.01178	0.00670	0.00815	0.00743	0.00968	0.00582	0.00569	0.01364	0.01431	0.20449	0.19636	0.12544	0.34352	0.01242	0.00657	0.00191	0.00339	0.01059	0.00596	0.00615
15	0.15329	0.00654	0.00755	0.00738	0.00828	0.00704	0.00512	0.01017	0.00901	0.01451	0.05380	0.02579	0.01656	0.30833	0.18149	0.16404	0.00717	0.00641	0.00336	0.00421
16	0.05907	0.09138	0.06414	0.01144	0.01540	0.05867	0.00987	0.28985	0.08119	0.09744	0.08881	0.01797	0.01507	0.03353	0.03912	0.00214	0.00627	0.00553	0.00493	0.00817
17	0.01616	0.69135	0.02800	0.01050	0.01511	0.13059	0.00997	0.01795	0.01228	0.01353	0.00808	0.00934	0.00734	0.00504	0.00388	0.00126	0.00672	0.00315	0.00252	0.00724
18	0.09931	0.01335	0.01498	0.01159	0.01602	0.01401	0.00957	0.42510	0.02160	0.29164	0.01629	0.01533	0.01095	0.00680	0.00553	0.00174	0.00562	0.00517	0.00599	0.00940
19	0.00828	0.00589	0.00720	0.00756	0.00825	0.00571	0.00508	0.04782	0.01195	0.01606	0.13529	0.40410	0.06617	0.22842	0.01304	0.00307	0.00397	0.01245	0.00498	0.00472
20	0.01360	0.00905	0.01022	0.00971	0.01201	0.05712	0.00783	0.08591	0.01507	0.16195	0.05368	0.15130	0.15007	0.01257	0.00678	0.00211	0.00485	0.22411	0.00555	0.00649
21	0.01200	0.01353	0.06639	0.01768	0.02066	0.01395	0.31392	0.01507	0.01146	0.01634	0.03961	0.11346	0.01348	0.00865	0.01114	0.00218	0.29329	0.00729	0.00315	0.00675
22	0.00832	0.00555	0.00624	0.00624	0.00624	0.00555	0.00347	0.00832	0.00832	0.01109	0.01802	0.03743	0.02080	0.79898	0.02911	0.00555	0.00555	0.00832	0.00347	0.00347
23	0.01440	0.01261	0.01630	0.01341	0.01704	0.01383	0.12791	0.11070	0.47619	0.02435	0.09148	0.02155	0.01865	0.00756	0.00605	0.00190	0.00539	0.00673	0.00538	0.00856
24	0.01132	0.00887	0.00980	0.00891	0.01130	0.00912	0.00695	0.15366	0.14492	0.02224	0.16629	0.10211	0.26024	0.01171	0.00650	0.00194	0.00396	0.04788	0.00565	0.00661
25	0.00819	0.00605	0.00877	0.00877	0.00965	0.00692	0.00662	0.00994	0.00907	0.01297	0.01571	0.02460	0.01523	0.15071	0.66977	0.00867	0.01393	0.00644	0.00312	0.00487
26	0.01820	0.38682	0.02338	0.01285	0.01683	0.39225	0.04293	0.01999	0.01396	0.01394	0.00855	0.01001	0.00741	0.00538	0.00454	0.00138	0.00834	0.00353	0.00271	0.00701
27	0.00820	0.00509	0.00683	0.00743	0.00771	0.00488	0.00490	0.00783	0.00949	0.01253	0.02374	0.37309	0.07233	0.11111	0.01536	0.30660	0.00416	0.01092	0.00406	0.00373
28	0.06663	0.01965	0.29976	0.05040	0.25865	0.01375	0.13529	0.05441	0.01318	0.01960	0.01066	0.01330	0.00812	0.00530	0.00562	0.00179	0.00772	0.00492	0.00287	0.00837
29	0.00765	0.00565	0.00722	0.00766	0.00877	0.00521	0.00570	0.00958	0.01354	0.01818	0.30712	0.29534	0.16276	0.01475	0.00708	0.00210	0.00328	0.10769	0.00567	0.00504
30	0.01066	0.00533	0.00533	0.00533	0.00666	0.00533	0.00400	0.01333	0.01200	0.02132	0.01866	0.02132	0.01466	0.00666	0.00400	0.00133	0.00267	0.00533	0.83073	0.00533
31	0.44104	0.07544	0.04746	0.01089	0.01458	0.28130	0.02122	0.01903	0.01231	0.02022	0.00844	0.00987	0.00678	0.00548	0.00426	0.00163	0.00688	0.00341	0.00319	0.00656
32	0.01476	0.01785	0.14709	0.01585	0.10815	0.17558	0.04912	0.12063	0.03935	0.02077	0.16213	0.02024	0.04331	0.00744	0.00626	0.00175	0.03210	0.00606	0.00406	0.00750
33	0.01880	0.02150	0.06017	0.01552	0.06155	0.40812	0.05676	0.16814	0.01733	0.01969	0.01137	0.04024	0.00938	0.00635	0.00543	0.00159	0.00844	0.00478	0.02966	0.03518

[dist]
# distance from previous block
# <min> <max>
4	5

[block]
# block no. 11 follows, 41 sequences, length 31
# corresponding to MSA columns:
# 1559-1589
name=unknown_L
#
# <colnr> <probs for GDERKNQSTAVLIFYWHMCP>
#	G	D	E	R	K	N	Q	S	T	A	V	L	I	F	Y	W	H	M	C	P
0	0.01073	0.00998	0.01207	0.01097	0.01265	0.05688	0.04376	0.01508	0.14727	0.01620	0.02507	0.12020	0.16175	0.01763	0.16535	0.00354	0.15229	0.00826	0.00416	0.00615
1	0.01923	0.01429	0.01562	0.01264	0.01661	0.01577	0.01047	0.57428	0.08610	0.03219	0.01702	0.02198	0.01385	0.00828	0.00606	0.00187	0.00599	0.11307	0.00566	0.00900
2	0.01989	0.06121	0.01778	0.04950	0.05843	0.11470	0.01128	0.50888	0.02250	0.02912	0.01252	0.01347	0.00934	0.00790	0.03581	0.00196	0.00724	0.00488	0.00477	0.00882
3	0.01916	0.20589	0.01954	0.01335	0.01660	0.44243	0.01081	0.06970	0.01507	0.03966	0.00927	0.01081	0.00776	0.00620	0.00632	0.00155	0.09185	0.00384	0.00310	0.00707
4	0.00994	0.00497	0.00745	0.00745	0.00745	0.00497	0.00497	0.00745	0.00745	0.00994	0.00994	0.01739	0.00994	0.01987	0.02235	0.83358	0.00497	0.00497	0.00248	0.00248
5	0.01136	0.01662	0.24820	0.01534	0.02026	0.01157	0.20587	0.01770	0.13339	0.01839	0.02056	0.12129	0.07819	0.00857	0.00633	0.00198	0.00683	0.04630	0.00387	0.00739
6	0.18953	0.00968	0.01124	0.00918	0.01265	0.00955	0.00744	0.09758	0.01607	0.34475	0.20764	0.02271	0.02224	0.00787	0.00554	0.00177	0.00437	0.00631	0.00600	0.00789
7	0.01393	0.00872	0.01015	0.00882	0.01164	0.00857	0.00692	0.05988	0.17731	0.19492	0.19481	0.03433	0.22579	0.01024	0.00626	0.00185	0.00386	0.00860	0.00607	0.00730
8	0.00717	0.00562	0.00649	0.00668	0.00808	0.00494	0.00485	0.00885	0.01339	0.01726	0.24031	0.22551	0.40139	0.01454	0.00688	0.00199	0.00294	0.01259	0.00558	0.00494
9	0.01529	0.80242	0.02997	0.00979	0.01468	0.02263	0.00979	0.01713	0.01162	0.01346	0.00795	0.00918	0.00734	0.00489	0.00367	0.00122	0.00612	0.00306	0.00245	0.00734
10	0.00773	0.00568	0.00719	0.00798	0.00869	0.00536	0.00537	0.00942	0.04511	0.01489	0.02846	0.63308	0.03337	0.09993	0.00938	0.00256	0.00367	0.01421	0.00503	0.05290
