[name]
unknown

[dist]
# distance from previous block
# <min> <max>
0	0

[block]
# block no. 0 follows, 42 sequences, length 55
# corresponding to MSA columns:
# 26-37,52-94
name=unknown_A
#
# <colnr> <probs for GDERKNQSTAVLIFYWHMCP>
#	G	D	E	R	K	N	Q	S	T	A	V	L	I	F	Y	W	H	M	C	P
0	0.00907	0.00648	0.00907	0.01036	0.01166	0.00648	0.00907	0.01166	0.01296	0.01684	0.02980	0.06348	0.03239	0.01555	0.00777	0.00259	0.00518	0.72924	0.00518	0.00518
1	0.02139	0.01576	0.01689	0.01295	0.01745	0.01745	0.01070	0.74835	0.02646	0.03547	0.01351	0.01351	0.00957	0.00676	0.00563	0.00169	0.00619	0.00507	0.00563	0.00957
2	0.01328	0.01518	0.03321	0.02372	0.02941	0.01423	0.74668	0.01803	0.01328	0.01803	0.01139	0.01518	0.00854	0.00474	0.00664	0.00190	0.00949	0.00664	0.00285	0.00759
3	0.00818	0.00546	0.00614	0.00614	0.00614	0.00546	0.00341	0.00818	0.00818	0.01091	0.01773	0.03683	0.02046	0.80222	0.02864	0.00546	0.00546	0.00818	0.00341	0.00341
4	0.01112	0.01058	0.01742	0.62520	0.09609	0.01319	0.01533	0.01451	0.01104	0.01460	0.00971	0.01456	0.00760	0.00613	0.00730	0.00194	0.10970	0.00499	0.00252	0.00646
5	0.01489	0.77355	0.06019	0.00989	0.01485	0.02189	0.01009	0.01689	0.01145	0.01343	0.00792	0.00915	0.00722	0.00484	0.00368	0.00123	0.00611	0.00306	0.00241	0.00727
6	0.01400	0.01209	0.01273	0.01145	0.01463	0.01400	0.00891	0.02990	0.75695	0.02354	0.02291	0.02100	0.01718	0.00764	0.00573	0.00191	0.00445	0.00636	0.00573	0.00891
7	0.00818	0.00546	0.00614	0.00614	0.00614	0.00546	0.00341	0.00818	0.00818	0.01091	0.01773	0.03683	0.02046	0.80222	0.02864	0.00546	0.00546	0.00818	0.00341	0.00341
8	0.01381	0.01188	0.01259	0.01141	0.01452	0.01372	0.00891	0.02922	0.72917	0.02329	0.02316	0.02258	0.01775	0.00793	0.00580	0.00193	0.00448	0.03336	0.00571	0.00877
9	0.01267	0.01208	0.02056	0.32271	0.48881	0.01304	0.01664	0.01617	0.01222	0.01685	0.01036	0.01434	0.00837	0.00525	0.00559	0.00175	0.00700	0.00501	0.00268	0.00790
10	0.29808	0.33700	0.17947	0.01024	0.01533	0.01646	0.01073	0.01737	0.01108	0.04815	0.00888	0.01007	0.00708	0.00515	0.00402	0.00153	0.00589	0.00337	0.00295	0.00716
11	0.01794	0.01931	0.22937	0.01561	0.08161	0.01588	0.01407	0.48287	0.02124	0.02910	0.01231	0.01309	0.00883	0.00622	0.00555	0.00171	0.00683	0.00481	0.00448	0.00916
12	0.01421	0.01416	0.02421	0.12726	0.37401	0.04359	0.22075	0.07799	0.01400	0.01900	0.01090	0.01424	0.00861	0.00519	0.00586	0.00175	0.00767	0.00542	0.00301	0.00816
13	0.01301	0.01226	0.01985	0.24296	0.46482	0.01321	0.01572	0.01811	0.10939	0.01793	0.01203	0.01515	0.00960	0.00553	0.00561	0.00176	0.00662	0.00519	0.00309	0.00817
14	0.01241	0.26136	0.55066	0.01412	0.02139	0.01582	0.01745	0.01753	0.01175	0.01645	0.00942	0.01103	0.00716	0.00519	0.00483	0.00161	0.00763	0.00381	0.00239	0.00799
15	0.01426	0.01325	0.01294	0.00998	0.01447	0.12212	0.00790	0.09438	0.07572	0.01991	0.01125	0.01242	0.00904	0.00497	0.00458	0.00110	0.00528	0.00381	0.00371	0.55889
16	0.00697	0.00499	0.00663	0.00776	0.00819	0.00465	0.00523	0.00813	0.01132	0.01523	0.10859	0.71850	0.03890	0.01698	0.00713	0.00223	0.00320	0.01538	0.00533	0.00465
17	0.00686	0.00490	0.00653	0.00784	0.00816	0.00457	0.00522	0.00784	0.01077	0.01437	0.03102	0.79855	0.03722	0.01763	0.00718	0.00229	0.00326	0.01600	0.00522	0.00457
18	0.01961	0.23719	0.02042	0.01202	0.01661	0.01880	0.01040	0.54328	0.02225	0.02924	0.01192	0.01225	0.00891	0.00621	0.00506	0.00155	0.00614	0.00449	0.00473	0.00891
19	0.00804	0.00603	0.00904	0.00904	0.01005	0.00703	0.00703	0.01005	0.00904	0.01306	0.01507	0.02211	0.01407	0.04221	0.77992	0.00904	0.01507	0.00603	0.00301	0.00502
20	0.01505	0.80561	0.02949	0.00963	0.01444	0.02227	0.00963	0.01685	0.01143	0.01324	0.00782	0.00903	0.00722	0.00481	0.00361	0.00120	0.00602	0.00301	0.00241	0.00722
21	0.01554	0.74097	0.02837	0.01003	0.01469	0.08513	0.00973	0.01732	0.01181	0.01328	0.00790	0.00912	0.00722	0.00490	0.00373	0.00122	0.00636	0.00306	0.00245	0.00716
22	0.01739	0.01430	0.01354	0.01114	0.01406	0.12544	0.00854	0.42070	0.01945	0.02495	0.01407	0.01999	0.01249	0.24454	0.01243	0.00278	0.00655	0.00579	0.00457	0.00728
23	0.02525	0.00958	0.01306	0.01001	0.01437	0.00827	0.00827	0.02743	0.01611	0.77102	0.02220	0.01915	0.01393	0.00697	0.00566	0.00174	0.00479	0.00566	0.00697	0.00958
24	0.01323	0.00939	0.01025	0.00874	0.01046	0.01004	0.00619	0.29101	0.01517	0.02029	0.01612	0.02792	0.01630	0.49827	0.01985	0.00402	0.00574	0.00699	0.00426	0.00576
25	0.00881	0.00739	0.01030	0.24156	0.01831	0.00792	0.00916	0.01186	0.04877	0.01565	0.03153	0.13558	0.23597	0.01208	0.00663	0.00211	0.00493	0.18154	0.00442	0.00549
26	0.00777	0.00556	0.00621	0.00615	0.00680	0.00526	0.00388	0.00847	0.01036	0.01351	0.12493	0.04187	0.21210	0.50077	0.02024	0.00408	0.00443	0.00937	0.00423	0.00400
27	0.00816	0.00553	0.00653	0.00653	0.00666	0.00567	0.00390	0.00843	0.00830	0.01120	0.01738	0.03486	0.01960	0.70041	0.12928	0.00594	0.00674	0.00790	0.00336	0.00363
28	0.01641	0.00953	0.01145	0.01008	0.01296	0.00971	0.00781	0.08252	0.23706	0.27426	0.02416	0.23774	0.02107	0.01014	0.00610	0.00194	0.00438	0.00872	0.00600	0.00797
29	0.29532	0.01117	0.01072	0.00892	0.01218	0.01240	0.00725	0.29521	0.01665	0.02796	0.01295	0.01413	0.00976	0.00618	0.00443	0.00160	0.00457	0.00444	0.23698	0.00718
30	0.26367	0.01206	0.01203	0.01034	0.01390	0.01362	0.00828	0.13087	0.36498	0.08784	0.01696	0.01620	0.01248	0.00673	0.00504	0.00181	0.00471	0.00512	0.00514	0.00822
31	0.00791	0.00559	0.00699	0.00683	0.00769	0.00528	0.00471	0.00961	0.01312	0.01824	0.46470	0.10354	0.05745	0.24858	0.01327	0.00292	0.00355	0.01010	0.00526	0.00467
32	0.04396	0.00742	0.00868	0.00895	0.01041	0.00769	0.00665	0.08045	0.12177	0.01843	0.02880	0.45475	0.07688	0.01421	0.00670	0.00216	0.00393	0.08710	0.00526	0.00581
33	0.01116	0.00690	0.00810	0.00744	0.00941	0.00637	0.00553	0.04175	0.04134	0.14825	0.14347	0.11990	0.29562	0.11795	0.00940	0.00236	0.00374	0.01001	0.00546	0.00582
34	0.01030	0.00526	0.00532	0.00532	0.00652	0.00526	0.00389	0.01270	0.01150	0.02015	0.01831	0.02230	0.01493	0.07260	0.00598	0.00166	0.00286	0.00549	0.76457	0.00509
35	0.00843	0.00650	0.00724	0.00696	0.00831	0.00635	0.00491	0.01169	0.11192	0.01694	0.22395	0.04139	0.25759	0.24834	0.01310	0.00293	0.00379	0.00959	0.00500	0.00505
36	0.00696	0.00498	0.00662	0.00777	0.00819	0.00464	0.00523	0.00809	0.01125	0.01513	0.09894	0.72846	0.03869	0.01706	0.00713	0.00224	0.00321	0.01546	0.00531	0.00464
37	0.00790	0.00588	0.00668	0.00661	0.00828	0.00518	0.00490	0.00986	0.02737	0.04822	0.21979	0.15172	0.45007	0.01364	0.00666	0.00192	0.00297	0.01168	0.00554	0.00514
38	0.01167	0.01000	0.01167	0.00834	0.01334	0.00750	0.00667	0.01417	0.01167	0.01834	0.01000	0.01167	0.00834	0.00417	0.00417	0.00083	0.00417	0.00333	0.00333	0.83663
39	0.00914	0.00528	0.00597	0.00597	0.00709	0.00500	0.00430	0.00999	0.01086	0.01611	0.02751	0.02982	0.23757	0.01250	0.00981	0.23556	0.00333	0.00713	0.35276	0.00431
40	0.01475	0.01246	0.01315	0.01160	0.01492	0.01435	0.00909	0.10298	0.68265	0.02475	0.02195	0.02024	0.01640	0.00755	0.00572	0.00189	0.00463	0.00623	0.00572	0.00897
41	0.00759	0.00565	0.00705	0.00719	0.00807	0.00571	0.00506	0.00875	0.00998	0.01315	0.02859	0.12099	0.21501	0.25229	0.27409	0.00538	0.00778	0.00929	0.00395	0.00443
42	0.00859	0.00665	0.00837	0.00804	0.00905	0.00717	0.00593	0.03807	0.01092	0.01472	0.08307	0.06519	0.18487	0.21024	0.24416	0.00493	0.07276	0.00844	0.00399	0.00485
43	0.00998	0.00690	0.00847	0.00816	0.00932	0.00740	0.00593	0.10852	0.01182	0.01679	0.01863	0.15540	0.01897	0.21363	0.26181	0.00504	0.00793	0.00800	0.11210	0.00519
44	0.00709	0.00529	0.00617	0.00674	0.00752	0.00483	0.00450	0.00799	0.01088	0.01387	0.03670	0.37902	0.27623	0.19280	0.01183	0.00287	0.00362	0.01287	0.00482	0.00437
45	0.01205	0.01117	0.01878	0.17065	0.46887	0.01186	0.01478	0.01519	0.01172	0.01650	0.01143	0.01588	0.00975	0.01307	0.17081	0.00328	0.00863	0.00523	0.00278	0.00758
46	0.01598	0.01500	0.02103	0.05666	0.38705	0.08450	0.08108	0.18527	0.01603	0.02154	0.01114	0.01370	0.00885	0.00570	0.00612	0.00171	0.03802	0.00505	0.01714	0.00845
47	0.00947	0.00540	0.00686	0.00699	0.00781	0.00510	0.00485	0.00977	0.01043	0.05876	0.04914	0.22071	0.11690	0.08044	0.01274	0.25175	0.00385	0.00912	0.12562	0.00428
48	0.00854	0.00638	0.00716	0.00721	0.00821	0.00632	0.00486	0.03918	0.07880	0.01491	0.03066	0.22902	0.20018	0.31585	0.01508	0.00335	0.00423	0.01072	0.00459	0.00476
49	0.14333	0.01208	0.01189	0.01147	0.07081	0.12787	0.00809	0.09165	0.01373	0.15837	0.01750	0.02103	0.07076	0.13433	0.08062	0.00295	0.00674	0.00575	0.00429	0.00676
50	0.07227	0.01015	0.01398	0.07542	0.21016	0.00938	0.00982	0.01442	0.01226	0.01889	0.12039	0.01695	0.01486	0.00616	0.00554	0.02867	0.00490	0.00493	0.00353	0.34733
51	0.04055	0.07671	0.01544	0.06819	0.15686	0.02337	0.04022	0.14404	0.03566	0.01981	0.03653	0.02744	0.20182	0.05104	0.00701	0.00197	0.00546	0.03676	0.00415	0.00696
52	0.01212	0.01118	0.01204	0.24533	0.01916	0.12229	0.00916	0.08153	0.04029	0.01548	0.01713	0.02500	0.07525	0.27543	0.01340	0.00301	0.00658	0.00650	0.00350	0.00561
53	0.01883	0.01813	0.01537	0.01506	0.10306	0.37327	0.01056	0.03930	0.01466	0.15720	0.01220	0.01366	0.00946	0.00939	0.07754	0.00224	0.04100	0.00446	0.00374	0.06086
54	0.01739	0.01717	0.01508	0.06586	0.06557	0.30011	0.01062	0.19442	0.04015	0.04499	0.01282	0.04649	0.01071	0.01188	0.11883	0.00272	0.00887	0.00517	0.00386	0.00727

[dist]
# distance from previous block
# <min> <max>
1	9

[block]
# block no. 1 follows, 42 sequences, length 7
# corresponding to MSA columns:
# 104-110
name=unknown_B
#
# <colnr> <probs for GDERKNQSTAVLIFYWHMCP>
#	G	D	E	R	K	N	Q	S	T	A	V	L	I	F	Y	W	H	M	C	P
0	0.01250	0.01247	0.01401	0.04437	0.10354	0.16626	0.06225	0.05976	0.01358	0.01695	0.09240	0.13725	0.07350	0.01462	0.13167	0.00298	0.02406	0.00767	0.00389	0.00627
1	0.01276	0.01333	0.01439	0.09183	0.04310	0.18629	0.01075	0.01463	0.01084	0.01369	0.01061	0.01540	0.00964	0.01907	0.26632	0.00433	0.24927	0.00501	0.00276	0.00597
2	0.00842	0.00656	0.00808	0.00752	0.00952	0.00557	0.00553	0.01035	0.01279	0.01799	0.25266	0.28812	0.10850	0.01193	0.00618	0.00171	0.00327	0.01053	0.00503	0.21975
3	0.01200	0.02087	0.40703	0.01865	0.18952	0.03979	0.01653	0.01755	0.06570	0.01789	0.01319	0.09253	0.01136	0.00664	0.00554	0.00176	0.00703	0.00565	0.00306	0.04770
4	0.09330	0.07167	0.01987	0.06622	0.37550	0.01511	0.01370	0.18987	0.01529	0.02217	0.01059	0.01298	0.00851	0.00577	0.00605	0.00171	0.05519	0.00469	0.00346	0.00836
5	0.01638	0.15370	0.09029	0.05344	0.12982	0.01642	0.01236	0.27887	0.15017	0.02422	0.01327	0.01405	0.01009	0.00613	0.00526	0.00166	0.00619	0.00484	0.00420	0.00866
6	0.01458	0.07024	0.01814	0.11266	0.30479	0.01310	0.01261	0.11184	0.08440	0.07332	0.01735	0.01868	0.08631	0.00659	0.00553	0.00169	0.00586	0.00569	0.00393	0.03268

[dist]
# distance from previous block
# <min> <max>
0	2

[block]
# block no. 2 follows, 42 sequences, length 20
# corresponding to MSA columns:
# 113-132
name=unknown_C
#
# <colnr> <probs for GDERKNQSTAVLIFYWHMCP>
#	G	D	E	R	K	N	Q	S	T	A	V	L	I	F	Y	W	H	M	C	P
0	0.01879	0.07000	0.01816	0.01303	0.01741	0.01595	0.07133	0.45196	0.08871	0.07020	0.01381	0.01416	0.01009	0.00645	0.00589	0.00166	0.03173	0.00507	0.00498	0.07061
1	0.06987	0.00919	0.01115	0.01093	0.08273	0.00896	0.00761	0.03656	0.14335	0.04848	0.29181	0.02611	0.04943	0.00810	0.00560	0.00160	0.00395	0.00691	0.00501	0.17264
2	0.00870	0.00585	0.00757	0.00763	0.00861	0.00629	0.00563	0.01101	0.03534	0.01580	0.07373	0.10178	0.02024	0.12298	0.34842	0.00538	0.00857	0.00742	0.19409	0.00498
3	0.01104	0.00920	0.01455	0.32625	0.18423	0.01002	0.01190	0.01381	0.01208	0.05190	0.10613	0.06601	0.05156	0.09773	0.00848	0.00224	0.00593	0.00695	0.00360	0.00639
4	0.01499	0.01327	0.01571	0.01429	0.06612	0.07166	0.01090	0.23708	0.01544	0.02113	0.06370	0.01594	0.01219	0.01243	0.10686	0.00287	0.28902	0.00538	0.00381	0.00721
5	0.01049	0.00525	0.00525	0.00525	0.00656	0.00525	0.00393	0.01311	0.01180	0.02098	0.01836	0.02098	0.01442	0.00656	0.00393	0.00131	0.00262	0.00525	0.83346	0.00525
6	0.18319	0.01350	0.06931	0.06022	0.15759	0.01302	0.12888	0.04954	0.14780	0.10192	0.01369	0.01490	0.01014	0.00582	0.00535	0.00179	0.00619	0.00513	0.00399	0.00804
7	0.01049	0.00525	0.00525	0.00525	0.00656	0.00525	0.00393	0.01311	0.01180	0.02098	0.01836	0.02098	0.01442	0.00656	0.00393	0.00131	0.00262	0.00525	0.83346	0.00525
8	0.02035	0.01516	0.06907	0.04338	0.01806	0.01516	0.01106	0.49391	0.07746	0.15544	0.01528	0.01496	0.01061	0.00671	0.00562	0.00173	0.00603	0.00520	0.00551	0.00930
9	0.03734	0.00905	0.07979	0.00888	0.01108	0.00731	0.00727	0.06407	0.01247	0.11953	0.02515	0.31557	0.07938	0.14686	0.01015	0.00260	0.00460	0.03199	0.00482	0.02210
10	0.01049	0.00525	0.00525	0.00525	0.00656	0.00525	0.00393	0.01311	0.01180	0.02098	0.01836	0.02098	0.01442	0.00656	0.00393	0.00131	0.00262	0.00525	0.83346	0.00525
11	0.01191	0.01120	0.01580	0.13524	0.31600	0.05335	0.01216	0.01609	0.08543	0.01852	0.16394	0.02428	0.09723	0.00764	0.00589	0.00176	0.00559	0.00680	0.00396	0.00724
12	0.04881	0.06802	0.13369	0.01872	0.19762	0.01299	0.11299	0.05371	0.08556	0.15431	0.02571	0.02798	0.01154	0.00615	0.00557	0.00175	0.00646	0.01600	0.00402	0.00839
13	0.01291	0.01292	0.02374	0.23024	0.39988	0.01335	0.19061	0.01669	0.01252	0.01725	0.01062	0.01451	0.00845	0.00511	0.00584	0.00178	0.00757	0.00540	0.00273	0.00790
14	0.01076	0.01020	0.01787	0.55388	0.03278	0.01180	0.12096	0.03093	0.01184	0.01540	0.01312	0.12050	0.01170	0.00714	0.00598	0.00193	0.00719	0.00672	0.00299	0.00630
15	0.01531	0.03131	0.32277	0.01340	0.05339	0.03660	0.01344	0.02046	0.07942	0.21429	0.01641	0.07053	0.01254	0.00692	0.00546	0.00176	0.00622	0.00566	0.06595	0.00816
16	0.01562	0.01619	0.22511	0.13847	0.25757	0.01184	0.01566	0.01960	0.01317	0.21208	0.01336	0.01488	0.00950	0.00570	0.00554	0.00175	0.00677	0.00494	0.00371	0.00851
17	0.02827	0.01774	0.30490	0.28739	0.02593	0.06847	0.01531	0.01525	0.01173	0.01588	0.01343	0.14494	0.01230	0.00754	0.00570	0.00187	0.00723	0.00638	0.00296	0.00678
18	0.01631	0.05450	0.01678	0.11945	0.07173	0.25428	0.01163	0.13369	0.07032	0.01830	0.01183	0.05643	0.01019	0.00721	0.00733	0.00178	0.12235	0.00519	0.00352	0.00718
19	0.01595	0.07116	0.02097	0.02484	0.42214	0.16145	0.05464	0.03913	0.01385	0.06640	0.01188	0.05061	0.01015	0.00591	0.00548	0.00164	0.00716	0.00526	0.00325	0.00811

[dist]
# distance from previous block
# <min> <max>
15	181

[block]
# block no. 3 follows, 42 sequences, length 15
# corresponding to MSA columns:
# 314-318,320-329
name=unknown_D
#
# <colnr> <probs for GDERKNQSTAVLIFYWHMCP>
#	G	D	E	R	K	N	Q	S	T	A	V	L	I	F	Y	W	H	M	C	P
0	0.00883	0.00669	0.00891	0.01061	0.11988	0.00652	0.00601	0.01004	0.01095	0.01495	0.18007	0.06869	0.07460	0.42902	0.01814	0.00373	0.00477	0.00872	0.00411	0.00477
1	0.04097	0.00750	0.00851	0.00802	0.00960	0.00760	0.00574	0.08439	0.08467	0.06694	0.09038	0.20071	0.11657	0.22849	0.01242	0.00291	0.00430	0.00970	0.00495	0.00563
2	0.01304	0.00670	0.00883	0.00826	0.01012	0.00607	0.00619	0.01473	0.01338	0.25123	0.16801	0.26195	0.06263	0.08965	0.00872	0.00233	0.00393	0.05226	0.00577	0.00620
3	0.00697	0.00501	0.00678	0.00795	0.00835	0.00481	0.00540	0.00805	0.01061	0.01424	0.02946	0.72257	0.03496	0.02004	0.08280	0.00295	0.00442	0.01502	0.00501	0.00462
4	0.04238	0.00727	0.00894	0.00839	0.01043	0.00693	0.00638	0.04297	0.05685	0.17921	0.17682	0.26470	0.11568	0.01222	0.00643	0.00197	0.00371	0.03664	0.00577	0.00633
5	0.00892	0.00652	0.00771	0.00801	0.00912	0.00658	0.00576	0.03537	0.10353	0.01676	0.06736	0.32039	0.09431	0.14801	0.01038	0.00267	0.00396	0.08157	0.05785	0.00523
6	0.05852	0.00601	0.00678	0.00667	0.00758	0.00594	0.00441	0.01133	0.01013	0.08299	0.01988	0.15656	0.02061	0.39642	0.01665	0.00356	0.00441	0.00837	0.16853	0.00468
7	0.00978	0.00489	0.00733	0.00733	0.00733	0.00489	0.00489	0.00733	0.00733	0.00978	0.00978	0.01711	0.00978	0.01955	0.02199	0.83627	0.00489	0.00489	0.00244	0.00244
8	0.21041	0.00740	0.00807	0.00788	0.00957	0.00781	0.00585	0.01306	0.08360	0.04457	0.08802	0.19667	0.07964	0.01387	0.04183	0.15951	0.00442	0.00819	0.00438	0.00524
9	0.22272	0.00716	0.00749	0.00740	0.00940	0.00712	0.00560	0.01218	0.01184	0.08628	0.07256	0.26715	0.21655	0.01220	0.00595	0.00198	0.00360	0.03233	0.00499	0.00552
10	0.00735	0.00519	0.00666	0.00734	0.00781	0.00490	0.00488	0.00849	0.01135	0.01541	0.18319	0.48786	0.03725	0.17182	0.01132	0.00280	0.00357	0.01322	0.00507	0.00450
11	0.06519	0.00620	0.00739	0.00718	0.00840	0.00614	0.00511	0.01061	0.01133	0.05976	0.17479	0.10395	0.13135	0.24112	0.13333	0.00401	0.00571	0.00898	0.00454	0.00488
12	0.00978	0.00675	0.00860	0.00834	0.00991	0.00689	0.00633	0.01257	0.06957	0.08969	0.09742	0.18453	0.19702	0.02072	0.21266	0.00387	0.03516	0.00969	0.00483	0.00568
13	0.00682	0.00506	0.00637	0.00741	0.00805	0.00461	0.00504	0.00788	0.01118	0.01453	0.03617	0.65104	0.18141	0.01696	0.00708	0.00221	0.00318	0.01518	0.00522	0.00461
14	0.00836	0.00556	0.00606	0.00594	0.00747	0.00508	0.00445	0.01055	0.01336	0.01931	0.24571	0.03919	0.30121	0.01080	0.00571	0.00166	0.00272	0.00909	0.29270	0.00508

[dist]
# distance from previous block
# <min> <max>
0	29

[block]
# block no. 4 follows, 42 sequences, length 132
# corresponding to MSA columns:
# 359-441,443-491
name=unknown_E
#
# <colnr> <probs for GDERKNQSTAVLIFYWHMCP>
#	G	D	E	R	K	N	Q	S	T	A	V	L	I	F	Y	W	H	M	C	P
0	0.01368	0.02965	0.07437	0.11004	0.18826	0.10219	0.09929	0.06401	0.08582	0.01895	0.09676	0.01758	0.01431	0.00764	0.03219	0.00200	0.02647	0.00569	0.00358	0.00752
1	0.27339	0.01796	0.05702	0.01673	0.11182	0.25172	0.15876	0.01884	0.01283	0.01898	0.00928	0.01141	0.00735	0.00529	0.00497	0.00168	0.00769	0.00425	0.00303	0.00700
2	0.00762	0.00579	0.00719	0.00801	0.00928	0.00536	0.00633	0.00937	0.01235	0.01561	0.04001	0.25001	0.30009	0.01561	0.00721	0.00226	0.00384	0.28399	0.00521	0.00487
3	0.01299	0.10832	0.01627	0.01215	0.01512	0.15694	0.11331	0.05334	0.01333	0.01644	0.01770	0.24095	0.01856	0.00967	0.00590	0.00177	0.00623	0.07470	0.00390	0.10242
4	0.01614	0.17290	0.10522	0.01200	0.01653	0.21381	0.01072	0.10562	0.10430	0.01874	0.01122	0.01212	0.00891	0.00558	0.00479	0.00141	0.00684	0.00401	0.00349	0.16566
5	0.01399	0.11842	0.01450	0.01081	0.01387	0.05642	0.00884	0.10943	0.33535	0.02213	0.12538	0.02580	0.02125	0.00852	0.00576	0.00182	0.00502	0.08990	0.00511	0.00768
6	0.01438	0.16472	0.02547	0.02625	0.43521	0.01553	0.14344	0.05582	0.01325	0.01812	0.01027	0.01315	0.00852	0.00515	0.00572	0.00164	0.02726	0.00492	0.00287	0.00832
7	0.01754	0.01889	0.01447	0.01195	0.01587	0.37927	0.00926	0.12278	0.01583	0.01859	0.00988	0.01120	0.00799	0.00532	0.00481	0.00125	0.00733	0.00372	0.00345	0.32060
8	0.00741	0.00584	0.00683	0.00737	0.00891	0.00526	0.00585	0.00914	0.01263	0.01561	0.04569	0.14325	0.45694	0.01504	0.00706	0.00216	0.00361	0.23134	0.00521	0.00486
9	0.01368	0.01405	0.02676	0.03045	0.48838	0.01370	0.29287	0.01756	0.01299	0.01825	0.01089	0.01440	0.00877	0.00491	0.00598	0.00176	0.00774	0.00563	0.00281	0.00841
10	0.01407	0.01177	0.01439	0.13138	0.09406	0.01341	0.01073	0.02615	0.53000	0.06109	0.01967	0.01928	0.01471	0.00703	0.00569	0.00187	0.00516	0.00598	0.00501	0.00854
11	0.00818	0.00546	0.00614	0.00614	0.00614	0.00546	0.00341	0.00818	0.00818	0.01091	0.01773	0.03683	0.02046	0.80222	0.02864	0.00546	0.00546	0.00818	0.00341	0.00341
12	0.01505	0.80561	0.02949	0.00963	0.01444	0.02227	0.00963	0.01685	0.01143	0.01324	0.00782	0.00903	0.00722	0.00481	0.00361	0.00120	0.00602	0.00301	0.00241	0.00722
13	0.01167	0.01000	0.01167	0.00834	0.01334	0.00750	0.00667	0.01417	0.01167	0.01834	0.01000	0.01167	0.00834	0.00417	0.00417	0.00083	0.00417	0.00333	0.00333	0.83663
14	0.00818	0.00546	0.00614	0.00614	0.00614	0.00546	0.00341	0.00818	0.00818	0.01091	0.01773	0.03683	0.02046	0.80222	0.02864	0.00546	0.00546	0.00818	0.00341	0.00341
15	0.01290	0.04901	0.63437	0.01569	0.02336	0.01293	0.05999	0.01876	0.01237	0.09250	0.01131	0.01271	0.00789	0.00546	0.00540	0.00177	0.00797	0.00441	0.00286	0.00837
16	0.00687	0.00552	0.00591	0.00616	0.00753	0.00480	0.00435	0.00804	0.01188	0.01453	0.04733	0.19389	0.53653	0.10983	0.00940	0.00240	0.00324	0.01222	0.00501	0.00456
17	0.00686	0.00490	0.00653	0.00784	0.00816	0.00457	0.00522	0.00784	0.01077	0.01437	0.03102	0.79855	0.03722	0.01763	0.00718	0.00229	0.00326	0.01600	0.00522	0.00457
18	0.27053	0.17394	0.32925	0.01273	0.01865	0.01482	0.07364	0.01725	0.01119	0.01925	0.00906	0.01074	0.00694	0.00516	0.00453	0.00167	0.00673	0.00379	0.00277	0.00735
19	0.00743	0.00556	0.00690	0.00693	0.00817	0.00503	0.00506	0.00945	0.01413	0.01915	0.44728	0.20625	0.21115	0.01344	0.00676	0.00191	0.00283	0.01181	0.00577	0.00503
20	0.01889	0.01752	0.07843	0.01320	0.01749	0.16173	0.03584	0.32653	0.01900	0.09395	0.01224	0.01302	0.00901	0.00632	0.00622	0.00162	0.05901	0.00462	0.00440	0.10094
21	0.01145	0.00879	0.01035	0.00873	0.01157	0.00839	0.00683	0.06789	0.09630	0.05899	0.20027	0.07639	0.13228	0.00925	0.00642	0.00162	0.04535	0.00768	0.00498	0.22649
22	0.48009	0.10789	0.06780	0.00965	0.01372	0.05497	0.00863	0.14193	0.01317	0.02413	0.00919	0.01044	0.00715	0.00638	0.02313	0.00184	0.00572	0.00357	0.00360	0.00698
23	0.06828	0.00977	0.01288	0.00993	0.01424	0.00868	0.00820	0.04124	0.01597	0.71697	0.02127	0.01851	0.01343	0.00687	0.00554	0.00174	0.00479	0.00551	0.00675	0.00939
24	0.01624	0.01383	0.01395	0.01200	0.01549	0.05786	0.00946	0.20888	0.53293	0.02597	0.01976	0.01852	0.01472	0.00731	0.00567	0.00183	0.00521	0.00589	0.00554	0.00894
25	0.01212	0.01197	0.01697	0.01908	0.24866	0.09888	0.11562	0.01508	0.01415	0.01868	0.22970	0.02840	0.06335	0.00838	0.00623	0.00180	0.00599	0.07394	0.00413	0.00686
26	0.24962	0.01243	0.01666	0.23565	0.30906	0.05336	0.01329	0.01653	0.01162	0.01898	0.00954	0.01266	0.00763	0.00529	0.00496	0.00174	0.00643	0.00438	0.00291	0.00724
27	0.01219	0.19402	0.57539	0.01508	0.02251	0.01509	0.05673	0.01763	0.01186	0.01686	0.00968	0.01145	0.00722	0.00520	0.00504	0.00166	0.00789	0.00404	0.00241	0.00805
28	0.00665	0.00570	0.00570	0.00570	0.00760	0.00475	0.00428	0.00808	0.01283	0.01520	0.05701	0.05416	0.76483	0.01425	0.00665	0.00190	0.00285	0.01188	0.00523	0.00475
29	0.01373	0.01393	0.02607	0.03118	0.53769	0.01364	0.24412	0.01751	0.01296	0.01827	0.01083	0.01432	0.00880	0.00493	0.00590	0.00174	0.00756	0.00552	0.00280	0.00850
30	0.01379	0.01324	0.02260	0.06503	0.73767	0.01334	0.01720	0.01715	0.01275	0.01822	0.01056	0.01397	0.00886	0.00504	0.00557	0.00168	0.00672	0.00501	0.00277	0.00881
31	0.02525	0.00958	0.01306	0.01001	0.01437	0.00827	0.00827	0.02743	0.01611	0.77102	0.02220	0.01915	0.01393	0.00697	0.00566	0.00174	0.00479	0.00566	0.00697	0.00958
32	0.00804	0.00603	0.00904	0.00904	0.01005	0.00703	0.00703	0.01005	0.00904	0.01306	0.01507	0.02211	0.01407	0.04221	0.77992	0.00904	0.01507	0.00603	0.00301	0.00502
33	0.01063	0.01000	0.01688	0.78870	0.03876	0.01250	0.01563	0.01438	0.01125	0.01438	0.01000	0.01500	0.00750	0.00563	0.00563	0.00188	0.00750	0.00500	0.00250	0.00625
34	0.00877	0.00750	0.01041	0.04165	0.01154	0.00899	0.00794	0.00995	0.01010	0.01410	0.02253	0.51264	0.02637	0.01463	0.01077	0.00233	0.25846	0.01197	0.00422	0.00515
35	0.01074	0.00915	0.01452	0.02029	0.33631	0.00908	0.01187	0.01335	0.01248	0.01703	0.02176	0.18219	0.02320	0.01141	0.00671	0.00214	0.00546	0.28149	0.00416	0.00667
36	0.02139	0.01576	0.01689	0.01295	0.01745	0.01745	0.01070	0.74835	0.02646	0.03547	0.01351	0.01351	0.00957	0.00676	0.00563	0.00169	0.00619	0.00507	0.00563	0.00957
37	0.00697	0.00498	0.00666	0.00797	0.00835	0.00467	0.00543	0.00804	0.01089	0.01450	0.03095	0.75975	0.03697	0.01752	0.00721	0.00230	0.00337	0.05365	0.00522	0.00460
38	0.01342	0.01285	0.02192	0.15087	0.65477	0.01324	0.01702	0.01682	0.01257	0.01777	0.01050	0.01409	0.00870	0.00511	0.00558	0.00170	0.00681	0.00501	0.00274	0.00850
39	0.00806	0.00593	0.00854	0.00854	0.00937	0.00676	0.00640	0.00972	0.00889	0.01269	0.01554	0.02468	0.01519	0.17514	0.64852	0.00842	0.01339	0.00641	0.00308	0.00474
40	0.01231	0.01231	0.01724	0.01477	0.01477	0.01724	0.01231	0.01354	0.00862	0.01354	0.00739	0.01231	0.00739	0.00985	0.01847	0.00246	0.79192	0.00492	0.00246	0.00616
41	0.01167	0.01000	0.01167	0.00834	0.01334	0.00750	0.00667	0.01417	0.01167	0.01834	0.01000	0.01167	0.00834	0.00417	0.00417	0.00083	0.00417	0.00333	0.00333	0.83663
42	0.01505	0.80561	0.02949	0.00963	0.01444	0.02227	0.00963	0.01685	0.01143	0.01324	0.00782	0.00903	0.00722	0.00481	0.00361	0.00120	0.00602	0.00301	0.00241	0.00722
43	0.01262	0.01203	0.02047	0.33436	0.47756	0.01303	0.01662	0.01612	0.01219	0.01679	0.01035	0.01436	0.00835	0.00526	0.00559	0.00175	0.00701	0.00501	0.00267	0.00786
44	0.02102	0.02682	0.01595	0.01450	0.01740	0.77963	0.01087	0.02247	0.01595	0.01377	0.00870	0.01015	0.00725	0.00580	0.00507	0.00145	0.01015	0.00362	0.00290	0.00652
45	0.01130	0.00903	0.01079	0.00811	0.01226	0.00704	0.00642	0.01382	0.01278	0.04470	0.17981	0.01874	0.01858	0.00591	0.00477	0.00107	0.00385	0.00495	0.00410	0.62198
46	0.02102	0.02682	0.01595	0.01450	0.01740	0.77963	0.01087	0.02247	0.01595	0.01377	0.00870	0.01015	0.00725	0.00580	0.00507	0.00145	0.01015	0.00362	0.00290	0.00652
47	0.01505	0.80561	0.02949	0.00963	0.01444	0.02227	0.00963	0.01685	0.01143	0.01324	0.00782	0.00903	0.00722	0.00481	0.00361	0.00120	0.00602	0.00301	0.00241	0.00722
48	0.01255	0.01079	0.01207	0.00951	0.01383	0.00996	0.00751	0.02012	0.29327	0.02030	0.01488	0.01519	0.01168	0.00548	0.00476	0.00124	0.00428	0.00448	0.00424	0.52388
49	0.01600	0.06066	0.25165	0.01335	0.01871	0.01545	0.01332	0.29692	0.20987	0.02572	0.01458	0.01470	0.01065	0.00644	0.00546	0.00175	0.00639	0.00501	0.00447	0.00889
50	0.02001	0.01050	0.01561	0.01237	0.01635	0.00984	0.11394	0.10661	0.01630	0.43480	0.02110	0.02638	0.01617	0.00826	0.00620	0.00192	0.00570	0.14359	0.00588	0.00846
51	0.14091	0.01094	0.01311	0.01020	0.01446	0.01064	0.00842	0.16322	0.01715	0.52460	0.01850	0.01665	0.01198	0.00668	0.00534	0.00173	0.00499	0.00517	0.00621	0.00908
52	0.02525	0.00958	0.01306	0.01001	0.01437	0.00827	0.00827	0.02743	0.01611	0.77102	0.02220	0.01915	0.01393	0.00697	0.00566	0.00174	0.00479	0.00566	0.00697	0.00958
53	0.01304	0.01295	0.01914	0.13344	0.34804	0.05638	0.01459	0.01556	0.01133	0.01583	0.01019	0.04507	0.00927	0.00722	0.00979	0.00197	0.26077	0.00535	0.00275	0.00734
54	0.00818	0.00546	0.00614	0.00614	0.00614	0.00546	0.00341	0.00818	0.00818	0.01091	0.01773	0.03683	0.02046	0.80222	0.02864	0.00546	0.00546	0.00818	0.00341	0.00341
55	0.00719	0.00606	0.00627	0.00615	0.00807	0.00532	0.00463	0.00954	0.05491	0.01636	0.12151	0.05116	0.65599	0.01362	0.00660	0.00189	0.00292	0.01141	0.00535	0.00504
56	0.00724	0.00517	0.00697	0.00827	0.00876	0.00490	0.00589	0.00849	0.01115	0.01479	0.03081	0.67205	0.03639	0.01727	0.00728	0.00234	0.00359	0.13874	0.00522	0.00468
57	0.00722	0.00597	0.00636	0.00622	0.00805	0.00524	0.00468	0.00948	0.04355	0.01706	0.20185	0.05031	0.58744	0.01342	0.00661	0.00187	0.00287	0.01130	0.00545	0.00503
58	0.01677	0.01165	0.01294	0.01118	0.01467	0.01283	0.00883	0.05360	0.56589	0.19184	0.02243	0.02033	0.01619	0.00745	0.00571	0.00186	0.00459	0.00616	0.00600	0.00908
59	0.01393	0.01337	0.02284	0.03454	0.76712	0.01337	0.01727	0.01727	0.01281	0.01839	0.01059	0.01393	0.00891	0.00501	0.00557	0.00167	0.00669	0.00501	0.00279	0.00891
60	0.02525	0.00958	0.01306	0.01001	0.01437	0.00827	0.00827	0.02743	0.01611	0.77102	0.02220	0.01915	0.01393	0.00697	0.00566	0.00174	0.00479	0.00566	0.00697	0.00958
61	0.00804	0.00603	0.00904	0.00904	0.01005	0.00703	0.00703	0.01005	0.00904	0.01306	0.01507	0.02211	0.01407	0.04221	0.77992	0.00904	0.01507	0.00603	0.00301	0.00502
62	0.01299	0.01411	0.02909	0.14028	0.14952	0.01383	0.51959	0.01736	0.01290	0.01754	0.01105	0.01495	0.00844	0.00492	0.00632	0.00186	0.00874	0.00613	0.00278	0.00760
63	0.02067	0.01075	0.01304	0.01067	0.01456	0.01081	0.00859	0.04941	0.31043	0.45293	0.02223	0.01972	0.01509	0.00723	0.00569	0.00181	0.00470	0.00592	0.00643	0.00931
64	0.00686	0.00490	0.00653	0.00784	0.00816	0.00457	0.00522	0.00784	0.01077	0.01437	0.03102	0.79855	0.03722	0.01763	0.00718	0.00229	0.00326	0.01600	0.00522	0.00457
65	0.01400	0.01209	0.01273	0.01145	0.01463	0.01400	0.00891	0.02990	0.75695	0.02354	0.02291	0.02100	0.01718	0.00764	0.00573	0.00191	0.00445	0.00636	0.00573	0.00891
66	0.01690	0.56340	0.02528	0.01114	0.01536	0.25781	0.01002	0.01860	0.01284	0.01341	0.00810	0.00938	0.00723	0.00512	0.00407	0.00128	0.00730	0.00320	0.00256	0.00700
67	0.01190	0.14430	0.57242	0.01418	0.02158	0.01382	0.01747	0.01725	0.01179	0.01719	0.00974	0.01143	0.00728	0.00513	0.00495	0.00158	0.00749	0.00389	0.00249	0.10412
68	0.00920	0.00772	0.01000	0.01156	0.13096	0.00745	0.00732	0.01313	0.10262	0.01955	0.31793	0.03907	0.27996	0.01092	0.00636	0.00181	0.00358	0.00946	0.00527	0.00613
69	0.02080	0.01292	0.01460	0.01137	0.01529	0.01363	0.00919	0.47290	0.02158	0.22256	0.01627	0.01778	0.01201	0.10265	0.00841	0.00216	0.00574	0.00560	0.00571	0.00883
70	0.01273	0.01215	0.02067	0.30889	0.50215	0.01306	0.01667	0.01622	0.01225	0.01693	0.01037	0.01432	0.00840	0.00524	0.00559	0.00175	0.00698	0.00501	0.00268	0.00795
71	0.01354	0.01735	0.26350	0.01954	0.16944	0.01211	0.14409	0.01781	0.01277	0.10488	0.01433	0.02067	0.01193	0.00697	0.00667	0.00192	0.04873	0.10240	0.00345	0.00792
72	0.02102	0.02682	0.01595	0.01450	0.01740	0.77963	0.01087	0.02247	0.01595	0.01377	0.00870	0.01015	0.00725	0.00580	0.00507	0.00145	0.01015	0.00362	0.00290	0.00652
73	0.00804	0.00603	0.00904	0.00904	0.01005	0.00703	0.00703	0.01005	0.00904	0.01306	0.01507	0.02211	0.01407	0.04221	0.77992	0.00904	0.01507	0.00603	0.00301	0.00502
74	0.01405	0.02465	0.58922	0.01530	0.02272	0.01222	0.05672	0.01966	0.01276	0.16133	0.01247	0.01344	0.00850	0.00562	0.00547	0.00178	0.00771	0.00458	0.00328	0.00852
75	0.01313	0.01249	0.02121	0.12391	0.63674	0.01277	0.01640	0.01639	0.01251	0.01768	0.01166	0.05813	0.01033	0.00580	0.00567	0.00173	0.00659	0.00563	0.00289	0.00835
76	0.00804	0.00603	0.00904	0.00904	0.01005	0.00703	0.00703	0.01005	0.00904	0.01306	0.01507	0.02211	0.01407	0.04221	0.77992	0.00904	0.01507	0.00603	0.00301	0.00502
77	0.84197	0.01088	0.00827	0.00740	0.01088	0.01262	0.00609	0.01654	0.00958	0.02525	0.00784	0.00914	0.00609	0.00522	0.00348	0.00174	0.00435	0.00305	0.00348	0.00609
78	0.02102	0.02682	0.01595	0.01450	0.01740	0.77963	0.01087	0.02247	0.01595	0.01377	0.00870	0.01015	0.00725	0.00580	0.00507	0.00145	0.01015	0.00362	0.00290	0.00652
79	0.01167	0.01000	0.01167	0.00834	0.01334	0.00750	0.00667	0.01417	0.01167	0.01834	0.01000	0.01167	0.00834	0.00417	0.00417	0.00083	0.00417	0.00333	0.00333	0.83663
80	0.01505	0.80561	0.02949	0.00963	0.01444	0.02227	0.00963	0.01685	0.01143	0.01324	0.00782	0.00903	0.00722	0.00481	0.00361	0.00120	0.00602	0.00301	0.00241	0.00722
81	0.84197	0.01088	0.00827	0.00740	0.01088	0.01262	0.00609	0.01654	0.00958	0.02525	0.00784	0.00914	0.00609	0.00522	0.00348	0.00174	0.00435	0.00305	0.00348	0.00609
82	0.01205	0.00999	0.01171	0.00838	0.01337	0.00752	0.00671	0.01455	0.01180	0.03966	0.01035	0.01188	0.00849	0.00425	0.00421	0.00086	0.00419	0.00340	0.00344	0.81319
83	0.84197	0.01088	0.00827	0.00740	0.01088	0.01262	0.00609	0.01654	0.00958	0.02525	0.00784	0.00914	0.00609	0.00522	0.00348	0.00174	0.00435	0.00305	0.00348	0.00609
84	0.12902	0.00942	0.00957	0.01017	0.01200	0.09684	0.00860	0.01342	0.01281	0.01760	0.02566	0.04906	0.06439	0.01288	0.00679	0.00230	0.00552	0.50381	0.00468	0.00544
85	0.00907	0.00648	0.00907	0.01036	0.01166	0.00648	0.00907	0.01166	0.01296	0.01684	0.02980	0.06348	0.03239	0.01555	0.00777	0.00259	0.00518	0.72924	0.00518	0.00518
86	0.01393	0.01337	0.02284	0.03454	0.76712	0.01337	0.01727	0.01727	0.01281	0.01839	0.01059	0.01393	0.00891	0.00501	0.00557	0.00167	0.00669	0.00501	0.00279	0.00891
87	0.00741	0.00573	0.00675	0.00650	0.00807	0.00507	0.00487	0.00954	0.01461	0.01945	0.46437	0.04718	0.35483	0.01267	0.00664	0.00183	0.00274	0.01090	0.00578	0.00507
88	0.84197	0.01088	0.00827	0.00740	0.01088	0.01262	0.00609	0.01654	0.00958	0.02525	0.00784	0.00914	0.00609	0.00522	0.00348	0.00174	0.00435	0.00305	0.00348	0.00609
89	0.00712	0.00580	0.00635	0.00644	0.00819	0.00503	0.00498	0.00885	0.01328	0.01644	0.15463	0.05351	0.57854	0.01401	0.00678	0.00196	0.00309	0.09475	0.00536	0.00488
90	0.84197	0.01088	0.00827	0.00740	0.01088	0.01262	0.00609	0.01654	0.00958	0.02525	0.00784	0.00914	0.00609	0.00522	0.00348	0.00174	0.00435	0.00305	0.00348	0.00609
91	0.00686	0.00490	0.00653	0.00784	0.00816	0.00457	0.00522	0.00784	0.01077	0.01437	0.03102	0.79855	0.03722	0.01763	0.00718	0.00229	0.00326	0.01600	0.00522	0.00457
92	0.01167	0.01000	0.01167	0.00834	0.01334	0.00750	0.00667	0.01417	0.01167	0.01834	0.01000	0.01167	0.00834	0.00417	0.00417	0.00083	0.00417	0.00333	0.00333	0.83663
93	0.01205	0.01145	0.01945	0.46394	0.35241	0.01288	0.01634	0.01562	0.01193	0.01610	0.01025	0.01454	0.00811	0.00536	0.00560	0.00179	0.00715	0.00501	0.00262	0.00740
94	0.00768	0.00524	0.00629	0.00678	0.00690	0.00512	0.00410	0.00805	0.00916	0.01222	0.02275	0.32464	0.02679	0.50577	0.02053	0.00426	0.00463	0.01114	0.00410	0.00385
95	0.00686	0.00490	0.00653	0.00784	0.00816	0.00457	0.00522	0.00784	0.01077	0.01437	0.03102	0.79855	0.03722	0.01763	0.00718	0.00229	0.00326	0.01600	0.00522	0.00457
96	0.00738	0.00573	0.00670	0.00646	0.00805	0.00506	0.00485	0.00948	0.01454	0.01926	0.44666	0.04748	0.37265	0.01274	0.00664	0.00183	0.00274	0.01094	0.00576	0.00506
97	0.01396	0.58209	0.24353	0.01147	0.01730	0.01962	0.01284	0.01713	0.01156	0.01456	0.00848	0.00985	0.00720	0.00497	0.00411	0.00137	0.00668	0.00334	0.00240	0.00754
98	0.01089	0.02630	0.68083	0.01496	0.02244	0.01213	0.01893	0.01695	0.01237	0.01839	0.10095	0.01551	0.01267	0.00609	0.00550	0.00178	0.00763	0.00488	0.00284	0.00795
99	0.10476	0.10594	0.01959	0.04840	0.36143	0.16005	0.01311	0.01911	0.04759	0.05354	0.01072	0.01275	0.00867	0.00540	0.00504	0.00160	0.00685	0.00440	0.00316	0.00790
100	0.01461	0.01656	0.01254	0.01181	0.01377	0.39820	0.00898	0.01634	0.01254	0.01342	0.01185	0.01605	0.01062	0.02377	0.38762	0.00520	0.01258	0.00481	0.00296	0.00578
101	0.01328	0.01518	0.03321	0.02372	0.02941	0.01423	0.74668	0.01803	0.01328	0.01803	0.01139	0.01518	0.00854	0.00474	0.00664	0.00190	0.00949	0.00664	0.00285	0.00759
102	0.00691	0.00530	0.00634	0.00696	0.00798	0.00473	0.00488	0.00826	0.01215	0.01566	0.12895	0.43230	0.30803	0.01564	0.00692	0.00208	0.00304	0.01377	0.00534	0.00473
103	0.00823	0.00535	0.00697	0.00761	0.00826	0.00500	0.00515	0.00936	0.01140	0.05747	0.12713	0.54458	0.03566	0.12802	0.01008	0.00264	0.00358	0.01352	0.00519	0.00479
104	0.00699	0.00571	0.00617	0.00606	0.00781	0.00490	0.00454	0.00873	0.01363	0.01711	0.23972	0.05103	0.58094	0.01354	0.00665	0.00187	0.00280	0.01144	0.00548	0.00490
105	0.00686	0.00490	0.00653	0.00784	0.00816	0.00457	0.00522	0.00784	0.01077	0.01437	0.03102	0.79855	0.03722	0.01763	0.00718	0.00229	0.00326	0.01600	0.00522	0.00457
106	0.02059	0.01496	0.01609	0.01252	0.01682	0.01652	0.01028	0.64171	0.09016	0.05888	0.01476	0.01455	0.01051	0.00684	0.00560	0.00170	0.00590	0.00521	0.02701	0.00940
107	0.00738	0.00537	0.00597	0.00637	0.00744	0.00485	0.00440	0.00860	0.01142	0.01500	0.03894	0.27684	0.34798	0.12670	0.00963	0.00246	0.00332	0.01185	0.10093	0.00456
108	0.00811	0.00542	0.00616	0.00623	0.00625	0.00541	0.00351	0.00816	0.00833	0.01111	0.01848	0.07961	0.02140	0.75816	0.02744	0.00528	0.00533	0.00862	0.00351	0.00348
109	0.00818	0.00546	0.00614	0.00614	0.00614	0.00546	0.00341	0.00818	0.00818	0.01091	0.01773	0.03683	0.02046	0.80222	0.02864	0.00546	0.00546	0.00818	0.00341	0.00341
110	0.00683	0.00500	0.00642	0.00756	0.00809	0.00459	0.00510	0.00787	0.01104	0.01448	0.03443	0.70079	0.13278	0.01719	0.00711	0.00223	0.00321	0.01546	0.00522	0.00459
111	0.00733	0.00558	0.00614	0.00616	0.00729	0.00504	0.00421	0.00844	0.01166	0.01481	0.14009	0.09410	0.38700	0.26194	0.01360	0.00303	0.00367	0.01074	0.00479	0.00439
112	0.00735	0.00515	0.00634	0.00707	0.00737	0.00492	0.00449	0.00798	0.00991	0.01311	0.02746	0.46893	0.07175	0.31389	0.01526	0.00346	0.00407	0.01281	0.00454	0.00414
113	0.00686	0.00490	0.00653	0.00784	0.00816	0.00457	0.00522	0.00784	0.01077	0.01437	0.03102	0.79855	0.03722	0.01763	0.00718	0.00229	0.00326	0.01600	0.00522	0.00457
114	0.00771	0.00574	0.00718	0.00682	0.00825	0.00520	0.00511	0.01014	0.01534	0.02116	0.62943	0.04435	0.18870	0.01203	0.00664	0.00179	0.00269	0.01050	0.00601	0.00520
115	0.00786	0.00550	0.00683	0.00685	0.00751	0.00524	0.00458	0.00923	0.01213	0.01678	0.35848	0.16765	0.03809	0.31130	0.01504	0.00325	0.00382	0.01041	0.00498	0.00447
116	0.00816	0.00577	0.00681	0.00713	0.00862	0.00510	0.00532	0.00965	0.01250	0.06311	0.06581	0.28410	0.39836	0.01488	0.00686	0.00207	0.00332	0.08201	0.00536	0.00506
117	0.01167	0.01000	0.01167	0.00834	0.01334	0.00750	0.00667	0.01417	0.01167	0.01834	0.01000	0.01167	0.00834	0.00417	0.00417	0.00083	0.00417	0.00333	0.00333	0.83663
118	0.11856	0.01039	0.01235	0.01048	0.01397	0.01049	0.00879	0.19184	0.01694	0.31306	0.02039	0.02807	0.01673	0.00892	0.00594	0.00195	0.00517	0.19216	0.00577	0.00802
119	0.00814	0.00641	0.00715	0.00725	0.00889	0.00605	0.00532	0.01149	0.11241	0.03026	0.10266	0.25433	0.39102	0.01394	0.00666	0.00199	0.00320	0.01203	0.00540	0.00539
120	0.00818	0.00546	0.00614	0.00614	0.00614	0.00546	0.00341	0.00818	0.00818	0.01091	0.01773	0.03683	0.02046	0.80222	0.02864	0.00546	0.00546	0.00818	0.00341	0.00341
121	0.00693	0.00542	0.00602	0.00642	0.00756	0.00480	0.00444	0.00802	0.01153	0.01433	0.04340	0.27978	0.43490	0.12851	0.00997	0.00253	0.00335	0.01261	0.00496	0.00450
122	0.00852	0.00550	0.00653	0.00656	0.00778	0.00533	0.00487	0.00964	0.01086	0.01532	0.03026	0.03314	0.28365	0.01814	0.14288	0.16196	0.00534	0.02090	0.21831	0.00449
123	0.00806	0.00596	0.00871	0.00871	0.00960	0.00685	0.00662	0.00984	0.00895	0.01282	0.01538	0.02379	0.01480	0.12915	0.69398	0.00863	0.01397	0.00628	0.00306	0.00484
124	0.00879	0.00658	0.00948	0.00926	0.01047	0.00762	0.00724	0.05152	0.01002	0.01432	0.01499	0.02163	0.01382	0.04022	0.73643	0.00863	0.01458	0.00598	0.00316	0.00528
125	0.01264	0.01376	0.02846	0.21927	0.07323	0.01374	0.51941	0.01705	0.01274	0.01712	0.01099	0.01506	0.00830	0.00498	0.00632	0.00188	0.00882	0.00613	0.00275	0.00732
126	0.01265	0.01193	0.01775	0.29900	0.29346	0.03737	0.01429	0.01843	0.15593	0.01750	0.01295	0.01602	0.01024	0.00785	0.04910	0.00220	0.00713	0.00528	0.00327	0.00766
127	0.01318	0.01487	0.03147	0.02274	0.02782	0.01456	0.66667	0.01754	0.01277	0.01754	0.01095	0.01487	0.00841	0.00530	0.00793	0.00196	0.09473	0.00645	0.00280	0.00743
128	0.01375	0.01294	0.02191	0.03300	0.72697	0.01294	0.01657	0.01705	0.01276	0.01852	0.01100	0.01430	0.00920	0.00510	0.00548	0.00165	0.00647	0.00503	0.04663	0.00872
129	0.01322	0.01378	0.02291	0.11940	0.25625	0.08445	0.26594	0.01668	0.01286	0.01709	0.01268	0.08170	0.01110	0.00622	0.00597	0.00179	0.00762	0.00639	0.03657	0.00738
130	0.00797	0.00594	0.00865	0.00869	0.00963	0.00677	0.00663	0.00978	0.00916	0.01302	0.01709	0.04874	0.03896	0.09461	0.67761	0.00835	0.01363	0.00668	0.00318	0.00489
131	0.33034	0.01085	0.01115	0.00947	0.01313	0.01170	0.00765	0.02408	0.24404	0.25677	0.01699	0.01594	0.01198	0.00652	0.00486	0.00179	0.00452	0.00489	0.00526	0.00805

[dist]
# distance from previous block
# <min> <max>
0	42

[block]
# block no. 5 follows, 42 sequences, length 64
# corresponding to MSA columns:
# 534-575,590-611
name=unknown_F
#
# <colnr> <probs for GDERKNQSTAVLIFYWHMCP>
#	G	D	E	R	K	N	Q	S	T	A	V	L	I	F	Y	W	H	M	C	P
0	0.01686	0.01086	0.01288	0.00962	0.01429	0.00951	0.00781	0.13030	0.04747	0.22092	0.01434	0.01434	0.01039	0.00546	0.00485	0.00125	0.00465	0.00435	0.00475	0.45511
1	0.01836	0.02087	0.01439	0.01302	0.01583	0.49936	0.00990	0.11463	0.07460	0.01754	0.01481	0.08496	0.03820	0.00774	0.00553	0.00165	0.00816	0.02980	0.00384	0.00682
2	0.84197	0.01088	0.00827	0.00740	0.01088	0.01262	0.00609	0.01654	0.00958	0.02525	0.00784	0.00914	0.00609	0.00522	0.00348	0.00174	0.00435	0.00305	0.00348	0.00609
3	0.00778	0.00575	0.00726	0.00688	0.00829	0.00523	0.00516	0.01026	0.01549	0.02152	0.66322	0.04377	0.15469	0.01190	0.00664	0.00179	0.00268	0.01042	0.00606	0.00523
4	0.01078	0.00972	0.01617	0.25469	0.25470	0.01038	0.04190	0.01372	0.01197	0.01613	0.01732	0.17737	0.01754	0.00924	0.00627	0.00200	0.00614	0.11376	0.00354	0.00664
5	0.00730	0.00557	0.00670	0.00675	0.00808	0.00497	0.00494	0.00920	0.01385	0.01843	0.37721	0.19414	0.29516	0.01365	0.00675	0.00192	0.00284	0.01190	0.00567	0.00497
