[name]
unknown

[dist]
# distance from previous block
# <min> <max>
0	157

[block]
# block no. 0 follows, 47 sequences, length 24
# corresponding to MSA columns:
# 192-215
name=unknown_A
#
# <colnr> <probs for GDERKNQSTAVLIFYWHMCP>
#	G	D	E	R	K	N	Q	S	T	A	V	L	I	F	Y	W	H	M	C	P
0	0.04769	0.05062	0.04209	0.01545	0.18751	0.04129	0.04429	0.14278	0.07644	0.01943	0.01370	0.02007	0.01219	0.03921	0.00602	0.00172	0.00556	0.11292	0.00366	0.11736
1	0.01334	0.04621	0.25759	0.01885	0.21815	0.04944	0.10324	0.08926	0.06959	0.04769	0.02955	0.01337	0.00935	0.00528	0.00516	0.00160	0.00673	0.00468	0.00314	0.00778
2	0.01495	0.10207	0.20832	0.01088	0.01543	0.08431	0.01073	0.14309	0.01459	0.15270	0.07474	0.01686	0.06525	0.00636	0.00496	0.00150	0.00574	0.00495	0.00400	0.05857
3	0.05544	0.12226	0.26161	0.01345	0.05034	0.06718	0.02796	0.21716	0.04598	0.02036	0.01009	0.01134	0.00767	0.00560	0.00559	0.00158	0.06154	0.00406	0.00325	0.00756
4	0.04465	0.18749	0.32177	0.01145	0.01668	0.01318	0.01243	0.02936	0.13997	0.11976	0.04540	0.01387	0.01083	0.00566	0.00470	0.00155	0.00583	0.00436	0.00352	0.00755
5	0.04370	0.08296	0.55449	0.01349	0.01985	0.07093	0.01598	0.01802	0.10139	0.01679	0.01041	0.01158	0.00767	0.00519	0.00479	0.00160	0.00710	0.00393	0.00264	0.00748
6	0.00983	0.00606	0.00843	0.00781	0.00946	0.00547	0.04088	0.01164	0.01268	0.14818	0.26939	0.29688	0.12889	0.01187	0.00616	0.00182	0.00330	0.01057	0.00529	0.00539
7	0.01348	0.71853	0.12497	0.00967	0.01454	0.01952	0.01023	0.01571	0.01063	0.01280	0.00751	0.00869	0.00667	0.00452	0.00355	0.00118	0.00584	0.00292	0.00222	0.00681
8	0.05644	0.01022	0.01185	0.00883	0.01317	0.00908	0.00719	0.15946	0.01423	0.19271	0.01230	0.01256	0.00899	0.00494	0.00439	0.00115	0.00435	0.00386	0.00425	0.46003
9	0.01083	0.01064	0.01483	0.39367	0.06507	0.08340	0.07021	0.01500	0.09067	0.01540	0.09288	0.05705	0.04495	0.00674	0.00544	0.00170	0.00615	0.00601	0.00327	0.00607
10	0.01029	0.01109	0.08741	0.01296	0.01543	0.01044	0.18318	0.07092	0.01183	0.01654	0.09655	0.24518	0.01961	0.00964	0.00836	0.00193	0.17071	0.00832	0.00368	0.00593
11	0.00745	0.00552	0.00809	0.00809	0.00892	0.00636	0.00615	0.00912	0.00829	0.01188	0.01421	0.02190	0.01364	0.12129	0.71497	0.00802	0.01301	0.00579	0.00283	0.00449
12	0.00944	0.00785	0.01024	0.07114	0.01200	0.00946	0.00744	0.01326	0.15563	0.01359	0.01435	0.02179	0.01358	0.23510	0.23333	0.00458	0.15286	0.00592	0.00324	0.00521
13	0.01179	0.11598	0.46263	0.01636	0.13140	0.01312	0.04688	0.07154	0.01208	0.01714	0.01035	0.04880	0.00837	0.00545	0.00494	0.00159	0.00691	0.00451	0.00262	0.00755
14	0.01833	0.02006	0.01401	0.01348	0.06393	0.56951	0.00964	0.01983	0.01415	0.11443	0.01171	0.08538	0.01019	0.00648	0.00498	0.00146	0.00795	0.00475	0.00337	0.00638
15	0.00983	0.00926	0.01562	0.80447	0.03587	0.01157	0.01446	0.01331	0.01041	0.01331	0.00926	0.01388	0.00694	0.00521	0.00521	0.00174	0.00694	0.00463	0.00231	0.00579
16	0.01102	0.00763	0.00878	0.00797	0.00971	0.00809	0.00606	0.19890	0.04317	0.02048	0.12891	0.15357	0.02141	0.07254	0.10026	0.00266	0.00497	0.00746	0.18067	0.00573
17	0.01547	0.04547	0.05567	0.02303	0.43662	0.01162	0.07231	0.01842	0.01250	0.21835	0.01246	0.01393	0.00926	0.00521	0.00547	0.00159	0.02610	0.00480	0.00355	0.00816
18	0.01038	0.00678	0.00823	0.00810	0.00946	0.00691	0.00602	0.01416	0.15767	0.10463	0.05352	0.16662	0.02364	0.24375	0.01204	0.00287	0.00430	0.15089	0.00466	0.00537
19	0.00714	0.00539	0.00664	0.00654	0.00792	0.00489	0.00505	0.00926	0.01358	0.01828	0.48140	0.04449	0.25940	0.01182	0.00627	0.00176	0.00279	0.09726	0.00536	0.00475
20	0.01179	0.09117	0.24348	0.01587	0.03869	0.09202	0.27441	0.01558	0.01175	0.01545	0.02302	0.10789	0.02266	0.00630	0.00543	0.00166	0.00731	0.00600	0.00281	0.00671
21	0.05610	0.19260	0.25752	0.01211	0.03494	0.06127	0.04716	0.05414	0.06879	0.09274	0.01143	0.01232	0.00856	0.00527	0.00453	0.00149	0.00612	0.00406	0.06158	0.00727
22	0.00860	0.00699	0.01202	0.01042	0.01212	0.00658	0.17630	0.00989	0.01057	0.01400	0.08148	0.21207	0.11150	0.01302	0.00970	0.19967	0.00478	0.09196	0.00380	0.00454
23	0.07697	0.01089	0.01848	0.39613	0.28810	0.01202	0.09379	0.01473	0.01098	0.01571	0.00942	0.01314	0.00739	0.00490	0.00513	0.00166	0.00665	0.00465	0.00251	0.00674

[dist]
# distance from previous block
# <min> <max>
2	4

[block]
# block no. 1 follows, 47 sequences, length 72
# corresponding to MSA columns:
# 220-291
name=unknown_B
#
# <colnr> <probs for GDERKNQSTAVLIFYWHMCP>
#	G	D	E	R	K	N	Q	S	T	A	V	L	I	F	Y	W	H	M	C	P
0	0.01520	0.01422	0.01176	0.01000	0.01316	0.27955	0.00772	0.03203	0.09380	0.11988	0.06305	0.03277	0.07377	0.00651	0.00489	0.00136	0.00570	0.00504	0.00401	0.20560
1	0.01614	0.00819	0.01028	0.00808	0.01139	0.00702	0.00630	0.01823	0.03639	0.38721	0.01814	0.02031	0.04361	0.15658	0.00887	0.00204	0.00431	0.00536	0.00486	0.22670
2	0.00744	0.00558	0.00837	0.00837	0.00930	0.00651	0.00651	0.00930	0.00837	0.01209	0.01395	0.02046	0.01302	0.03906	0.79635	0.00837	0.01395	0.00558	0.00279	0.00465
3	0.01080	0.00926	0.01080	0.00771	0.01234	0.00694	0.00617	0.01311	0.01080	0.01697	0.00926	0.01080	0.00771	0.00386	0.00386	0.00077	0.00386	0.00309	0.00309	0.84882
4	0.01139	0.01139	0.01595	0.01367	0.01367	0.01595	0.01139	0.01253	0.00798	0.01253	0.00684	0.01139	0.00684	0.00911	0.01709	0.00228	0.80745	0.00456	0.00228	0.00570
5	0.01289	0.01237	0.02114	0.03196	0.78450	0.01237	0.01598	0.01598	0.01186	0.01701	0.00980	0.01289	0.00825	0.00464	0.00516	0.00155	0.00619	0.00464	0.00258	0.00825
6	0.00757	0.00505	0.00568	0.00568	0.00568	0.00505	0.00316	0.00757	0.00757	0.01010	0.01641	0.03408	0.01893	0.81698	0.02651	0.00505	0.00505	0.00757	0.00316	0.00316
7	0.01248	0.01784	0.24077	0.01765	0.13480	0.10075	0.15205	0.01692	0.06208	0.01604	0.00993	0.01226	0.00782	0.00547	0.00674	0.00165	0.11387	0.00451	0.00267	0.06370
8	0.00883	0.00734	0.01005	0.23600	0.01666	0.00801	0.00809	0.01336	0.12894	0.01832	0.38848	0.02962	0.08824	0.00874	0.00575	0.00169	0.00401	0.00763	0.00462	0.00563
9	0.01543	0.01399	0.01307	0.01133	0.01450	0.13245	0.00888	0.18759	0.49635	0.02282	0.01731	0.01640	0.01297	0.00663	0.00519	0.00166	0.00527	0.00524	0.00488	0.00804
10	0.00761	0.00566	0.00691	0.00753	0.00890	0.00536	0.00616	0.00979	0.03058	0.01525	0.03588	0.11884	0.30020	0.01339	0.00648	0.00205	0.00368	0.34977	0.06128	0.00469
11	0.01671	0.01432	0.01418	0.06487	0.01656	0.11127	0.00965	0.36766	0.28269	0.02520	0.01475	0.01461	0.01090	0.00635	0.00518	0.00162	0.00571	0.00494	0.00473	0.00809
12	0.00642	0.00504	0.00582	0.00615	0.00733	0.00443	0.00441	0.00780	0.01173	0.01497	0.16875	0.30084	0.41021	0.01379	0.00632	0.00186	0.00273	0.01199	0.00499	0.00443
13	0.04164	0.01288	0.10618	0.01081	0.05767	0.06147	0.02363	0.04009	0.01182	0.06481	0.00997	0.01131	0.00783	0.00442	0.00427	0.00109	0.00502	0.00352	0.00320	0.51837
14	0.01268	0.13190	0.49480	0.01507	0.07546	0.01284	0.06219	0.01735	0.01152	0.10361	0.01043	0.01172	0.00752	0.00499	0.00485	0.00157	0.00699	0.00406	0.00274	0.00769
15	0.00753	0.00523	0.00661	0.00661	0.00694	0.00556	0.00432	0.00817	0.00785	0.01079	0.01555	0.02935	0.01688	0.54686	0.29382	0.00620	0.00814	0.00688	0.00303	0.00367
16	0.00927	0.00665	0.00917	0.00779	0.01007	0.00588	0.09019	0.01128	0.01269	0.10385	0.16696	0.03824	0.42647	0.01048	0.00587	0.00168	0.00349	0.00908	0.06557	0.00532
17	0.03534	0.04536	0.38929	0.01666	0.15690	0.09253	0.03983	0.03701	0.01177	0.01636	0.01150	0.10233	0.01015	0.00623	0.00510	0.00164	0.00688	0.00522	0.00275	0.00715
18	0.01253	0.01318	0.07593	0.05509	0.67176	0.01222	0.01584	0.01613	0.03063	0.01695	0.01035	0.01379	0.00867	0.00492	0.00518	0.00158	0.00624	0.01828	0.00265	0.00806
19	0.00745	0.00555	0.00821	0.00821	0.00909	0.00642	0.00632	0.00920	0.00832	0.01197	0.01409	0.02125	0.01336	0.08409	0.75179	0.00818	0.01343	0.00569	0.00281	0.00456
20	0.22962	0.05914	0.11071	0.02750	0.16500	0.01175	0.09923	0.06162	0.01221	0.04529	0.11702	0.01516	0.01311	0.00569	0.00479	0.00159	0.00549	0.00483	0.00341	0.00683
21	0.08973	0.19196	0.01760	0.03889	0.06682	0.26962	0.01016	0.10040	0.01300	0.01608	0.00826	0.01013	0.00698	0.00576	0.00634	0.00152	0.13372	0.00365	0.00283	0.00654
22	0.00645	0.00469	0.00602	0.00693	0.00745	0.00433	0.00468	0.00748	0.01045	0.01384	0.08863	0.64293	0.11579	0.04506	0.00729	0.00215	0.00301	0.01371	0.00484	0.00426
23	0.08109	0.03182	0.27273	0.01136	0.01634	0.02970	0.02493	0.08548	0.06128	0.22882	0.06071	0.01496	0.01171	0.00589	0.00495	0.00158	0.00566	0.00467	0.00417	0.04215
24	0.01669	0.26827	0.07555	0.01120	0.01518	0.28617	0.00986	0.08525	0.03872	0.08171	0.00987	0.01059	0.00778	0.00519	0.00435	0.00132	0.00682	0.00356	0.00316	0.05877
25	0.85377	0.01007	0.00765	0.00685	0.01007	0.01168	0.00564	0.01531	0.00886	0.02336	0.00725	0.00846	0.00564	0.00483	0.00322	0.00161	0.00403	0.00282	0.00322	0.00564
26	0.01274	0.03174	0.41377	0.01348	0.01909	0.01059	0.10720	0.01711	0.01175	0.16369	0.04371	0.01483	0.01043	0.00926	0.09507	0.00241	0.00767	0.00480	0.00328	0.00736
27	0.00996	0.00940	0.01319	0.06468	0.01347	0.01240	0.00972	0.01150	0.00922	0.01356	0.09584	0.01865	0.07173	0.01304	0.11071	0.00289	0.50602	0.00571	0.00292	0.00539
28	0.00843	0.12287	0.06614	0.00839	0.01002	0.03965	0.00689	0.01001	0.01070	0.01389	0.06252	0.52179	0.02785	0.01295	0.00598	0.00190	0.00406	0.05676	0.00423	0.00497
29	0.01112	0.04362	0.48577	0.01676	0.16200	0.01177	0.01614	0.01608	0.02827	0.01658	0.00957	0.01144	0.00727	0.00486	0.00504	0.00151	0.02241	0.00392	0.00246	0.12340
30	0.01477	0.38531	0.12506	0.06024	0.01711	0.15020	0.03181	0.09048	0.01275	0.02938	0.00862	0.01006	0.00706	0.00509	0.00465	0.00137	0.03294	0.00352	0.00269	0.00688
31	0.01155	0.06785	0.30001	0.01381	0.09365	0.01230	0.01280	0.01991	0.29588	0.01867	0.08741	0.01682	0.01429	0.00622	0.00511	0.00165	0.00558	0.00515	0.00373	0.00763
32	0.00912	0.03361	0.27278	0.00974	0.01362	0.00869	0.01014	0.01407	0.10919	0.01773	0.22865	0.04919	0.16330	0.00856	0.00552	0.00166	0.00460	0.00719	0.00413	0.02850
33	0.00716	0.00649	0.05913	0.00731	0.00866	0.00513	0.00581	0.00926	0.01266	0.01760	0.43106	0.31628	0.06896	0.01240	0.00624	0.00181	0.00302	0.01104	0.00514	0.00483
34	0.01576	0.01448	0.01445	0.11009	0.02950	0.20443	0.06151	0.26140	0.04758	0.02126	0.01199	0.01355	0.00911	0.00575	0.00487	0.00149	0.00634	0.00453	0.15501	0.00690
35	0.00656	0.00505	0.00601	0.00633	0.00746	0.00450	0.00457	0.00805	0.01196	0.01555	0.22695	0.30016	0.33778	0.01361	0.00633	0.00186	0.00276	0.02498	0.00506	0.00448
36	0.01997	0.01018	0.01240	0.00996	0.01369	0.01014	0.00808	0.11030	0.23410	0.48244	0.01982	0.01762	0.01330	0.00660	0.00525	0.00165	0.00449	0.00536	0.00598	0.00868
37	0.85377	0.01007	0.00765	0.00685	0.01007	0.01168	0.00564	0.01531	0.00886	0.02336	0.00725	0.00846	0.00564	0.00483	0.00322	0.00161	0.00403	0.00282	0.00322	0.00564
38	0.00983	0.00926	0.01562	0.80447	0.03587	0.01157	0.01446	0.01331	0.01041	0.01331	0.00926	0.01388	0.00694	0.00521	0.00521	0.00174	0.00694	0.00463	0.00231	0.00579
39	0.00647	0.00518	0.00579	0.00587	0.00729	0.00449	0.00431	0.00800	0.01227	0.01557	0.22202	0.15864	0.49969	0.01304	0.00622	0.00178	0.00265	0.01117	0.00505	0.00449
40	0.01238	0.00986	0.01116	0.01045	0.01296	0.01097	0.00855	0.13392	0.39100	0.02126	0.02213	0.03230	0.01981	0.00953	0.00596	0.00196	0.00460	0.26896	0.00511	0.00712
41	0.01168	0.01025	0.01562	0.65730	0.03221	0.01242	0.01361	0.15329	0.01303	0.01693	0.00986	0.01363	0.00730	0.00540	0.00521	0.00170	0.00672	0.00464	0.00285	0.00636
42	0.00691	0.00527	0.00636	0.00625	0.00760	0.00472	0.00468	0.00887	0.01335	0.01788	0.45848	0.09534	0.29952	0.01201	0.00621	0.00173	0.00263	0.03215	0.00534	0.00469
43	0.01938	0.01130	0.01421	0.15806	0.01867	0.01190	0.00985	0.33003	0.01803	0.33173	0.01512	0.01485	0.01012	0.00614	0.00522	0.00161	0.00544	0.00490	0.00517	0.00829
44	0.07689	0.01193	0.01356	0.01053	0.01453	0.01242	0.00867	0.39911	0.04975	0.32497	0.01562	0.01454	0.01049	0.00626	0.00509	0.00159	0.00505	0.00482	0.00556	0.00862
45	0.02005	0.01417	0.01537	0.01179	0.01594	0.01554	0.00974	0.71365	0.02379	0.08728	0.01308	0.01288	0.00915	0.00627	0.00521	0.00157	0.00564	0.00473	0.00530	0.00886
46	0.49276	0.01203	0.01111	0.00907	0.01270	0.01362	0.00748	0.34075	0.01563	0.02746	0.00952	0.01021	0.00703	0.00545	0.00408	0.00159	0.00477	0.00363	0.00408	0.00703
47	0.01552	0.01497	0.02413	0.01773	0.02242	0.06681	0.43848	0.29143	0.01692	0.02232	0.01109	0.01317	0.00817	0.00514	0.00571	0.00166	0.00771	0.00543	0.00358	0.00763
48	0.01289	0.01237	0.02114	0.03196	0.78450	0.01237	0.01598	0.01598	0.01186	0.01701	0.00980	0.01289	0.00825	0.00464	0.00516	0.00155	0.00619	0.00464	0.00258	0.00825
49	0.00634	0.00456	0.00601	0.00717	0.00753	0.00424	0.00480	0.00726	0.01005	0.01333	0.02969	0.78236	0.06503	0.01619	0.00663	0.00210	0.00301	0.01465	0.00483	0.00424
50	0.00915	0.00852	0.01370	0.65605	0.03051	0.01024	0.01251	0.01222	0.01068	0.01345	0.01733	0.02061	0.15094	0.00669	0.00538	0.00174	0.00614	0.00581	0.00278	0.00553
51	0.00757	0.00505	0.00568	0.00568	0.00568	0.00505	0.00316	0.00757	0.00757	0.01010	0.01641	0.03408	0.01893	0.81698	0.02651	0.00505	0.00505	0.00757	0.00316	0.00316
52	0.00746	0.00539	0.00747	0.00758	0.00822	0.00594	0.00553	0.00875	0.00838	0.01173	0.01604	0.07056	0.01661	0.25997	0.49876	0.00682	0.01041	0.03709	0.00309	0.00420
53	0.01392	0.82012	0.02729	0.00891	0.01337	0.02061	0.00891	0.01559	0.01058	0.01225	0.00724	0.00835	0.00668	0.00446	0.00334	0.00111	0.00557	0.00278	0.00223	0.00668
54	0.00659	0.00499	0.00611	0.00666	0.00763	0.00451	0.00480	0.00799	0.01151	0.01499	0.16718	0.39716	0.26703	0.01425	0.00644	0.00194	0.00291	0.05789	0.00499	0.00443
55	0.00881	0.00740	0.01131	0.29862	0.09320	0.00806	0.00924	0.01140	0.01203	0.01643	0.32890	0.02690	0.03689	0.09972	0.00802	0.00205	0.00474	0.00703	0.00388	0.00535
56	0.60773	0.01029	0.00877	0.00755	0.01071	0.01171	0.00618	0.15031	0.01191	0.02462	0.00930	0.01043	0.00709	0.00523	0.00363	0.00156	0.00415	0.00339	0.09930	0.00613
57	0.01390	0.56000	0.18121	0.01068	0.01557	0.11486	0.01116	0.01642	0.01118	0.01318	0.00777	0.00902	0.00667	0.00467	0.00384	0.00125	0.00648	0.00307	0.00228	0.00681
58	0.57959	0.12586	0.09978	0.00853	0.01239	0.07074	0.00797	0.01589	0.00978	0.02025	0.00755	0.00880	0.00597	0.00483	0.00354	0.00153	0.00505	0.00297	0.00293	0.00605
59	0.01176	0.01349	0.18630	0.01546	0.12700	0.01035	0.12228	0.04588	0.03342	0.08542	0.08778	0.09184	0.01526	0.00997	0.07734	0.00233	0.04741	0.00628	0.00355	0.00687
60	0.01188	0.01134	0.01931	0.28794	0.53643	0.01211	0.01548	0.01510	0.01138	0.01578	0.00962	0.01322	0.00782	0.00483	0.00517	0.00161	0.00644	0.00464	0.00249	0.00743
61	0.00649	0.00501	0.00593	0.00629	0.00739	0.00445	0.00450	0.00791	0.01179	0.01528	0.20431	0.33273	0.34163	0.01380	0.00634	0.00187	0.00274	0.01207	0.00503	0.00445
62	0.01229	0.01405	0.03073	0.02195	0.02722	0.01317	0.76558	0.01668	0.01229	0.01668	0.01054	0.01405	0.00790	0.00439	0.00615	0.00176	0.00878	0.00615	0.00263	0.00702
63	0.00719	0.00532	0.00671	0.00636	0.00767	0.00484	0.00477	0.00948	0.01431	0.01987	0.67324	0.04057	0.15827	0.01102	0.00614	0.00166	0.00248	0.00965	0.00560	0.00484
64	0.00715	0.00517	0.00636	0.00699	0.00769	0.00492	0.00504	0.00823	0.01012	0.01307	0.02936	0.26661	0.16780	0.24592	0.01241	0.00296	0.00396	0.18782	0.00434	0.00409
65	0.02120	0.00872	0.01164	0.00907	0.01276	0.00776	0.00743	0.06228	0.01539	0.65360	0.11434	0.02007	0.01717	0.00696	0.00535	0.00161	0.00425	0.00573	0.00629	0.00837
66	0.01908	0.07820	0.01560	0.01311	0.01592	0.74402	0.00998	0.02045	0.01448	0.01271	0.00800	0.00932	0.00671	0.00531	0.00460	0.00133	0.00913	0.00332	0.00265	0.00608
67	0.00886	0.00576	0.00769	0.00736	0.00846	0.00573	0.02213	0.01003	0.00960	0.08985	0.02290	0.12969	0.13134	0.26125	0.25090	0.00477	0.00714	0.00813	0.00383	0.00459
68	0.01653	0.01245	0.11037	0.01190	0.01593	0.01052	0.09139	0.19735	0.03470	0.26638	0.01756	0.07734	0.01418	0.00762	0.00562	0.00175	0.00555	0.09028	0.00488	0.00771
69	0.04238	0.10243	0.12564	0.00896	0.01132	0.07931	0.00785	0.01293	0.06077	0.01318	0.01311	0.02110	0.01284	0.30447	0.15866	0.00404	0.00743	0.00545	0.00295	0.00519
70	0.01141	0.01111	0.01543	0.01326	0.01346	0.01532	0.01102	0.03732	0.00855	0.01318	0.00750	0.01204	0.00732	0.01103	0.06900	0.00266	0.72762	0.00463	0.00241	0.00573
71	0.07133	0.55923	0.02247	0.00971	0.01358	0.19452	0.00882	0.01656	0.01155	0.01340	0.03309	0.00961	0.00803	0.00489	0.00373	0.00122	0.00623	0.00314	0.00251	0.00641

[dist]
# distance from previous block
# <min> <max>
0	1

[block]
# block no. 2 follows, 47 sequences, length 51
# corresponding to MSA columns:
# 293-343
name=unknown_C
#
# <colnr> <probs for GDERKNQSTAVLIFYWHMCP>
#	G	D	E	R	K	N	Q	S	T	A	V	L	I	F	Y	W	H	M	C	P
0	0.01431	0.04029	0.23308	0.01522	0.12686	0.05828	0.01292	0.20923	0.17412	0.02149	0.01255	0.01323	0.00939	0.00565	0.00503	0.00158	0.00616	0.00452	0.00372	0.03237
1	0.06888	0.01188	0.01591	0.01839	0.28938	0.01268	0.03289	0.11472	0.28147	0.07740	0.01478	0.01524	0.01117	0.00583	0.00512	0.00164	0.00521	0.00505	0.00419	0.00816
2	0.54284	0.01235	0.06045	0.00886	0.01259	0.01290	0.00773	0.20372	0.05690	0.02519	0.00950	0.01026	0.00709	0.00532	0.00395	0.00161	0.00470	0.00353	0.00377	0.00672
3	0.01599	0.41478	0.08536	0.01133	0.01530	0.35082	0.01026	0.01789	0.01240	0.01282	0.00776	0.00902	0.00669	0.00489	0.00405	0.00126	0.00738	0.00312	0.00242	0.00649
4	0.00757	0.00505	0.00568	0.00568	0.00568	0.00505	0.00316	0.00757	0.00757	0.01010	0.01641	0.03408	0.01893	0.81698	0.02651	0.00505	0.00505	0.00757	0.00316	0.00316
5	0.01494	0.01085	0.01102	0.00962	0.01205	0.14480	0.02032	0.11658	0.01485	0.20368	0.16572	0.14895	0.02228	0.02980	0.02856	0.00194	0.00523	0.02744	0.00493	0.00646
6	0.01044	0.04973	0.65080	0.01449	0.02140	0.01187	0.06970	0.01595	0.01137	0.01672	0.07047	0.01333	0.01006	0.00534	0.00507	0.00164	0.00729	0.00441	0.00251	0.00740
7	0.01179	0.06044	0.00970	0.00764	0.00999	0.02784	0.00608	0.11065	0.08381	0.08793	0.12067	0.02881	0.20357	0.03206	0.00583	0.00167	0.00376	0.02803	0.15371	0.00603
8	0.00952	0.00872	0.01320	0.01161	0.01241	0.01115	0.05776	0.01122	0.00845	0.01258	0.01055	0.01600	0.00993	0.02346	0.39756	0.00522	0.36768	0.00516	0.00255	0.00527
9	0.01739	0.27418	0.05100	0.01180	0.01551	0.38068	0.01005	0.15110	0.01501	0.01630	0.00864	0.00968	0.00708	0.00522	0.00437	0.00132	0.00747	0.00343	0.00297	0.00681
10	0.01410	0.01449	0.13217	0.17091	0.29485	0.05866	0.01403	0.11275	0.01359	0.09153	0.02639	0.01352	0.00900	0.00534	0.00514	0.00160	0.00645	0.00460	0.00325	0.00763
11	0.00647	0.00519	0.00540	0.00547	0.00677	0.00453	0.00384	0.00748	0.01085	0.01318	0.04366	0.08946	0.57776	0.18470	0.01052	0.00248	0.00317	0.01048	0.00448	0.00412
12	0.01049	0.00992	0.01680	0.63884	0.19637	0.01174	0.01479	0.01388	0.01072	0.01410	0.00937	0.01367	0.00722	0.00509	0.00520	0.00170	0.00678	0.00463	0.00237	0.00631
13	0.00983	0.00926	0.01562	0.80447	0.03587	0.01157	0.01446	0.01331	0.01041	0.01331	0.00926	0.01388	0.00694	0.00521	0.00521	0.00174	0.00694	0.00463	0.00231	0.00579
14	0.85377	0.01007	0.00765	0.00685	0.01007	0.01168	0.00564	0.01531	0.00886	0.02336	0.00725	0.00846	0.00564	0.00483	0.00322	0.00161	0.00403	0.00282	0.00322	0.00564
15	0.01392	0.82012	0.02729	0.00891	0.01337	0.02061	0.00891	0.01559	0.01058	0.01225	0.00724	0.00835	0.00668	0.00446	0.00334	0.00111	0.00557	0.00278	0.00223	0.00668
16	0.00660	0.00529	0.00589	0.00574	0.00731	0.00459	0.00431	0.00833	0.01292	0.01656	0.31951	0.04601	0.51408	0.01226	0.00615	0.00171	0.00257	0.01042	0.00516	0.00459
17	0.00715	0.00527	0.00668	0.00643	0.00767	0.00480	0.00478	0.00936	0.01406	0.01951	0.63842	0.09043	0.14339	0.01134	0.00618	0.00168	0.00252	0.00997	0.00556	0.00480
18	0.85377	0.01007	0.00765	0.00685	0.01007	0.01168	0.00564	0.01531	0.00886	0.02336	0.00725	0.00846	0.00564	0.00483	0.00322	0.00161	0.00403	0.00282	0.00322	0.00564
19	0.00648	0.00523	0.00557	0.00555	0.00701	0.00453	0.00403	0.00779	0.01174	0.01453	0.14595	0.07135	0.57868	0.09859	0.00834	0.00210	0.00288	0.01054	0.00478	0.00433
20	0.00882	0.00753	0.01035	0.25229	0.03852	0.00818	0.00843	0.01308	0.11814	0.01726	0.27749	0.02997	0.17189	0.00881	0.00571	0.00171	0.00420	0.00763	0.00436	0.00563
21	0.85377	0.01007	0.00765	0.00685	0.01007	0.01168	0.00564	0.01531	0.00886	0.02336	0.00725	0.00846	0.00564	0.00483	0.00322	0.00161	0.00403	0.00282	0.00322	0.00564
22	0.00838	0.00650	0.00670	0.00660	0.00692	0.06029	0.00411	0.00874	0.00819	0.01057	0.01548	0.03042	0.01724	0.64945	0.13490	0.00526	0.00662	0.00699	0.00307	0.00357
23	0.01080	0.00926	0.01080	0.00771	0.01234	0.00694	0.00617	0.01311	0.01080	0.01697	0.00926	0.01080	0.00771	0.00386	0.00386	0.00077	0.00386	0.00309	0.00309	0.84882
24	0.85377	0.01007	0.00765	0.00685	0.01007	0.01168	0.00564	0.01531	0.00886	0.02336	0.00725	0.00846	0.00564	0.00483	0.00322	0.00161	0.00403	0.00282	0.00322	0.00564
25	0.01227	0.01174	0.02002	0.18788	0.63340	0.01221	0.01568	0.01544	0.01157	0.01627	0.00969	0.01309	0.00799	0.00475	0.00517	0.00158	0.00634	0.00464	0.00252	0.00775
26	0.01980	0.01459	0.01563	0.01198	0.01615	0.01615	0.00990	0.76713	0.02448	0.03282	0.01250	0.01250	0.00886	0.00625	0.00521	0.00156	0.00573	0.00469	0.00521	0.00886
27	0.01255	0.01203	0.02053	0.11727	0.70183	0.01228	0.01581	0.01569	0.01170	0.01660	0.00974	0.01300	0.00810	0.00470	0.00516	0.00157	0.00627	0.00464	0.00255	0.00798
28	0.01093	0.01037	0.01759	0.52856	0.30325	0.01186	0.01501	0.01426	0.01093	0.01463	0.00945	0.01353	0.00741	0.00500	0.00519	0.00167	0.00667	0.00463	0.00241	0.00667
29	0.85377	0.01007	0.00765	0.00685	0.01007	0.01168	0.00564	0.01531	0.00886	0.02336	0.00725	0.00846	0.00564	0.00483	0.00322	0.00161	0.00403	0.00282	0.00322	0.00564
30	0.01045	0.02694	0.79000	0.01484	0.02254	0.01209	0.01924	0.01649	0.01099	0.01649	0.00935	0.01099	0.00660	0.00495	0.00495	0.00165	0.00770	0.00385	0.00220	0.00770
31	0.00634	0.00453	0.00604	0.00725	0.00755	0.00423	0.00483	0.00725	0.00997	0.01329	0.02870	0.81358	0.03444	0.01632	0.00665	0.00211	0.00302	0.01480	0.00483	0.00423
32	0.01980	0.01459	0.01563	0.01198	0.01615	0.01615	0.00990	0.76713	0.02448	0.03282	0.01250	0.01250	0.00886	0.00625	0.00521	0.00156	0.00573	0.00469	0.00521	0.00886
33	0.00628	0.00517	0.00552	0.00567	0.00717	0.00441	0.00416	0.00762	0.01181	0.01448	0.10526	0.16277	0.61477	0.01346	0.00623	0.00180	0.00268	0.01144	0.00490	0.00441
34	0.00757	0.00505	0.00568	0.00568	0.00568	0.00505	0.00316	0.00757	0.00757	0.01010	0.01641	0.03408	0.01893	0.81698	0.02651	0.00505	0.00505	0.00757	0.00316	0.00316
35	0.01094	0.00914	0.01053	0.00786	0.01201	0.00734	0.00624	0.07205	0.01191	0.01782	0.01362	0.05818	0.06318	0.00539	0.00428	0.00098	0.00387	0.00441	0.00347	0.67678
36	0.01163	0.01107	0.01781	0.27182	0.41129	0.02584	0.01421	0.02767	0.01125	0.01546	0.01064	0.06478	0.00940	0.00596	0.00619	0.00170	0.06837	0.00526	0.00267	0.00699
37	0.01239	0.02339	0.56019	0.01554	0.07050	0.04163	0.03552	0.12492	0.03412	0.01889	0.01014	0.01158	0.00732	0.00518	0.00503	0.00162	0.00731	0.00411	0.00277	0.00784
38	0.00973	0.00764	0.00872	0.00832	0.01035	0.00796	0.00656	0.01635	0.28788	0.03994	0.20843	0.03693	0.18803	0.01039	0.00599	0.00183	0.00353	0.13008	0.00525	0.00609
39	0.00982	0.00792	0.01136	0.06302	0.09337	0.00780	0.06954	0.01360	0.10808	0.06652	0.14178	0.11026	0.23905	0.00981	0.00589	0.00176	0.00416	0.02576	0.00455	0.00595
40	0.00638	0.00479	0.00592	0.00668	0.00744	0.00433	0.00461	0.00752	0.01086	0.01413	0.09761	0.55074	0.23002	0.01503	0.00648	0.00198	0.00287	0.01337	0.00491	0.00433
41	0.00634	0.00453	0.00604	0.00725	0.00755	0.00423	0.00483	0.00725	0.00997	0.01329	0.02870	0.81358	0.03444	0.01632	0.00665	0.00211	0.00302	0.01480	0.00483	0.00423
42	0.01787	0.01363	0.01454	0.01159	0.01542	0.01525	0.00943	0.55892	0.23583	0.02971	0.01495	0.01445	0.01084	0.00648	0.00523	0.00162	0.00528	0.00503	0.00523	0.00868
43	0.01351	0.00923	0.01122	0.00821	0.01258	0.00734	0.00663	0.01573	0.01160	0.18247	0.01161	0.01230	0.00880	0.00456	0.00452	0.00099	0.02619	0.00359	0.00378	0.64511
44	0.00971	0.00485	0.00485	0.00485	0.00607	0.00485	0.00364	0.01213	0.01092	0.01942	0.01699	0.01942	0.01335	0.00607	0.00364	0.00121	0.00243	0.00485	0.84589	0.00485
45	0.00651	0.00469	0.00639	0.00742	0.00781	0.00457	0.00508	0.00756	0.00973	0.01311	0.02651	0.69565	0.03126	0.01970	0.12407	0.00304	0.00465	0.01343	0.00453	0.00429
46	0.01114	0.01102	0.01546	0.01333	0.01339	0.01534	0.01108	0.01232	0.00800	0.01250	0.00730	0.01198	0.00724	0.01105	0.06746	0.00267	0.75616	0.00462	0.00231	0.00563
47	0.00839	0.00599	0.00839	0.00959	0.01079	0.00599	0.00839	0.01079	0.01199	0.01558	0.02757	0.05874	0.02997	0.01439	0.00719	0.00240	0.00480	0.74945	0.00480	0.00480
48	0.00634	0.00453	0.00604	0.00725	0.00755	0.00423	0.00483	0.00725	0.00997	0.01329	0.02870	0.81358	0.03444	0.01632	0.00665	0.00211	0.00302	0.01480	0.00483	0.00423
49	0.01080	0.00926	0.01080	0.00771	0.01234	0.00694	0.00617	0.01311	0.01080	0.01697	0.00926	0.01080	0.00771	0.00386	0.00386	0.00077	0.00386	0.00309	0.00309	0.84882
50	0.01086	0.16483	0.20242	0.01229	0.06448	0.01163	0.01152	0.01585	0.12490	0.01615	0.01727	0.04250	0.01653	0.00856	0.00550	0.00182	0.00560	0.25710	0.00362	0.00658

[dist]
# distance from previous block
# <min> <max>
0	1

[block]
# block no. 3 follows, 47 sequences, length 163
# corresponding to MSA columns:
# 345-487,504-523
name=unknown_D
#
# <colnr> <probs for GDERKNQSTAVLIFYWHMCP>
#	G	D	E	R	K	N	Q	S	T	A	V	L	I	F	Y	W	H	M	C	P
0	0.01120	0.01064	0.01750	0.22157	0.46193	0.01133	0.01386	0.01407	0.01132	0.01550	0.01497	0.01779	0.10604	0.00608	0.00585	0.00166	0.04345	0.00544	0.00278	0.00702
1	0.01397	0.01271	0.01171	0.01045	0.01266	0.20694	0.00816	0.20019	0.01425	0.03684	0.01307	0.01827	0.01156	0.06592	0.29925	0.00427	0.00957	0.04056	0.00357	0.00606
2	0.65503	0.01074	0.00932	0.03031	0.01191	0.01230	0.00667	0.12800	0.04073	0.04139	0.00892	0.00984	0.00671	0.00518	0.00370	0.00161	0.00438	0.00332	0.00364	0.00629
3	0.00634	0.00453	0.00604	0.00725	0.00755	0.00423	0.00483	0.00725	0.00997	0.01329	0.02870	0.81358	0.03444	0.01632	0.00665	0.00211	0.00302	0.01480	0.00483	0.00423
4	0.01289	0.01237	0.02114	0.03196	0.78450	0.01237	0.01598	0.01598	0.01186	0.01701	0.00980	0.01289	0.00825	0.00464	0.00516	0.00155	0.00619	0.00464	0.00258	0.00825
5	0.01392	0.82012	0.02729	0.00891	0.01337	0.02061	0.00891	0.01559	0.01058	0.01225	0.00724	0.00835	0.00668	0.00446	0.00334	0.00111	0.00557	0.00278	0.00223	0.00668
6	0.01117	0.01017	0.01392	0.01138	0.01437	0.03350	0.15976	0.01783	0.27735	0.01753	0.01773	0.11935	0.02772	0.07016	0.00699	0.00187	0.00501	0.00674	0.04283	0.13462
7	0.01152	0.27103	0.55528	0.01302	0.01972	0.01471	0.01606	0.01622	0.01087	0.01519	0.00870	0.01018	0.00662	0.00480	0.00445	0.00148	0.00704	0.00352	0.00221	0.00738
8	0.00818	0.00681	0.00733	0.00693	0.00888	0.00672	0.00528	0.01320	0.20909	0.01758	0.20798	0.03970	0.42066	0.01104	0.00593	0.00173	0.00298	0.00932	0.00516	0.00550
9	0.00983	0.00926	0.01562	0.80447	0.03587	0.01157	0.01446	0.01331	0.01041	0.01331	0.00926	0.01388	0.00694	0.00521	0.00521	0.00174	0.00694	0.00463	0.00231	0.00579
10	0.00786	0.00554	0.00757	0.00751	0.00830	0.00619	0.00554	0.02165	0.00865	0.01255	0.01475	0.02347	0.01438	0.22014	0.53728	0.00690	0.01078	0.00598	0.07058	0.00438
11	0.00998	0.00941	0.01588	0.76745	0.07174	0.01161	0.01454	0.01343	0.01048	0.01348	0.00928	0.01384	0.00700	0.00518	0.00520	0.00173	0.00691	0.00463	0.00233	0.00590
12	0.01191	0.01303	0.02560	0.05612	0.02357	0.01393	0.50502	0.01528	0.01091	0.01528	0.00937	0.01325	0.00754	0.00584	0.00937	0.00191	0.24738	0.00560	0.00251	0.00657
13	0.00983	0.00926	0.01562	0.80447	0.03587	0.01157	0.01446	0.01331	0.01041	0.01331	0.00926	0.01388	0.00694	0.00521	0.00521	0.00174	0.00694	0.00463	0.00231	0.00579
14	0.00745	0.00552	0.00808	0.00808	0.00892	0.00636	0.00615	0.00912	0.00829	0.01188	0.01421	0.02190	0.01364	0.12132	0.71494	0.00802	0.01301	0.00579	0.00283	0.00449
15	0.00637	0.00463	0.00602	0.00705	0.00752	0.00427	0.00476	0.00738	0.01034	0.01369	0.06317	0.71602	0.09796	0.01581	0.00658	0.00206	0.00296	0.01425	0.00487	0.00427
16	0.01392	0.82012	0.02729	0.00891	0.01337	0.02061	0.00891	0.01559	0.01058	0.01225	0.00724	0.00835	0.00668	0.00446	0.00334	0.00111	0.00557	0.00278	0.00223	0.00668
17	0.00663	0.00469	0.00618	0.00725	0.00759	0.00445	0.00491	0.00754	0.00986	0.01312	0.02730	0.67487	0.03246	0.10190	0.00881	0.00245	0.00337	0.06780	0.00465	0.00416
18	0.00691	0.00540	0.00639	0.00695	0.00832	0.00489	0.00552	0.00852	0.01164	0.01445	0.04117	0.16153	0.43216	0.01402	0.00656	0.00202	0.00339	0.25082	0.00482	0.00450
19	0.00684	0.00529	0.00629	0.00649	0.00783	0.00474	0.00495	0.00859	0.01250	0.01621	0.26403	0.14476	0.36746	0.01299	0.00635	0.00185	0.00292	0.11021	0.00510	0.00458
20	0.01945	0.02482	0.01476	0.01342	0.01610	0.79608	0.01006	0.02079	0.01476	0.01275	0.00805	0.00939	0.00671	0.00537	0.00470	0.00134	0.00939	0.00335	0.00268	0.00604
21	0.01209	0.29422	0.45802	0.01236	0.01865	0.01493	0.01468	0.05200	0.01149	0.01586	0.00878	0.01016	0.00679	0.00479	0.00437	0.00142	0.00670	0.00349	0.00239	0.04680
22	0.01435	0.18915	0.27315	0.05069	0.01901	0.05285	0.04828	0.22656	0.03039	0.01995	0.01001	0.01123	0.00754	0.00524	0.00473	0.00149	0.00666	0.00401	0.00317	0.02154
23	0.01572	0.01133	0.01259	0.01019	0.01374	0.01197	0.00818	0.28556	0.25645	0.10945	0.08859	0.01754	0.01518	0.00664	0.00516	0.00154	0.00453	0.00537	0.00515	0.11510
24	0.00970	0.00898	0.01450	0.56682	0.06453	0.01096	0.01292	0.01267	0.01045	0.01363	0.01341	0.04325	0.05090	0.00702	0.00654	0.00184	0.07924	0.06421	0.00273	0.00569
25	0.01439	0.05314	0.01711	0.18237	0.23081	0.18832	0.01235	0.11988	0.01347	0.01669	0.00963	0.01270	0.00795	0.02987	0.01933	0.00178	0.05607	0.00436	0.00290	0.00689
26	0.00997	0.00817	0.00914	0.00840	0.01051	0.00878	0.00644	0.01829	0.38444	0.02067	0.34237	0.03049	0.10268	0.00915	0.00573	0.00171	0.00328	0.00785	0.00544	0.00648
27	0.00771	0.00520	0.00612	0.00632	0.00651	0.00520	0.00401	0.00810	0.00829	0.01099	0.01822	0.03809	0.02073	0.68652	0.02337	0.00462	0.00501	0.12816	0.00342	0.00342
28	0.00881	0.00767	0.01129	0.01273	0.15350	0.00747	0.06195	0.01151	0.04847	0.01607	0.14009	0.09615	0.24179	0.04680	0.00727	0.00196	0.02384	0.09278	0.00427	0.00557
29	0.00913	0.00761	0.00827	0.00800	0.00992	0.00799	0.00600	0.01606	0.33194	0.01761	0.08397	0.19213	0.25861	0.01108	0.00590	0.00183	0.00333	0.00952	0.00509	0.00601
30	0.00983	0.00926	0.01562	0.80447	0.03587	0.01157	0.01446	0.01331	0.01041	0.01331	0.00926	0.01388	0.00694	0.00521	0.00521	0.00174	0.00694	0.00463	0.00231	0.00579
31	0.01758	0.01349	0.01438	0.01153	0.01531	0.01512	0.00936	0.52805	0.26717	0.02925	0.01531	0.01474	0.01113	0.00651	0.00524	0.00163	0.00521	0.00508	0.00524	0.00866
32	0.01182	0.01163	0.01895	0.36247	0.39556	0.04468	0.05019	0.01507	0.01138	0.01523	0.00953	0.01322	0.00761	0.00490	0.00520	0.00163	0.00677	0.00465	0.00247	0.00704
33	0.00815	0.00579	0.00621	0.00587	0.00787	0.00496	0.00448	0.00991	0.03053	0.09428	0.08282	0.04552	0.65052	0.01223	0.00604	0.00174	0.00285	0.01020	0.00505	0.00497
34	0.00734	0.00596	0.00660	0.00648	0.00810	0.00559	0.00483	0.01060	0.10942	0.01665	0.22584	0.12400	0.42533	0.01211	0.00609	0.00177	0.00282	0.01036	0.00512	0.00500
35	0.01626	0.05497	0.03977	0.11715	0.13802	0.32365	0.08319	0.09576	0.01424	0.05434	0.00979	0.01167	0.00761	0.00523	0.00499	0.00150	0.00768	0.00420	0.00303	0.00695
36	0.00753	0.00523	0.00657	0.00657	0.00688	0.00553	0.00427	0.00815	0.00784	0.01076	0.01559	0.02955	0.01696	0.55813	0.28267	0.00615	0.00801	0.00691	0.00303	0.00365
37	0.00735	0.00578	0.00671	0.00716	0.00827	0.00564	0.00507	0.01048	0.12686	0.01486	0.04884	0.44634	0.23625	0.03652	0.00686	0.00204	0.00313	0.01209	0.00488	0.00487
38	0.00983	0.00926	0.01562	0.80447	0.03587	0.01157	0.01446	0.01331	0.01041	0.01331	0.00926	0.01388	0.00694	0.00521	0.00521	0.00174	0.00694	0.00463	0.00231	0.00579
39	0.01683	0.12089	0.04004	0.07521	0.11441	0.36548	0.01119	0.09736	0.01419	0.05264	0.00932	0.01090	0.00744	0.00542	0.00519	0.00145	0.03836	0.00383	0.00300	0.00685
40	0.00755	0.00512	0.00605	0.00605	0.00618	0.00525	0.00362	0.00781	0.00768	0.01037	0.01607	0.03219	0.01811	0.70881	0.13355	0.00551	0.00629	0.00730	0.00310	0.00336
41	0.00672	0.00469	0.00593	0.00677	0.00698	0.00448	0.00432	0.00735	0.00924	0.01232	0.02494	0.57505	0.02970	0.26133	0.01272	0.00301	0.00364	0.01259	0.00432	0.00390
42	0.01568	0.14875	0.21110	0.01254	0.01702	0.27510	0.01197	0.13310	0.09465	0.01761	0.01031	0.01116	0.00797	0.00543	0.00469	0.00146	0.00725	0.00386	0.00315	0.00722
43	0.01566	0.23714	0.11811	0.08208	0.04003	0.21378	0.05430	0.09951	0.01361	0.06575	0.00958	0.01095	0.00745	0.00514	0.00459	0.00142	0.00708	0.00384	0.00298	0.00701
44	0.00978	0.00936	0.01522	0.56439	0.04195	0.03537	0.07300	0.01280	0.01065	0.01362	0.01273	0.15349	0.01184	0.00708	0.00552	0.00179	0.00647	0.00649	0.00280	0.00566
45	0.74865	0.07390	0.00941	0.00712	0.01048	0.01220	0.00599	0.01580	0.00928	0.05830	0.00787	0.00889	0.00606	0.00488	0.00333	0.00157	0.00417	0.00293	0.00330	0.00587
46	0.00770	0.00504	0.00563	0.00563	0.00570	0.00504	0.00318	0.00784	0.00777	0.01064	0.01644	0.03322	0.01861	0.76940	0.02516	0.00482	0.00489	0.00741	0.05260	0.00326
47	0.00686	0.00511	0.00615	0.00652	0.00746	0.00469	0.00467	0.00817	0.01124	0.01467	0.17470	0.25939	0.25184	0.13543	0.00947	0.00239	0.00327	0.07893	0.00475	0.00430
48	0.01045	0.02694	0.79000	0.01484	0.02254	0.01209	0.01924	0.01649	0.01099	0.01649	0.00935	0.01099	0.00660	0.00495	0.00495	0.00165	0.00770	0.00385	0.00220	0.00770
49	0.00737	0.00532	0.00696	0.00655	0.00778	0.00491	0.00491	0.00983	0.01474	0.02088	0.78175	0.03890	0.04914	0.01065	0.00614	0.00164	0.00246	0.00942	0.00573	0.00491
50	0.01045	0.02694	0.79000	0.01484	0.02254	0.01209	0.01924	0.01649	0.01099	0.01649	0.00935	0.01099	0.00660	0.00495	0.00495	0.00165	0.00770	0.00385	0.00220	0.00770
51	0.01295	0.01119	0.01178	0.01060	0.01354	0.01295	0.00824	0.02767	0.77509	0.02178	0.02120	0.01943	0.01590	0.00707	0.00530	0.00177	0.00412	0.00589	0.00530	0.00824
52	0.01080	0.00926	0.01080	0.00771	0.01234	0.00694	0.00617	0.01311	0.01080	0.01697	0.00926	0.01080	0.00771	0.00386	0.00386	0.00077	0.00386	0.00309	0.00309	0.84882
53	0.01026	0.00791	0.00956	0.00966	0.01158	0.00841	0.00809	0.07549	0.20327	0.01851	0.04187	0.04421	0.07917	0.01175	0.00647	0.00211	0.00450	0.43626	0.00498	0.00595
54	0.00792	0.00566	0.00785	0.00905	0.01004	0.00559	0.00757	0.00997	0.01152	0.01506	0.02783	0.23289	0.03100	0.01483	0.00707	0.00233	0.00439	0.57996	0.00480	0.00466
55	0.01805	0.02218	0.01530	0.01450	0.06068	0.63529	0.01057	0.03460	0.01392	0.01337	0.00809	0.00991	0.00686	0.00582	0.00631	0.00148	0.11061	0.00361	0.00268	0.00618
56	0.00857	0.00630	0.00864	0.00813	0.00980	0.00571	0.04111	0.01080	0.03493	0.05200	0.21945	0.34664	0.04690	0.01178	0.00606	0.00178	0.00346	0.06081	0.00483	0.11231
57	0.00846	0.00721	0.00956	0.00829	0.01048	0.00684	0.08434	0.04740	0.08236	0.01780	0.23648	0.03908	0.37591	0.01075	0.00606	0.00174	0.00358	0.03338	0.00490	0.00538
58	0.01711	0.00791	0.01025	0.00836	0.01128	0.00734	0.00666	0.06255	0.01340	0.43093	0.05048	0.01990	0.01453	0.07906	0.10718	0.00268	0.00545	0.00548	0.09286	0.04659
59	0.73082	0.01026	0.00834	0.00736	0.01056	0.01182	0.00602	0.05998	0.05471	0.02375	0.03116	0.01023	0.00771	0.00522	0.00355	0.00162	0.00409	0.00330	0.00353	0.00596
60	0.85377	0.01007	0.00765	0.00685	0.01007	0.01168	0.00564	0.01531	0.00886	0.02336	0.00725	0.00846	0.00564	0.00483	0.00322	0.00161	0.00403	0.00282	0.00322	0.00564
61	0.02336	0.00886	0.01209	0.00927	0.01329	0.00765	0.00765	0.02538	0.01491	0.78810	0.02055	0.01773	0.01289	0.00645	0.00524	0.00161	0.00443	0.00524	0.00645	0.00886
62	0.02026	0.01783	0.01468	0.01211	0.01565	0.33516	0.00959	0.33582	0.01888	0.15152	0.01202	0.01210	0.00865	0.00592	0.00500	0.00148	0.00702	0.00423	0.00438	0.00770
63	0.02336	0.00886	0.01209	0.00927	0.01329	0.00765	0.00765	0.02538	0.01491	0.78810	0.02055	0.01773	0.01289	0.00645	0.00524	0.00161	0.00443	0.00524	0.00645	0.00886
64	0.01094	0.01038	0.01762	0.52472	0.30697	0.01186	0.01501	0.01427	0.01094	0.01465	0.00945	0.01352	0.00742	0.00500	0.00519	0.00167	0.00667	0.00463	0.00241	0.00668
65	0.01080	0.00926	0.01080	0.00771	0.01234	0.00694	0.00617	0.01311	0.01080	0.01697	0.00926	0.01080	0.00771	0.00386	0.00386	0.00077	0.00386	0.00309	0.00309	0.84882
66	0.00757	0.00505	0.00568	0.00568	0.00568	0.00505	0.00316	0.00757	0.00757	0.01010	0.01641	0.03408	0.01893	0.81698	0.02651	0.00505	0.00505	0.00757	0.00316	0.00316
67	0.00702	0.00598	0.00712	0.00810	0.08297	0.00526	0.00530	0.00871	0.01237	0.01554	0.17540	0.04454	0.57933	0.01191	0.00606	0.00172	0.00295	0.01010	0.00477	0.00486
68	0.01367	0.01154	0.01218	0.01074	0.01381	0.01329	0.00842	0.10467	0.69693	0.02293	0.02029	0.01871	0.01516	0.00698	0.00529	0.00175	0.00429	0.00576	0.00529	0.00831
69	0.01096	0.01070	0.01524	0.01388	0.05006	0.01458	0.01099	0.01229	0.00821	0.01269	0.00788	0.01261	0.00769	0.01270	0.11536	0.00302	0.66841	0.00469	0.00236	0.00569
70	0.01139	0.01139	0.01595	0.01367	0.01367	0.01595	0.01139	0.01253	0.00798	0.01253	0.00684	0.01139	0.00684	0.00911	0.01709	0.00228	0.80745	0.00456	0.00228	0.00570
71	0.01945	0.02482	0.01476	0.01342	0.01610	0.79608	0.01006	0.02079	0.01476	0.01275	0.00805	0.00939	0.00671	0.00537	0.00470	0.00134	0.00939	0.00335	0.00268	0.00604
72	0.01288	0.58310	0.25520	0.01068	0.01611	0.01806	0.01200	0.01586	0.01070	0.01352	0.00787	0.00914	0.00666	0.00460	0.00382	0.00127	0.00620	0.00310	0.00222	0.00699
73	0.00634	0.00453	0.00604	0.00725	0.00755	0.00423	0.00483	0.00725	0.00997	0.01329	0.02870	0.81358	0.03444	0.01632	0.00665	0.00211	0.00302	0.01480	0.00483	0.00423
74	0.01538	0.55302	0.05742	0.01049	0.01457	0.24640	0.00970	0.01715	0.01182	0.01258	0.00757	0.00877	0.00669	0.00474	0.00381	0.00120	0.00678	0.00300	0.00236	0.00654
75	0.00884	0.00672	0.00800	0.00834	0.00978	0.00690	0.00634	0.01362	0.20508	0.03635	0.02963	0.34204	0.13000	0.01291	0.00631	0.00202	0.00363	0.15301	0.00499	0.00550
76	0.01405	0.62576	0.02614	0.01095	0.01532	0.07219	0.10493	0.01665	0.04688	0.01329	0.00837	0.00967	0.00727	0.00463	0.00388	0.00124	0.00617	0.00340	0.00245	0.00676
77	0.00634	0.00453	0.00604	0.00725	0.00755	0.00423	0.00483	0.00725	0.00997	0.01329	0.02870	0.81358	0.03444	0.01632	0.00665	0.00211	0.00302	0.01480	0.00483	0.00423
78	0.00749	0.00539	0.00740	0.00740	0.00799	0.00598	0.00530	0.00868	0.00808	0.01137	0.01484	0.02538	0.01516	0.32028	0.51805	0.00717	0.01073	0.00630	0.00292	0.00411
79	0.00728	0.00520	0.00712	0.00832	0.00903	0.00504	0.00646	0.00887	0.01089	0.01434	0.02819	0.46882	0.03240	0.01543	0.00690	0.00224	0.00383	0.35034	0.00482	0.00449
80	0.00983	0.00926	0.01562	0.80447	0.03587	0.01157	0.01446	0.01331	0.01041	0.01331	0.00926	0.01388	0.00694	0.00521	0.00521	0.00174	0.00694	0.00463	0.00231	0.00579
81	0.00645	0.00529	0.00568	0.00558	0.00721	0.00452	0.00419	0.00804	0.01256	0.01572	0.22897	0.04741	0.60514	0.01257	0.00615	0.00173	0.00259	0.01061	0.00505	0.00452
82	0.02336	0.00886	0.01209	0.00927	0.01329	0.00765	0.00765	0.02538	0.01491	0.78810	0.02055	0.01773	0.01289	0.00645	0.00524	0.00161	0.00443	0.00524	0.00645	0.00886
83	0.01150	0.00988	0.01111	0.00865	0.01273	0.00889	0.00684	0.01782	0.25791	0.01853	0.01312	0.01359	0.01036	0.00489	0.00432	0.00109	0.00394	0.00399	0.00380	0.57705
84	0.01045	0.02694	0.79000	0.01484	0.02254	0.01209	0.01924	0.01649	0.01099	0.01649	0.00935	0.01099	0.00660	0.00495	0.00495	0.00165	0.00770	0.00385	0.00220	0.00770
85	0.00634	0.00455	0.00602	0.00719	0.00754	0.00423	0.00481	0.00726	0.01003	0.01332	0.02944	0.79028	0.05727	0.01622	0.00663	0.00210	0.00301	0.01469	0.00483	0.00423
86	0.00909	0.00730	0.00921	0.00771	0.01032	0.00654	0.00592	0.01094	0.00945	0.01421	0.01198	0.01748	0.01118	0.11969	0.31459	0.00426	0.00793	0.00462	0.00298	0.41461
87	0.00634	0.00453	0.00604	0.00725	0.00755	0.00423	0.00483	0.00725	0.00997	0.01329	0.02870	0.81358	0.03444	0.01632	0.00665	0.00211	0.00302	0.01480	0.00483	0.00423
88	0.01289	0.01237	0.02114	0.03196	0.78450	0.01237	0.01598	0.01598	0.01186	0.01701	0.00980	0.01289	0.00825	0.00464	0.00516	0.00155	0.00619	0.00464	0.00258	0.00825
89	0.00901	0.00735	0.01220	0.01167	0.01354	0.00719	0.13978	0.01171	0.01198	0.01571	0.02465	0.07378	0.02627	0.01271	0.00699	0.00228	0.00543	0.59817	0.00442	0.00517
90	0.00631	0.00465	0.00592	0.00693	0.00747	0.00426	0.00469	0.00729	0.01028	0.01342	0.03261	0.68948	0.15602	0.01581	0.00657	0.00206	0.00296	0.01418	0.00483	0.00426
91	0.00721	0.00603	0.00637	0.00616	0.00798	0.00557	0.00466	0.01042	0.10938	0.01615	0.16606	0.04441	0.56692	0.01200	0.00604	0.00174	0.00280	0.01009	0.00504	0.00497
