[name]
unknown

[dist]
# distance from previous block
# <min> <max>
28	107

[block]
# block no. 0 follows, 40 sequences, length 55
# corresponding to MSA columns:
# 151-205
name=unknown_A
#
# <colnr> <probs for GDERKNQSTAVLIFYWHMCP>
#	G	D	E	R	K	N	Q	S	T	A	V	L	I	F	Y	W	H	M	C	P
0	0.13665	0.03543	0.11853	0.01377	0.08690	0.22477	0.01072	0.01693	0.01237	0.01688	0.01148	0.04772	0.01065	0.10296	0.00910	0.04271	0.01904	0.00503	0.00316	0.07518
1	0.25454	0.00797	0.00817	0.00841	0.03683	0.00832	0.00613	0.01370	0.03718	0.04630	0.02655	0.14169	0.18009	0.01220	0.05124	0.00232	0.00450	0.02037	0.12760	0.00588
2	0.04278	0.34023	0.30696	0.01299	0.01910	0.07895	0.01431	0.05417	0.01330	0.05401	0.01007	0.01129	0.00785	0.00549	0.00474	0.00156	0.00736	0.00385	0.00295	0.00803
3	0.01272	0.01272	0.01781	0.01527	0.01527	0.01781	0.01272	0.01399	0.00891	0.01399	0.00763	0.01272	0.00763	0.01018	0.01908	0.00254	0.78499	0.00509	0.00254	0.00636
4	0.01657	0.19506	0.27977	0.01363	0.01934	0.17612	0.01410	0.10332	0.01506	0.05844	0.01143	0.01251	0.01961	0.00586	0.00510	0.00159	0.00778	0.00420	0.00330	0.03721
5	0.01366	0.01328	0.02327	0.18273	0.55595	0.01371	0.07752	0.01732	0.01296	0.01815	0.01089	0.01472	0.00889	0.00528	0.00586	0.00179	0.00732	0.00532	0.00283	0.00855
6	0.01003	0.00796	0.00840	0.00781	0.00961	0.06941	0.00590	0.01237	0.01577	0.06117	0.50206	0.04214	0.20182	0.01176	0.00667	0.00183	0.00355	0.01008	0.00594	0.00571
7	0.00762	0.00581	0.00706	0.00737	0.00872	0.00525	0.00553	0.00952	0.01379	0.01807	0.26642	0.21879	0.29550	0.01478	0.00712	0.00209	0.00325	0.09249	0.00571	0.00510
8	0.60972	0.01297	0.01095	0.07336	0.01496	0.06810	0.00805	0.10586	0.01265	0.02560	0.00907	0.01058	0.00694	0.00567	0.00417	0.00178	0.00543	0.00362	0.00374	0.00678
9	0.14034	0.00697	0.00824	0.00872	0.01035	0.00707	0.00695	0.01181	0.01215	0.04417	0.05011	0.22064	0.12902	0.01656	0.07061	0.00287	0.00518	0.23781	0.00500	0.00544
10	0.01098	0.00650	0.00780	0.00728	0.00932	0.00576	0.00557	0.01302	0.01440	0.14722	0.22727	0.10487	0.30257	0.01229	0.00651	0.00189	0.00331	0.02659	0.08089	0.00596
11	0.01411	0.01353	0.02309	0.09784	0.69943	0.01374	0.01771	0.01760	0.01311	0.01865	0.01089	0.01449	0.00909	0.00523	0.00576	0.00174	0.00698	0.00518	0.00285	0.00898
12	0.01862	0.01501	0.01919	0.03615	0.27060	0.01620	0.01331	0.42062	0.08234	0.02918	0.01367	0.01478	0.01027	0.00642	0.00581	0.00176	0.00645	0.00533	0.00476	0.00953
13	0.00709	0.00506	0.00675	0.00810	0.00843	0.00472	0.00540	0.00810	0.01113	0.01484	0.03205	0.79184	0.03846	0.01822	0.00742	0.00236	0.00337	0.01653	0.00540	0.00472
14	0.01256	0.02125	0.40033	0.01733	0.05385	0.01278	0.14042	0.07730	0.01404	0.01980	0.01493	0.02344	0.01297	0.00757	0.00627	0.00201	0.00792	0.14386	0.00340	0.00797
15	0.01826	0.04498	0.01423	0.01112	0.01483	0.01297	0.00899	0.19508	0.26610	0.20578	0.12369	0.02194	0.01987	0.00795	0.00592	0.00183	0.00492	0.00649	0.00613	0.00894
16	0.01202	0.01158	0.01462	0.16925	0.19393	0.10275	0.01157	0.01556	0.07388	0.01659	0.01923	0.28140	0.01987	0.01029	0.00633	0.00200	0.00608	0.02228	0.00399	0.00676
17	0.17128	0.06716	0.16306	0.01189	0.04498	0.05155	0.01075	0.01476	0.01075	0.01721	0.01205	0.01621	0.01043	0.02237	0.34533	0.00510	0.01077	0.00486	0.00302	0.00649
18	0.00864	0.00676	0.00968	0.00956	0.01057	0.00786	0.00752	0.01058	0.00987	0.01391	0.01949	0.02816	0.07393	0.06269	0.56973	0.00760	0.07761	0.05719	0.00342	0.00522
19	0.00759	0.00586	0.00692	0.00678	0.00832	0.00519	0.00504	0.00968	0.01476	0.01957	0.41659	0.10079	0.34492	0.01351	0.00690	0.00192	0.00287	0.01166	0.00592	0.00519
20	0.01143	0.01170	0.05049	0.01283	0.08671	0.07296	0.04446	0.01721	0.18759	0.01922	0.13228	0.09483	0.21383	0.01039	0.00638	0.00191	0.00499	0.00895	0.00494	0.00690
21	0.11494	0.01542	0.01166	0.01101	0.01337	0.28405	0.00823	0.06823	0.07226	0.01835	0.02112	0.23816	0.07960	0.01035	0.00589	0.00187	0.00635	0.00836	0.00438	0.00638
22	0.01200	0.01909	0.31513	0.01528	0.04138	0.03959	0.07169	0.01769	0.09626	0.01829	0.06171	0.05301	0.05117	0.00826	0.00802	0.00202	0.12270	0.03558	0.00357	0.00755
23	0.01096	0.01448	0.16082	0.01307	0.01694	0.07279	0.16463	0.01439	0.01385	0.01827	0.20517	0.03061	0.15769	0.07085	0.00826	0.00216	0.00629	0.00813	0.00421	0.00644
24	0.01335	0.01162	0.01759	0.12013	0.24258	0.05639	0.08603	0.01638	0.01330	0.07189	0.08912	0.04693	0.03646	0.00979	0.06055	0.00234	0.02884	0.00653	0.06286	0.00733
25	0.01794	0.01838	0.14646	0.04505	0.13802	0.05670	0.04458	0.37970	0.03698	0.02731	0.01268	0.01424	0.00946	0.01876	0.00615	0.00183	0.00721	0.00513	0.00436	0.00907
26	0.01340	0.07295	0.01589	0.01642	0.20395	0.03919	0.03803	0.08423	0.06494	0.03837	0.01559	0.05002	0.01512	0.29089	0.01429	0.00314	0.00625	0.00673	0.00379	0.00681
27	0.01721	0.01932	0.01406	0.06790	0.01712	0.43761	0.01007	0.04389	0.06912	0.03524	0.04768	0.11253	0.04585	0.00858	0.00585	0.00175	0.00793	0.02762	0.00399	0.00667
28	0.01202	0.00971	0.01222	0.06603	0.02643	0.01040	0.03904	0.04462	0.28633	0.04362	0.22941	0.03205	0.08412	0.03166	0.00705	0.00205	0.00458	0.04584	0.00554	0.00726
29	0.00859	0.00587	0.00865	0.00873	0.00951	0.00647	0.00652	0.00965	0.00961	0.01358	0.06810	0.08369	0.01833	0.03439	0.49868	0.18305	0.01147	0.00709	0.00340	0.00461
30	0.01393	0.04805	0.04232	0.01566	0.07854	0.03919	0.10799	0.13430	0.06887	0.02033	0.06411	0.07200	0.03653	0.04190	0.00980	0.00217	0.16421	0.02866	0.00407	0.00736
31	0.00709	0.00506	0.00675	0.00810	0.00843	0.00472	0.00540	0.00810	0.01113	0.01484	0.03205	0.79184	0.03846	0.01822	0.00742	0.00236	0.00337	0.01653	0.00540	0.00472
32	0.01622	0.01358	0.01412	0.01222	0.01579	0.02935	0.00963	0.18078	0.58254	0.02675	0.02134	0.01985	0.01590	0.00766	0.00588	0.00192	0.00509	0.00624	0.00584	0.00930
33	0.04105	0.14492	0.36448	0.01445	0.06352	0.04539	0.01495	0.01790	0.01256	0.07096	0.01264	0.07723	0.01067	0.00650	0.00525	0.00168	0.00699	0.00516	0.00322	0.08048
34	0.01166	0.03008	0.76550	0.01657	0.02517	0.01351	0.02149	0.01842	0.01228	0.01842	0.01044	0.01228	0.00737	0.00552	0.00552	0.00184	0.00859	0.00430	0.00246	0.00859
35	0.80342	0.01119	0.00875	0.00776	0.01139	0.01286	0.00639	0.01756	0.01017	0.05636	0.00871	0.00987	0.00663	0.00547	0.00369	0.00180	0.00452	0.00326	0.00375	0.00645
36	0.01260	0.01771	0.25482	0.03097	0.20830	0.03909	0.07497	0.04287	0.02666	0.03135	0.01770	0.11789	0.06055	0.00808	0.00612	0.00191	0.00697	0.03004	0.00355	0.00784
37	0.08171	0.09312	0.19104	0.01910	0.17368	0.02667	0.13813	0.05203	0.01313	0.01905	0.01365	0.12663	0.01259	0.00722	0.00575	0.00184	0.00704	0.00653	0.00333	0.00776
38	0.00831	0.00623	0.00935	0.00935	0.01038	0.00727	0.00727	0.01038	0.00935	0.01350	0.01558	0.02285	0.01454	0.04361	0.77259	0.00935	0.01558	0.00623	0.00312	0.00519
39	0.01471	0.00749	0.00970	0.00900	0.01105	0.00694	0.00666	0.05894	0.01391	0.27588	0.03880	0.39052	0.03883	0.07833	0.00861	0.00239	0.00427	0.01131	0.00591	0.00674
40	0.01314	0.01202	0.05429	0.17796	0.33330	0.01179	0.01422	0.01714	0.05723	0.07135	0.04436	0.12245	0.01545	0.00777	0.00629	0.00190	0.02069	0.00702	0.00377	0.00786
41	0.01602	0.12376	0.28511	0.01647	0.05708	0.24229	0.06189	0.05569	0.01418	0.01727	0.00983	0.01180	0.00774	0.00587	0.00608	0.00170	0.05226	0.00428	0.00285	0.00782
42	0.78800	0.01223	0.00902	0.00809	0.01165	0.05842	0.00659	0.01746	0.01029	0.02538	0.00815	0.00951	0.00637	0.00543	0.00370	0.00178	0.00486	0.00318	0.00356	0.00632
43	0.02015	0.01516	0.01630	0.01298	0.01723	0.01685	0.01065	0.58041	0.15275	0.03355	0.01648	0.01784	0.01242	0.00758	0.00594	0.00183	0.00603	0.04047	0.00581	0.00955
44	0.01206	0.01034	0.01206	0.00861	0.01378	0.00775	0.00689	0.01464	0.01206	0.01895	0.01034	0.01206	0.00861	0.00431	0.00431	0.00086	0.00431	0.00345	0.00345	0.83118
45	0.01166	0.03008	0.76550	0.01657	0.02517	0.01351	0.02149	0.01842	0.01228	0.01842	0.01044	0.01228	0.00737	0.00552	0.00552	0.00184	0.00859	0.00430	0.00246	0.00859
46	0.00893	0.00661	0.00856	0.00836	0.00895	0.00743	0.00587	0.01067	0.04510	0.01299	0.01685	0.02952	0.01748	0.40052	0.33690	0.00683	0.05313	0.00725	0.00342	0.00465
47	0.01042	0.01001	0.01472	0.19559	0.02023	0.05795	0.12141	0.01321	0.01338	0.01737	0.18754	0.14381	0.11938	0.01024	0.00707	0.00198	0.03621	0.00917	0.00431	0.00601
48	0.00822	0.00614	0.00774	0.00834	0.00927	0.00604	0.00586	0.01145	0.09828	0.01802	0.20777	0.51962	0.04005	0.01547	0.00711	0.00219	0.00336	0.01391	0.00570	0.00543
49	0.00754	0.00562	0.00717	0.00765	0.00869	0.00525	0.00554	0.00926	0.01292	0.01727	0.22906	0.35190	0.18519	0.01786	0.07093	0.00273	0.00421	0.04071	0.00547	0.00503
50	0.01396	0.01489	0.09758	0.12319	0.35290	0.01338	0.16403	0.01856	0.04420	0.05519	0.01277	0.01687	0.01019	0.00582	0.00605	0.00186	0.00753	0.02936	0.00324	0.00843
51	0.01024	0.00802	0.01211	0.03881	0.05713	0.00846	0.06825	0.04007	0.03780	0.01531	0.04388	0.05002	0.07391	0.11653	0.23090	0.14848	0.02400	0.00716	0.00358	0.00536
52	0.00798	0.00589	0.00752	0.00764	0.00894	0.00543	0.00579	0.01024	0.01473	0.02005	0.44249	0.16721	0.15865	0.01386	0.00710	0.00204	0.00320	0.10005	0.00596	0.00526
53	0.01083	0.00868	0.01405	0.06897	0.10520	0.00839	0.11070	0.01330	0.01305	0.07212	0.11592	0.19607	0.14219	0.04061	0.03877	0.00244	0.00560	0.02213	0.00464	0.00632
54	0.01521	0.06142	0.31877	0.01603	0.02213	0.03535	0.15181	0.15468	0.01572	0.07471	0.01364	0.06952	0.01086	0.00670	0.00589	0.00184	0.00770	0.00587	0.00375	0.00840

[dist]
# distance from previous block
# <min> <max>
5	12

[block]
# block no. 1 follows, 40 sequences, length 34
# corresponding to MSA columns:
# 218-251
name=unknown_B
#
# <colnr> <probs for GDERKNQSTAVLIFYWHMCP>
#	G	D	E	R	K	N	Q	S	T	A	V	L	I	F	Y	W	H	M	C	P
0	0.01079	0.03618	0.10563	0.01206	0.05913	0.00853	0.04376	0.01399	0.04466	0.06303	0.06412	0.30823	0.06483	0.01190	0.00653	0.00201	0.00496	0.06577	0.00470	0.06920
1	0.01703	0.01206	0.01880	0.02314	0.37418	0.01182	0.04458	0.07475	0.03556	0.20495	0.06154	0.06537	0.01536	0.00709	0.00601	0.00181	0.00597	0.00648	0.00463	0.00887
2	0.01534	0.01320	0.01639	0.11803	0.19471	0.09461	0.01211	0.11760	0.04989	0.07784	0.04739	0.10393	0.01522	0.02985	0.00764	0.00200	0.06565	0.00674	0.00417	0.00769
3	0.07827	0.01173	0.05809	0.01235	0.07952	0.04428	0.00921	0.14874	0.02761	0.09556	0.08135	0.19526	0.10128	0.01048	0.00619	0.00194	0.00509	0.02074	0.00509	0.00720
4	0.11949	0.00965	0.01107	0.05662	0.01324	0.04239	0.03844	0.05910	0.04669	0.06318	0.01631	0.08054	0.01589	0.27326	0.06467	0.00356	0.00636	0.00691	0.00401	0.06860
5	0.42678	0.03224	0.01045	0.00969	0.05689	0.01148	0.00710	0.08617	0.01310	0.02400	0.12566	0.02161	0.08950	0.05583	0.00636	0.00203	0.00454	0.00580	0.00433	0.00644
6	0.01541	0.01590	0.14261	0.02104	0.29640	0.01296	0.01425	0.16173	0.01589	0.06271	0.01410	0.01568	0.04179	0.00598	0.00555	0.00163	0.00639	0.00511	0.00383	0.14104
7	0.01512	0.06592	0.14850	0.02899	0.18696	0.16120	0.01307	0.05568	0.03508	0.06365	0.02027	0.02104	0.14519	0.00743	0.00571	0.00173	0.00694	0.00599	0.00376	0.00776
8	0.37449	0.01010	0.01052	0.00907	0.01217	0.01088	0.00723	0.01961	0.05195	0.24080	0.01592	0.07512	0.01300	0.06908	0.00766	0.00220	0.05251	0.00568	0.00485	0.00718
9	0.01448	0.35360	0.22715	0.01855	0.21046	0.01784	0.01516	0.04926	0.01299	0.01734	0.00972	0.01164	0.00799	0.00526	0.00483	0.00155	0.00705	0.00406	0.00273	0.00833
10	0.00778	0.00658	0.00752	0.00716	0.00879	0.00633	0.00550	0.00953	0.01358	0.01734	0.21914	0.04870	0.51617	0.01360	0.00808	0.00199	0.08052	0.01114	0.00535	0.00519
11	0.64454	0.01093	0.00972	0.00829	0.01210	0.01198	0.00683	0.01976	0.01150	0.20087	0.01162	0.01190	0.00822	0.00582	0.00413	0.00180	0.00461	0.00379	0.00445	0.00715
12	0.00727	0.00522	0.00693	0.00811	0.00860	0.00487	0.00556	0.00850	0.01168	0.01563	0.08897	0.68892	0.05219	0.01757	0.00740	0.00233	0.00340	0.04657	0.00547	0.00481
13	0.05604	0.01864	0.01782	0.01801	0.16922	0.24240	0.01215	0.30742	0.01986	0.06534	0.01209	0.01313	0.00912	0.00626	0.00554	0.00167	0.00757	0.00472	0.00435	0.00865
14	0.01419	0.01481	0.01823	0.02260	0.34661	0.15886	0.05716	0.01806	0.07677	0.01793	0.03338	0.02304	0.15827	0.00755	0.00598	0.00177	0.00673	0.00662	0.00372	0.00774
15	0.02149	0.01427	0.01265	0.01067	0.01404	0.23668	0.00838	0.02361	0.01563	0.37875	0.01790	0.01741	0.01244	0.00675	0.00528	0.00161	0.00612	0.00513	0.18320	0.00798
16	0.00781	0.00558	0.00756	0.00879	0.00948	0.00533	0.00654	0.00940	0.01210	0.01609	0.07606	0.53899	0.03804	0.01722	0.00756	0.00242	0.00390	0.21673	0.00545	0.00495
17	0.01362	0.01339	0.02345	0.15571	0.49557	0.01408	0.10478	0.01716	0.01270	0.01789	0.01069	0.01461	0.00880	0.00563	0.00691	0.00185	0.06659	0.00538	0.00281	0.00837
18	0.02719	0.05097	0.07873	0.02755	0.10402	0.21863	0.06676	0.04959	0.01457	0.09129	0.01649	0.14120	0.01551	0.00861	0.00602	0.00186	0.00729	0.06238	0.00402	0.00731
19	0.20858	0.01345	0.01952	0.09639	0.32435	0.01431	0.08370	0.13343	0.01461	0.02307	0.01078	0.01339	0.00846	0.00556	0.00537	0.00179	0.00662	0.00487	0.00350	0.00824
20	0.00975	0.00703	0.00992	0.01150	0.08462	0.00730	0.00758	0.01164	0.06797	0.01480	0.02072	0.21940	0.02216	0.07796	0.09332	0.19969	0.01880	0.10669	0.00407	0.00507
21	0.00737	0.00557	0.00646	0.00689	0.00813	0.00495	0.00492	0.00893	0.01289	0.01685	0.15092	0.32398	0.34654	0.01516	0.00692	0.00206	0.00306	0.01321	0.05023	0.00495
22	0.01427	0.01610	0.15413	0.14008	0.24643	0.01340	0.16711	0.01956	0.06918	0.08318	0.01294	0.01548	0.00968	0.00566	0.00598	0.00185	0.00759	0.00554	0.00338	0.00845
23	0.00734	0.00545	0.00676	0.00752	0.00837	0.00499	0.00525	0.00867	0.01218	0.01592	0.11939	0.46543	0.20455	0.05883	0.00846	0.00240	0.00341	0.04484	0.00541	0.00481
24	0.06851	0.33320	0.11366	0.06418	0.01856	0.21834	0.01189	0.04096	0.05168	0.01651	0.00975	0.01120	0.00801	0.00561	0.00466	0.00152	0.00756	0.00381	0.00297	0.00743
25	0.01603	0.11022	0.02318	0.02904	0.56176	0.01461	0.01566	0.05004	0.01401	0.09300	0.01191	0.01429	0.00954	0.00543	0.00552	0.00168	0.00661	0.00499	0.00339	0.00909
26	0.14873	0.08175	0.07445	0.01292	0.06158	0.03703	0.04955	0.11299	0.07262	0.15474	0.12011	0.01856	0.01656	0.00699	0.00545	0.00176	0.00568	0.00565	0.00482	0.00807
27	0.01397	0.17334	0.09192	0.01531	0.11575	0.07197	0.04905	0.06302	0.14322	0.01919	0.06163	0.12442	0.01697	0.00804	0.00568	0.00177	0.00617	0.00682	0.00405	0.00772
28	0.11358	0.01346	0.01981	0.08374	0.39185	0.07036	0.08579	0.01699	0.01307	0.01915	0.05750	0.06352	0.01318	0.00651	0.00574	0.00180	0.00677	0.00602	0.00333	0.00782
29	0.01140	0.00893	0.01177	0.13000	0.08167	0.02142	0.00909	0.12930	0.01449	0.01980	0.06660	0.34212	0.02467	0.01224	0.01959	0.00213	0.00508	0.01028	0.07304	0.00637
30	0.01031	0.00766	0.00895	0.00864	0.01033	0.00761	0.00639	0.15805	0.01576	0.02093	0.15917	0.36854	0.16670	0.01419	0.00690	0.00207	0.00380	0.01240	0.00566	0.00594
31	0.06401	0.01304	0.07296	0.01496	0.11681	0.05802	0.04990	0.11586	0.05526	0.02038	0.01874	0.19478	0.04202	0.02058	0.02884	0.00220	0.04792	0.00800	0.04860	0.00713
32	0.16581	0.00908	0.01029	0.00869	0.01172	0.00891	0.03810	0.07821	0.01395	0.08830	0.07068	0.07397	0.18797	0.00913	0.00567	0.00173	0.01463	0.00745	0.09649	0.09920
33	0.01661	0.01748	0.06410	0.02996	0.11394	0.20409	0.08301	0.10435	0.01557	0.05821	0.06778	0.01547	0.01221	0.00663	0.00700	0.00171	0.08480	0.00520	0.00375	0.08813

[dist]
# distance from previous block
# <min> <max>
11	83

[block]
# block no. 2 follows, 40 sequences, length 15
# corresponding to MSA columns:
# 339-353
name=unknown_C
#
# <colnr> <probs for GDERKNQSTAVLIFYWHMCP>
#	G	D	E	R	K	N	Q	S	T	A	V	L	I	F	Y	W	H	M	C	P
0	0.51533	0.01576	0.17194	0.01170	0.01623	0.01372	0.07412	0.01723	0.01065	0.02272	0.00887	0.01089	0.00687	0.00581	0.00570	0.00189	0.07655	0.00389	0.00320	0.00693
1	0.01395	0.19188	0.01915	0.01387	0.05935	0.12962	0.06575	0.05085	0.01267	0.01574	0.01422	0.16435	0.01468	0.04858	0.02876	0.00225	0.13726	0.00700	0.00343	0.00664
2	0.06599	0.35351	0.12046	0.01435	0.11391	0.05678	0.01196	0.05772	0.06694	0.01835	0.01099	0.01242	0.00898	0.00559	0.00460	0.00152	0.00640	0.00409	0.05756	0.00786
3	0.01306	0.02630	0.58431	0.01782	0.09927	0.05031	0.01933	0.01877	0.01278	0.05861	0.01187	0.04062	0.00905	0.00606	0.00562	0.00183	0.00813	0.00488	0.00289	0.00850
4	0.08386	0.09151	0.21924	0.04791	0.06941	0.10049	0.05030	0.01886	0.04014	0.08338	0.04593	0.01644	0.04618	0.00653	0.00582	0.00175	0.03167	0.00512	0.00356	0.03189
5	0.01577	0.01319	0.03686	0.01312	0.05174	0.08466	0.04106	0.18726	0.13010	0.09097	0.04538	0.18888	0.03329	0.00987	0.00629	0.00194	0.00574	0.03084	0.00522	0.00781
6	0.00779	0.03794	0.00802	0.00839	0.00902	0.00577	0.00596	0.00898	0.01128	0.01491	0.03013	0.62799	0.03559	0.06171	0.00861	0.00254	0.00386	0.10148	0.00517	0.00484
7	0.00806	0.00581	0.00733	0.00774	0.00860	0.00566	0.00559	0.00933	0.01132	0.01493	0.09399	0.18960	0.15638	0.20762	0.10981	0.02938	0.00567	0.11393	0.00465	0.00462
8	0.08972	0.08602	0.08583	0.01730	0.20275	0.03183	0.01203	0.16215	0.03931	0.05021	0.09907	0.06822	0.01637	0.00739	0.00560	0.00176	0.00591	0.00614	0.00429	0.00811
9	0.09791	0.04349	0.15717	0.06743	0.06801	0.02884	0.07051	0.01655	0.01238	0.08206	0.05599	0.05344	0.05036	0.00866	0.01919	0.00209	0.11506	0.03995	0.00372	0.00719
10	0.00877	0.00744	0.00795	0.00860	0.00954	0.07456	0.00614	0.01031	0.01296	0.01672	0.17931	0.48333	0.07806	0.01549	0.00712	0.00217	0.00399	0.05704	0.00538	0.00511
11	0.01627	0.01761	0.10706	0.04687	0.34443	0.12531	0.04656	0.11845	0.02878	0.04778	0.01240	0.03971	0.01009	0.00615	0.00577	0.00175	0.00748	0.00537	0.00354	0.00861
12	0.13830	0.09562	0.13732	0.03646	0.13163	0.18934	0.05452	0.02054	0.06716	0.06039	0.01135	0.01287	0.00877	0.00575	0.00517	0.00170	0.00749	0.00444	0.00337	0.00783
13	0.02973	0.00749	0.02669	0.01005	0.05987	0.00711	0.00710	0.01086	0.03553	0.01662	0.08929	0.25933	0.25758	0.01666	0.07683	0.00277	0.04326	0.03282	0.00486	0.00556
14	0.07362	0.01148	0.06629	0.01233	0.08894	0.06888	0.00896	0.01496	0.05207	0.06806	0.03603	0.12140	0.13394	0.10742	0.06533	0.00293	0.04870	0.00806	0.00422	0.00636

[dist]
# distance from previous block
# <min> <max>
3	25

[block]
# block no. 3 follows, 40 sequences, length 46
# corresponding to MSA columns:
# 379-424
name=unknown_D
#
# <colnr> <probs for GDERKNQSTAVLIFYWHMCP>
#	G	D	E	R	K	N	Q	S	T	A	V	L	I	F	Y	W	H	M	C	P
0	0.05266	0.08210	0.06559	0.11427	0.17630	0.18907	0.05482	0.06522	0.04090	0.01848	0.01329	0.01541	0.04416	0.00617	0.00543	0.00169	0.00748	0.00503	0.03434	0.00760
1	0.01055	0.01183	0.17156	0.00998	0.01312	0.00802	0.00938	0.01386	0.04781	0.09271	0.05951	0.25892	0.21653	0.01242	0.00704	0.00206	0.03279	0.01057	0.00491	0.00643
2	0.00731	0.00640	0.03385	0.00750	0.00884	0.00523	0.00564	0.00874	0.01203	0.01528	0.04186	0.39563	0.33696	0.05016	0.00812	0.00233	0.00356	0.04046	0.00521	0.00491
3	0.06787	0.06601	0.02272	0.03412	0.07947	0.12569	0.26850	0.05250	0.03512	0.11797	0.01403	0.06482	0.01135	0.00648	0.00594	0.00181	0.00771	0.00617	0.00389	0.00784
4	0.01481	0.41569	0.30733	0.01306	0.01917	0.10879	0.01447	0.01849	0.01255	0.01554	0.00908	0.01058	0.00743	0.00530	0.00459	0.00150	0.00763	0.00364	0.00254	0.00781
5	0.00709	0.00506	0.00675	0.00810	0.00843	0.00472	0.00540	0.00810	0.01113	0.01484	0.03205	0.79184	0.03846	0.01822	0.00742	0.00236	0.00337	0.01653	0.00540	0.00472
6	0.01426	0.01369	0.02337	0.06379	0.73226	0.01378	0.01778	0.01773	0.01318	0.01884	0.01092	0.01443	0.00916	0.00521	0.00576	0.00174	0.00694	0.00518	0.00287	0.00911
7	0.01407	0.01348	0.02301	0.10734	0.69027	0.01373	0.01768	0.01756	0.01309	0.01860	0.01088	0.01450	0.00907	0.00524	0.00576	0.00175	0.00699	0.00518	0.00285	0.00895
8	0.01098	0.01034	0.01744	0.78165	0.04005	0.01292	0.01615	0.01486	0.01163	0.01486	0.01034	0.01550	0.00775	0.00581	0.00581	0.00194	0.00775	0.00517	0.00258	0.00646
9	0.01439	0.01382	0.02360	0.03569	0.75936	0.01382	0.01785	0.01785	0.01324	0.01900	0.01094	0.01439	0.00921	0.00518	0.00576	0.00173	0.00691	0.00518	0.00288	0.00921
10	0.00709	0.00506	0.00675	0.00810	0.00843	0.00472	0.00540	0.00810	0.01113	0.01484	0.03205	0.79184	0.03846	0.01822	0.00742	0.00236	0.00337	0.01653	0.00540	0.00472
11	0.00810	0.00612	0.00748	0.00756	0.00895	0.00570	0.00570	0.01064	0.03850	0.01917	0.34970	0.13734	0.22526	0.04909	0.00806	0.00220	0.00337	0.09602	0.00576	0.00527
12	0.01307	0.09744	0.47136	0.01435	0.02093	0.06304	0.01657	0.05070	0.09243	0.01912	0.03528	0.01627	0.05160	0.00651	0.00551	0.00178	0.00749	0.00505	0.00329	0.00820
13	0.01356	0.01046	0.01242	0.01053	0.01346	0.01089	0.04304	0.23376	0.12251	0.03866	0.16702	0.09942	0.16565	0.01060	0.00647	0.00192	0.00464	0.02192	0.00570	0.00736
14	0.01407	0.01408	0.02374	0.09463	0.50634	0.03676	0.11338	0.01748	0.01284	0.01797	0.01062	0.01438	0.00883	0.00571	0.00720	0.00185	0.08349	0.00535	0.00283	0.00844
15	0.01349	0.01236	0.01975	0.06284	0.52689	0.01256	0.01488	0.04971	0.05179	0.02038	0.11705	0.02014	0.03927	0.00666	0.00596	0.00177	0.00610	0.00622	0.00372	0.00846
16	0.01272	0.01276	0.06081	0.01361	0.10842	0.12827	0.00974	0.01674	0.09223	0.05248	0.19399	0.10432	0.07575	0.02450	0.00680	0.00198	0.00551	0.06773	0.00484	0.00679
17	0.01637	0.01302	0.01630	0.01720	0.18928	0.01392	0.01133	0.32300	0.11396	0.02788	0.15200	0.02210	0.01977	0.00786	0.00608	0.00181	0.00558	0.02860	0.00524	0.00869
18	0.00959	0.00695	0.00918	0.00893	0.01012	0.00778	0.00671	0.05818	0.04292	0.01569	0.01731	0.06379	0.01667	0.15511	0.48512	0.00709	0.01151	0.00701	0.05494	0.00540
19	0.01114	0.00802	0.00950	0.00889	0.01044	0.00849	0.00658	0.16734	0.01389	0.01881	0.02289	0.15776	0.08082	0.21106	0.17735	0.00448	0.00722	0.03409	0.03551	0.00571
20	0.01156	0.01038	0.02330	0.01337	0.07959	0.09045	0.04506	0.01372	0.01229	0.05013	0.05506	0.20169	0.02228	0.01907	0.18127	0.00377	0.05754	0.09919	0.00418	0.00611
21	0.00760	0.00575	0.00691	0.00695	0.00826	0.00517	0.00503	0.00949	0.01408	0.01876	0.36516	0.18230	0.27704	0.05133	0.00805	0.00215	0.00306	0.01207	0.00576	0.00507
22	0.01263	0.01234	0.06406	0.18272	0.05359	0.07353	0.11044	0.01576	0.01389	0.08954	0.11539	0.02803	0.18646	0.00859	0.00627	0.00187	0.00628	0.00759	0.00424	0.00679
23	0.01346	0.01281	0.02157	0.21311	0.55097	0.01331	0.01691	0.01698	0.01280	0.01800	0.01076	0.01455	0.00883	0.00529	0.00570	0.00174	0.00698	0.00509	0.00284	0.04829
24	0.33135	0.01189	0.01139	0.01016	0.01362	0.01365	0.00806	0.02547	0.43092	0.05894	0.01764	0.01690	0.01319	0.00690	0.00502	0.00190	0.00458	0.00522	0.00508	0.00812
25	0.01738	0.11621	0.09507	0.01519	0.08920	0.07444	0.04892	0.25029	0.04351	0.05801	0.03161	0.01413	0.01051	0.00607	0.00538	0.00159	0.00667	0.00483	0.00420	0.10680
26	0.01581	0.06086	0.09886	0.07111	0.22327	0.23749	0.01391	0.01861	0.01369	0.04442	0.02350	0.02977	0.04657	0.00678	0.00666	0.00175	0.07096	0.00520	0.00318	0.00758
27	0.00836	0.00574	0.00677	0.00677	0.00703	0.00585	0.00413	0.00874	0.00882	0.01183	0.01987	0.03662	0.05572	0.64429	0.14072	0.00602	0.00701	0.00830	0.00355	0.00384
28	0.01588	0.01519	0.04586	0.08692	0.30810	0.05143	0.07420	0.16577	0.13551	0.02280	0.01352	0.01543	0.01043	0.00606	0.00586	0.00180	0.00697	0.00546	0.00394	0.00886
29	0.01308	0.01074	0.01495	0.03449	0.26102	0.01115	0.01097	0.12527	0.09662	0.02213	0.11562	0.16575	0.02212	0.00921	0.00613	0.00187	0.00511	0.00820	0.05788	0.00767
30	0.01399	0.18058	0.20344	0.05465	0.14369	0.01580	0.09529	0.09456	0.01397	0.01893	0.01354	0.01558	0.05661	0.00630	0.00620	0.00175	0.04874	0.00518	0.00315	0.00806
31	0.00766	0.00604	0.00687	0.00710	0.00854	0.00551	0.00517	0.00990	0.04810	0.01690	0.15326	0.22201	0.38590	0.05467	0.00815	0.00225	0.00332	0.03807	0.00548	0.00510
32	0.05077	0.01192	0.01941	0.10948	0.42715	0.01220	0.04776	0.01742	0.03656	0.05718	0.07075	0.02167	0.01511	0.00692	0.00601	0.00187	0.00639	0.06961	0.00369	0.00812
33	0.01414	0.01307	0.02093	0.02707	0.48909	0.01263	0.06121	0.06354	0.01374	0.01976	0.01141	0.01507	0.00966	0.04078	0.00663	0.00176	0.00651	0.00511	0.00321	0.16467
34	0.01275	0.01459	0.07449	0.05590	0.02579	0.01254	0.46011	0.01711	0.01328	0.01857	0.03447	0.01830	0.01133	0.00568	0.00631	0.00178	0.00815	0.04454	0.00322	0.16108
35	0.00714	0.00577	0.00627	0.00640	0.00797	0.00498	0.00465	0.00864	0.01313	0.01632	0.13869	0.16009	0.53492	0.04897	0.00794	0.00217	0.00310	0.01251	0.00544	0.00489
36	0.01663	0.01201	0.01321	0.01156	0.01507	0.01336	0.00908	0.03042	0.61238	0.16208	0.02353	0.02134	0.01713	0.00776	0.00590	0.00194	0.00467	0.00644	0.00616	0.00933
37	0.01555	0.79913	0.03047	0.00995	0.01493	0.02301	0.00995	0.01741	0.01182	0.01368	0.00808	0.00933	0.00746	0.00498	0.00373	0.00124	0.00622	0.00311	0.00249	0.00746
38	0.00713	0.00526	0.00669	0.00780	0.00845	0.00482	0.00536	0.00828	0.01158	0.01508	0.03675	0.63733	0.16510	0.01753	0.00735	0.00230	0.00337	0.03965	0.00540	0.00478
39	0.01626	0.05627	0.01483	0.01249	0.01580	0.19631	0.00973	0.02837	0.53592	0.02137	0.01936	0.01838	0.01477	0.00729	0.00564	0.00182	0.00609	0.00572	0.00504	0.00853
40	0.01520	0.00977	0.01619	0.01318	0.01641	0.00962	0.16358	0.04924	0.01356	0.22782	0.01841	0.02466	0.01511	0.02053	0.27750	0.00459	0.00985	0.08288	0.00459	0.00731
41	0.01190	0.16470	0.28912	0.01520	0.08994	0.01301	0.05369	0.02606	0.01234	0.02783	0.01618	0.22235	0.01616	0.00882	0.00580	0.00186	0.00656	0.00763	0.00344	0.00740
42	0.00859	0.00562	0.00743	0.00843	0.00925	0.00528	0.00611	0.01003	0.01190	0.05380	0.03172	0.57398	0.06040	0.01666	0.00727	0.00232	0.00373	0.12911	0.04325	0.00513
43	0.00708	0.00544	0.00650	0.00731	0.00833	0.00486	0.00514	0.00833	0.01205	0.01527	0.04265	0.47575	0.32287	0.01676	0.00723	0.00221	0.00327	0.03872	0.00540	0.00482
44	0.01389	0.01391	0.13130	0.04085	0.26124	0.01105	0.09508	0.01740	0.01342	0.12615	0.02003	0.09209	0.08054	0.00817	0.00624	0.00192	0.00646	0.04825	0.00404	0.00798
45	0.09298	0.07224	0.06547	0.01459	0.05337	0.36049	0.01156	0.18892	0.05074	0.02143	0.01086	0.01194	0.00848	0.00612	0.00521	0.00162	0.00816	0.00423	0.00377	0.00783

[dist]
# distance from previous block
# <min> <max>
5	15

[block]
# block no. 4 follows, 40 sequences, length 82
# corresponding to MSA columns:
# 441-522
name=unknown_E
#
# <colnr> <probs for GDERKNQSTAVLIFYWHMCP>
#	G	D	E	R	K	N	Q	S	T	A	V	L	I	F	Y	W	H	M	C	P
0	0.01476	0.01153	0.03413	0.01211	0.01505	0.05552	0.07021	0.17383	0.01509	0.10929	0.01581	0.04423	0.01321	0.02391	0.35760	0.00526	0.01092	0.00616	0.00423	0.00717
1	0.02992	0.36630	0.35125	0.01353	0.01991	0.08155	0.02967	0.01836	0.01241	0.01614	0.00927	0.01085	0.00743	0.00531	0.00471	0.00155	0.00766	0.00376	0.00255	0.00788
2	0.00757	0.00580	0.00642	0.00657	0.00778	0.00524	0.00460	0.00876	0.01199	0.01507	0.09623	0.11239	0.39938	0.23218	0.01331	0.00305	0.00385	0.05029	0.00495	0.00458
3	0.01439	0.01382	0.02360	0.03569	0.75936	0.01382	0.01785	0.01785	0.01324	0.01900	0.01094	0.01439	0.00921	0.00518	0.00576	0.00173	0.00691	0.00518	0.00288	0.00921
4	0.01316	0.01418	0.09903	0.02277	0.38125	0.01135	0.01385	0.01662	0.01266	0.01892	0.01064	0.01323	0.00877	0.00487	0.00515	0.00139	0.00605	0.00439	0.00306	0.33865
5	0.00831	0.00623	0.00935	0.00935	0.01038	0.00727	0.00727	0.01038	0.00935	0.01350	0.01558	0.02285	0.01454	0.04361	0.77259	0.00935	0.01558	0.00623	0.00312	0.00519
6	0.02172	0.02772	0.01648	0.01498	0.01798	0.77228	0.01124	0.02322	0.01648	0.01423	0.00899	0.01049	0.00749	0.00599	0.00524	0.00150	0.01049	0.00375	0.00300	0.00674
7	0.00897	0.00609	0.00698	0.00682	0.00708	0.00623	0.00408	0.03691	0.00925	0.01241	0.01796	0.03606	0.02024	0.71252	0.08063	0.00575	0.00636	0.00818	0.00358	0.00389
8	0.00961	0.00763	0.00751	0.00738	0.00773	0.07314	0.00454	0.00993	0.00924	0.01174	0.01725	0.03424	0.01934	0.65750	0.09539	0.00561	0.00697	0.00784	0.00344	0.00396
9	0.02332	0.01434	0.01625	0.01245	0.01706	0.01514	0.01029	0.52289	0.02408	0.25833	0.01670	0.01574	0.01126	0.00705	0.00583	0.00176	0.00596	0.00542	0.00624	0.00989
10	0.02017	0.01463	0.01719	0.01604	0.13299	0.01579	0.01139	0.52650	0.02327	0.07283	0.01441	0.01500	0.01045	0.00669	0.00566	0.00171	0.00609	0.00528	0.07450	0.00941
11	0.83671	0.01125	0.00855	0.00765	0.01125	0.01305	0.00630	0.01709	0.00990	0.02609	0.00810	0.00945	0.00630	0.00540	0.00360	0.00180	0.00450	0.00315	0.00360	0.00630
12	0.01440	0.01376	0.02313	0.03461	0.72564	0.01385	0.01746	0.01844	0.04657	0.01924	0.01152	0.01472	0.00960	0.00530	0.00576	0.00174	0.00680	0.00524	0.00302	0.00921
13	0.01287	0.01226	0.02085	0.36867	0.43827	0.01342	0.01709	0.01651	0.01252	0.01715	0.01067	0.01489	0.00856	0.00546	0.00578	0.00182	0.00728	0.00518	0.00275	0.00798
14	0.00882	0.00646	0.00832	0.00830	0.01005	0.00582	0.03193	0.01069	0.01328	0.05823	0.09337	0.20210	0.35151	0.01473	0.00715	0.00217	0.00385	0.15238	0.00547	0.00538
15	0.01530	0.01671	0.01404	0.14140	0.01898	0.31670	0.01024	0.06112	0.01458	0.01646	0.01714	0.11424	0.08101	0.00832	0.00618	0.00170	0.03495	0.00649	0.00366	0.10077
16	0.01362	0.01280	0.01870	0.31335	0.31369	0.07977	0.01524	0.01693	0.01317	0.04498	0.03881	0.01928	0.01201	0.00657	0.00593	0.00186	0.00722	0.05526	0.00324	0.00757
17	0.78072	0.01159	0.00916	0.00804	0.01171	0.01339	0.00662	0.06677	0.01110	0.02682	0.00850	0.00976	0.00654	0.00551	0.00375	0.00180	0.00463	0.00329	0.00375	0.00654
18	0.08075	0.11829	0.01850	0.01361	0.01722	0.34182	0.06117	0.05815	0.03265	0.13320	0.01168	0.01267	0.00894	0.00631	0.00613	0.00166	0.06148	0.00440	0.00381	0.00756
19	0.00758	0.00606	0.00682	0.00684	0.00848	0.00531	0.00498	0.00947	0.02792	0.01697	0.16510	0.20140	0.42006	0.04006	0.00760	0.00209	0.00318	0.01221	0.00543	0.04244
20	0.01272	0.01272	0.01781	0.01527	0.01527	0.01781	0.01272	0.01399	0.00891	0.01399	0.00763	0.01272	0.00763	0.01018	0.01908	0.00254	0.78499	0.00509	0.00254	0.00636
21	0.01015	0.00831	0.01002	0.00839	0.01171	0.00659	0.00631	0.01217	0.01183	0.01755	0.03597	0.29742	0.02061	0.00956	0.00550	0.00143	0.00393	0.00839	0.00423	0.50993
22	0.00707	0.00512	0.00669	0.00794	0.00839	0.00474	0.00533	0.00811	0.01128	0.01491	0.03393	0.74038	0.08870	0.01797	0.00738	0.00233	0.00334	0.01623	0.00540	0.00474
23	0.01243	0.01021	0.01122	0.01044	0.01314	0.01117	0.00830	0.07213	0.39984	0.02251	0.08169	0.03581	0.14635	0.01063	0.00649	0.00206	0.00445	0.12774	0.00576	0.00762
24	0.01245	0.01199	0.02038	0.28149	0.29857	0.01341	0.07637	0.01575	0.01210	0.01669	0.01211	0.05187	0.01075	0.00701	0.00772	0.00199	0.10543	0.03350	0.00295	0.00746
25	0.01423	0.01255	0.02051	0.01570	0.01975	0.01268	0.29183	0.12003	0.16202	0.04479	0.14540	0.02203	0.01938	0.00720	0.00630	0.00186	0.00643	0.00709	0.06234	0.00788
26	0.01000	0.00774	0.01135	0.01134	0.01316	0.00764	0.06983	0.05447	0.01392	0.01817	0.03034	0.15462	0.08127	0.01479	0.00764	0.00247	0.00536	0.47498	0.00519	0.00571
27	0.01162	0.03817	0.07132	0.42201	0.15582	0.01293	0.06342	0.01529	0.01190	0.01595	0.01208	0.06845	0.01040	0.00799	0.03504	0.00220	0.02956	0.00597	0.00286	0.00703
28	0.01292	0.01601	0.18648	0.04526	0.13613	0.01265	0.13544	0.01951	0.16340	0.04370	0.01739	0.02043	0.05610	0.07829	0.00851	0.00224	0.02757	0.00629	0.00375	0.00792
29	0.00846	0.00564	0.00634	0.00634	0.00634	0.00564	0.00352	0.00846	0.00846	0.01128	0.01832	0.03805	0.02114	0.79563	0.02960	0.00564	0.00564	0.00846	0.00352	0.00352
30	0.01431	0.01336	0.02206	0.16924	0.57724	0.01395	0.01706	0.06780	0.01393	0.01948	0.01104	0.01456	0.00899	0.00542	0.00577	0.00177	0.00703	0.00518	0.00303	0.00876
31	0.01267	0.20496	0.17248	0.20567	0.02382	0.04247	0.05421	0.01614	0.01155	0.01525	0.01008	0.01364	0.00834	0.00989	0.08563	0.00257	0.09630	0.00464	0.00262	0.00708
32	0.00716	0.00590	0.00629	0.00619	0.00803	0.00503	0.00465	0.00890	0.01394	0.01732	0.20695	0.05331	0.60794	0.01412	0.00687	0.00194	0.00290	0.01190	0.00561	0.00503
33	0.00774	0.00534	0.00655	0.00726	0.00744	0.00516	0.00450	0.00827	0.00986	0.01314	0.02551	0.43264	0.03021	0.38867	0.01799	0.00392	0.00445	0.01268	0.00450	0.00415
34	0.01097	0.00877	0.00973	0.00911	0.01126	0.00927	0.00690	0.08000	0.24005	0.02040	0.10075	0.11426	0.20259	0.07573	0.05074	0.00270	0.00477	0.02997	0.00541	0.00662
35	0.01932	0.01378	0.01677	0.01301	0.01693	0.01499	0.07376	0.45498	0.02165	0.09226	0.01486	0.01571	0.01079	0.00700	0.00655	0.00176	0.05952	0.00545	0.13213	0.00878
36	0.00848	0.00606	0.00835	0.00969	0.01064	0.00593	0.00783	0.01051	0.01251	0.01641	0.03128	0.34791	0.03541	0.01690	0.00780	0.00255	0.00458	0.44667	0.00537	0.00511
37	0.83671	0.01125	0.00855	0.00765	0.01125	0.01305	0.00630	0.01709	0.00990	0.02609	0.00810	0.00945	0.00630	0.00540	0.00360	0.00180	0.00450	0.00315	0.00360	0.00630
38	0.00846	0.00564	0.00634	0.00634	0.00634	0.00564	0.00352	0.00846	0.00846	0.01128	0.01832	0.03805	0.02114	0.79563	0.02960	0.00564	0.00564	0.00846	0.00352	0.00352
39	0.01183	0.02889	0.70494	0.01723	0.02560	0.01360	0.08085	0.01843	0.01240	0.01843	0.01055	0.01256	0.00749	0.00547	0.00564	0.00185	0.00869	0.00451	0.00250	0.00853
40	0.01166	0.03008	0.76550	0.01657	0.02517	0.01351	0.02149	0.01842	0.01228	0.01842	0.01044	0.01228	0.00737	0.00552	0.00552	0.00184	0.00859	0.00430	0.00246	0.00859
41	0.00880	0.00628	0.00871	0.01005	0.01114	0.00620	0.00837	0.01106	0.01282	0.01676	0.03111	0.24791	0.03472	0.01661	0.00788	0.00260	0.00486	0.54356	0.00537	0.00520
42	0.01436	0.35085	0.14999	0.01114	0.01661	0.08544	0.01110	0.01726	0.01240	0.01618	0.00927	0.01079	0.00781	0.00496	0.00436	0.00125	0.00643	0.00348	0.00283	0.26349
43	0.01430	0.01234	0.01307	0.01161	0.01503	0.01399	0.00904	0.02976	0.69733	0.02395	0.02274	0.02102	0.01711	0.00764	0.00580	0.00189	0.00458	0.00636	0.00574	0.06668
44	0.01874	0.04689	0.01953	0.01548	0.01862	0.28703	0.10172	0.16118	0.01636	0.06022	0.01073	0.01280	0.00854	0.00705	0.00874	0.00185	0.18843	0.00483	0.00365	0.00761
45	0.01617	0.01845	0.02005	0.20921	0.07406	0.32466	0.16045	0.01917	0.01419	0.01612	0.01072	0.01384	0.00846	0.00573	0.00567	0.00171	0.00888	0.00495	0.06055	0.00697
46	0.00860	0.00600	0.00882	0.00882	0.00960	0.00678	0.00661	0.00978	0.00899	0.01278	0.01495	0.02331	0.01440	0.10313	0.59275	0.13766	0.01309	0.00623	0.00306	0.00463
47	0.00803	0.00583	0.00757	0.00736	0.00862	0.00537	0.00543	0.01050	0.01566	0.02194	0.63662	0.13842	0.08123	0.01280	0.00693	0.00190	0.00283	0.01135	0.00623	0.00537
48	0.01186	0.02885	0.71289	0.01624	0.02447	0.01357	0.02063	0.01929	0.06378	0.01883	0.01136	0.01294	0.00809	0.00569	0.00555	0.00185	0.00832	0.00446	0.00270	0.00864
49	0.02207	0.01725	0.01737	0.01351	0.01803	0.08140	0.01107	0.67975	0.02643	0.03477	0.01354	0.01367	0.00969	0.00690	0.00577	0.00172	0.00674	0.00511	0.00558	0.00962
50	0.02211	0.01629	0.01745	0.01338	0.01803	0.01803	0.01105	0.73997	0.02734	0.03665	0.01396	0.01396	0.00989	0.00698	0.00582	0.00175	0.00640	0.00524	0.00582	0.00989
51	0.00846	0.00564	0.00634	0.00634	0.00634	0.00564	0.00352	0.00846	0.00846	0.01128	0.01832	0.03805	0.02114	0.79563	0.02960	0.00564	0.00564	0.00846	0.00352	0.00352
52	0.01002	0.00505	0.00755	0.00759	0.00760	0.00504	0.00506	0.00759	0.00768	0.01024	0.01072	0.03961	0.01090	0.02015	0.02229	0.80734	0.00500	0.00538	0.00261	0.00259
53	0.01333	0.00967	0.00799	0.00747	0.00932	0.12638	0.00568	0.06586	0.01393	0.02156	0.01706	0.01939	0.01339	0.00667	0.00437	0.00140	0.00419	0.00514	0.64127	0.00594
54	0.00846	0.00564	0.00634	0.00634	0.00634	0.00564	0.00352	0.00846	0.00846	0.01128	0.01832	0.03805	0.02114	0.79563	0.02960	0.00564	0.00564	0.00846	0.00352	0.00352
55	0.01555	0.79913	0.03047	0.00995	0.01493	0.02301	0.00995	0.01741	0.01182	0.01368	0.00808	0.00933	0.00746	0.00498	0.00373	0.00124	0.00622	0.00311	0.00249	0.00746
56	0.02540	0.01100	0.01418	0.01087	0.01540	0.01019	0.00898	0.15136	0.01849	0.63775	0.02139	0.01878	0.01362	0.00716	0.00584	0.00179	0.00520	0.00574	0.00696	0.00990
57	0.00717	0.00512	0.00685	0.00820	0.00857	0.00480	0.00555	0.00825	0.01122	0.01494	0.03200	0.76458	0.03827	0.01814	0.00745	0.00237	0.00345	0.04294	0.00540	0.00475
58	0.00835	0.00604	0.00840	0.00840	0.00911	0.00676	0.00609	0.00978	0.00907	0.01280	0.01644	0.02764	0.01662	0.28045	0.53860	0.00818	0.01245	0.00693	0.00324	0.00467
59	0.00863	0.00764	0.01129	0.01012	0.01253	0.00693	0.12067	0.01097	0.01336	0.01663	0.04384	0.05229	0.44191	0.01355	0.00719	0.00216	0.00468	0.20510	0.00500	0.00549
60	0.01206	0.01034	0.01206	0.00861	0.01378	0.00775	0.00689	0.01464	0.01206	0.01895	0.01034	0.01206	0.00861	0.00431	0.00431	0.00086	0.00431	0.00345	0.00345	0.83118
61	0.01373	0.01569	0.03431	0.02451	0.03039	0.01471	0.73824	0.01863	0.01373	0.01863	0.01176	0.01569	0.00882	0.00490	0.00686	0.00196	0.00980	0.00686	0.00294	0.00784
62	0.01378	0.01552	0.03337	0.02549	0.09443	0.01463	0.67495	0.01856	0.01368	0.01866	0.01169	0.01557	0.00886	0.00493	0.00677	0.00194	0.00955	0.00672	0.00294	0.00796
63	0.01272	0.01272	0.01781	0.01527	0.01527	0.01781	0.01272	0.01399	0.00891	0.01399	0.00763	0.01272	0.00763	0.01018	0.01908	0.00254	0.78499	0.00509	0.00254	0.00636
64	0.01206	0.01034	0.01206	0.00861	0.01378	0.00775	0.00689	0.01464	0.01206	0.01895	0.01034	0.01206	0.00861	0.00431	0.00431	0.00086	0.00431	0.00345	0.00345	0.83118
65	0.02383	0.01292	0.01530	0.01179	0.01632	0.01312	0.00972	0.35482	0.04870	0.40266	0.01885	0.01719	0.01245	0.00712	0.00584	0.00178	0.00560	0.00559	0.00652	0.00987
66	0.01098	0.01034	0.01744	0.78165	0.04005	0.01292	0.01615	0.01486	0.01163	0.01486	0.01034	0.01550	0.00775	0.00581	0.00581	0.00194	0.00775	0.00517	0.00258	0.00646
67	0.01555	0.79913	0.03047	0.00995	0.01493	0.02301	0.00995	0.01741	0.01182	0.01368	0.00808	0.00933	0.00746	0.00498	0.00373	0.00124	0.00622	0.00311	0.00249	0.00746
68	0.01348	0.00937	0.01220	0.01068	0.01318	0.00943	0.05841	0.16776	0.06792	0.10569	0.09244	0.32269	0.06776	0.01217	0.00668	0.00204	0.00465	0.01078	0.00565	0.00701
69	0.01419	0.01625	0.03164	0.02304	0.02821	0.06704	0.62453	0.01854	0.01349	0.01792	0.01121	0.01507	0.00863	0.00544	0.00783	0.00198	0.07795	0.00649	0.00291	0.00764
70	0.01555	0.79913	0.03047	0.00995	0.01493	0.02301	0.00995	0.01741	0.01182	0.01368	0.00808	0.00933	0.00746	0.00498	0.00373	0.00124	0.00622	0.00311	0.00249	0.00746
71	0.01446	0.01249	0.01315	0.01183	0.01512	0.01446	0.00920	0.03090	0.74885	0.02433	0.02367	0.02170	0.01775	0.00789	0.00592	0.00197	0.00460	0.00657	0.00592	0.00920
72	0.00846	0.00564	0.00634	0.00634	0.00634	0.00564	0.00352	0.00846	0.00846	0.01128	0.01832	0.03805	0.02114	0.79563	0.02960	0.00564	0.00564	0.00846	0.00352	0.00352
73	0.00846	0.00564	0.00634	0.00634	0.00634	0.00564	0.00352	0.00846	0.00846	0.01128	0.01832	0.03805	0.02114	0.79563	0.02960	0.00564	0.00564	0.00846	0.00352	0.00352
74	0.00827	0.00663	0.00752	0.00777	0.00929	0.00640	0.00563	0.01205	0.12877	0.01743	0.10576	0.32137	0.31213	0.01469	0.00692	0.00210	0.00335	0.01279	0.00557	0.00557
75	0.01451	0.06128	0.14413	0.07561	0.40138	0.06659	0.09052	0.04378	0.01367	0.01860	0.01072	0.01369	0.00859	0.00536	0.00569	0.00174	0.00772	0.00500	0.00289	0.00855
76	0.01562	0.11785	0.11376	0.01433	0.09351	0.05598	0.01164	0.08061	0.11984	0.11652	0.07617	0.01854	0.02697	0.00977	0.06130	0.00231	0.04720	0.00563	0.00435	0.00810
77	0.01206	0.01034	0.01206	0.00861	0.01378	0.00775	0.00689	0.01464	0.01206	0.01895	0.01034	0.01206	0.00861	0.00431	0.00431	0.00086	0.00431	0.00345	0.00345	0.83118
78	0.01436	0.02377	0.46737	0.01700	0.09790	0.04162	0.01746	0.12851	0.01498	0.04775	0.01201	0.01361	0.00872	0.00588	0.00549	0.00177	0.00762	0.00464	0.06092	0.00861
79	0.01191	0.00991	0.01223	0.12931	0.05798	0.03486	0.00949	0.07751	0.17586	0.01931	0.02157	0.18821	0.03722	0.02907	0.07543	0.00274	0.00620	0.04657	0.04779	0.00682
80	0.01543	0.00968	0.01079	0.00905	0.01156	0.01019	0.00704	0.25045	0.01721	0.09880	0.06681	0.02368	0.03721	0.13105	0.00947	0.00228	0.02537	0.00639	0.25051	0.00704
81	0.01449	0.18011	0.02208	0.15069	0.12325	0.10316	0.11829	0.02996	0.01328	0.04130	0.01468	0.01877	0.06013	0.00683	0.00624	0.00177	0.04258	0.04185	0.00325	0.00729

[dist]
# distance from previous block
# <min> <max>
2	3

[block]
# block no. 5 follows, 40 sequences, length 18
# corresponding to MSA columns:
# 556-573
name=unknown_F
#
# <colnr> <probs for GDERKNQSTAVLIFYWHMCP>
#	G	D	E	R	K	N	Q	S	T	A	V	L	I	F	Y	W	H	M	C	P
0	0.04510	0.01093	0.11381	0.04579	0.10886	0.00890	0.00925	0.03953	0.01095	0.01554	0.01674	0.06064	0.01761	0.40424	0.01785	0.00381	0.00617	0.05511	0.00354	0.00561
1	0.00813	0.00629	0.00741	0.00775	0.00907	0.00599	0.00566	0.01104	0.08029	0.01731	0.15267	0.28249	0.25626	0.05850	0.00831	0.00233	0.00353	0.06619	0.00550	0.00529
2	0.04995	0.45157	0.04925	0.01032	0.01527	0.06384	0.00964	0.06867	0.01320	0.01727	0.00917	0.01048	0.00785	0.00506	0.00416	0.00125	0.00605	0.00342	0.00303	0.20053
3	0.01460	0.01862	0.19547	0.10576	0.14167	0.08776	0.12770	0.08255	0.05900	0.03246	0.01278	0.01497	0.02267	0.00585	0.00579	0.00177	0.00776	0.00523	0.00336	0.05424
