[name]
unknown

[dist]
# distance from previous block
# <min> <max>
0	144

[block]
# block no. 0 follows, 44 sequences, length 38
# corresponding to MSA columns:
# 153-190
name=unknown_A
#
# <colnr> <probs for GDERKNQSTAVLIFYWHMCP>
#	G	D	E	R	K	N	Q	S	T	A	V	L	I	F	Y	W	H	M	C	P
0	0.00806	0.00656	0.00895	0.02696	0.07948	0.00665	0.00713	0.00972	0.01106	0.01451	0.03098	0.23579	0.23110	0.04378	0.10917	0.00305	0.04682	0.11085	0.00431	0.00508
1	0.01161	0.06524	0.56594	0.01753	0.06488	0.01334	0.15125	0.01722	0.01178	0.01710	0.00992	0.01205	0.00725	0.00503	0.00533	0.00171	0.00806	0.00445	0.00241	0.00791
2	0.01348	0.10233	0.27154	0.04291	0.06533	0.15615	0.07290	0.01701	0.01247	0.05698	0.01387	0.08147	0.04377	0.00720	0.01778	0.00177	0.00739	0.00551	0.00307	0.00708
3	0.01220	0.14030	0.48698	0.01587	0.07888	0.01351	0.06536	0.01711	0.01188	0.04719	0.02564	0.01417	0.00918	0.00559	0.00515	0.00167	0.00732	0.03150	0.00272	0.00778
4	0.01607	0.10781	0.04004	0.01575	0.12372	0.29277	0.03795	0.07623	0.10055	0.01695	0.01304	0.01432	0.04893	0.00635	0.00605	0.00160	0.06667	0.00468	0.00333	0.00719
5	0.20035	0.04813	0.01603	0.01507	0.10671	0.40730	0.04944	0.06556	0.01408	0.01783	0.00886	0.01048	0.00718	0.00537	0.00470	0.00152	0.00778	0.00377	0.00307	0.00677
6	0.00980	0.01080	0.08682	0.00925	0.01163	0.07405	0.04644	0.01345	0.11434	0.01513	0.02898	0.07556	0.25450	0.19728	0.01111	0.00263	0.00511	0.02351	0.00412	0.00549
7	0.01338	0.01278	0.02156	0.03212	0.73424	0.01265	0.01619	0.01657	0.01236	0.01781	0.01022	0.01338	0.00861	0.00481	0.00533	0.00158	0.00635	0.00477	0.00273	0.05257
8	0.00801	0.00610	0.00748	0.00693	0.00859	0.00561	0.00523	0.01104	0.05325	0.02054	0.57614	0.03996	0.16335	0.01099	0.00626	0.00169	0.00277	0.00957	0.00568	0.05081
9	0.01447	0.66675	0.06740	0.00990	0.01444	0.07943	0.00980	0.01649	0.01166	0.01357	0.04705	0.01062	0.00928	0.00510	0.00385	0.00124	0.00609	0.00338	0.00256	0.00691
10	0.00666	0.00494	0.00622	0.00716	0.00782	0.00450	0.00489	0.00777	0.01108	0.01448	0.07301	0.62132	0.17797	0.01615	0.00683	0.00212	0.00306	0.01444	0.00511	0.00450
11	0.00673	0.00497	0.00623	0.00709	0.00774	0.00455	0.00482	0.00784	0.01106	0.01449	0.08695	0.57873	0.17334	0.04883	0.00769	0.00224	0.00313	0.01404	0.00506	0.00446
12	0.00657	0.00523	0.00583	0.00630	0.00752	0.00456	0.00445	0.00774	0.01155	0.01429	0.04472	0.32778	0.47702	0.04168	0.00735	0.00209	0.00299	0.01285	0.00500	0.00449
13	0.01016	0.00508	0.00508	0.00508	0.00635	0.00508	0.00381	0.01270	0.01143	0.02033	0.01778	0.02033	0.01397	0.00635	0.00381	0.00127	0.00254	0.00508	0.83867	0.00508
14	0.01016	0.00508	0.00508	0.00508	0.00635	0.00508	0.00381	0.01270	0.01143	0.02033	0.01778	0.02033	0.01397	0.00635	0.00381	0.00127	0.00254	0.00508	0.83867	0.00508
15	0.84691	0.01054	0.00801	0.00717	0.01054	0.01223	0.00590	0.01603	0.00928	0.02446	0.00759	0.00886	0.00590	0.00506	0.00337	0.00169	0.00422	0.00295	0.00337	0.00590
16	0.01458	0.81168	0.02857	0.00933	0.01399	0.02157	0.00933	0.01632	0.01108	0.01283	0.00758	0.00875	0.00700	0.00466	0.00350	0.00117	0.00583	0.00292	0.00233	0.00700
17	0.00801	0.00538	0.00623	0.00636	0.00648	0.00538	0.00385	0.00827	0.00839	0.01115	0.01835	0.03827	0.02098	0.72862	0.02572	0.00501	0.00526	0.08132	0.00348	0.00348
18	0.01248	0.01659	0.14825	0.02107	0.02651	0.01386	0.57593	0.01706	0.01227	0.01706	0.01050	0.01397	0.00796	0.00511	0.00721	0.00187	0.07638	0.00591	0.00265	0.00734
19	0.01664	0.01017	0.01136	0.00932	0.01256	0.01057	0.00748	0.21919	0.15614	0.17991	0.01766	0.01752	0.01278	0.00655	0.00493	0.00154	0.00432	0.00522	0.24282	0.05331
20	0.00725	0.00578	0.00654	0.00647	0.00803	0.00523	0.00480	0.00971	0.05285	0.01738	0.28336	0.12720	0.41982	0.01295	0.00645	0.00184	0.00282	0.01112	0.00539	0.00497
21	0.01030	0.00969	0.01635	0.79530	0.03755	0.01211	0.01514	0.01393	0.01090	0.01393	0.00969	0.01453	0.00727	0.00545	0.00545	0.00182	0.00727	0.00484	0.00242	0.00606
22	0.01429	0.30839	0.01842	0.01065	0.01367	0.18683	0.00902	0.06443	0.04350	0.01472	0.01064	0.01331	0.00937	0.01515	0.21848	0.00339	0.03219	0.00417	0.00294	0.00645
23	0.16084	0.04838	0.26330	0.01255	0.01766	0.15789	0.01260	0.17340	0.01509	0.07428	0.01058	0.01146	0.00771	0.00562	0.00484	0.00162	0.00697	0.00399	0.00355	0.00766
24	0.01443	0.16615	0.09704	0.01012	0.01380	0.04346	0.00920	0.18156	0.01609	0.09944	0.19780	0.06617	0.04641	0.00798	0.00539	0.00161	0.00510	0.00646	0.00464	0.00715
25	0.01458	0.81168	0.02857	0.00933	0.01399	0.02157	0.00933	0.01632	0.01108	0.01283	0.00758	0.00875	0.00700	0.00466	0.00350	0.00117	0.00583	0.00292	0.00233	0.00700
26	0.01072	0.01106	0.00904	0.00951	0.01057	0.23704	0.00669	0.01181	0.01193	0.01375	0.02362	0.56839	0.02742	0.01367	0.00635	0.00197	0.00515	0.01193	0.00439	0.00499
27	0.01393	0.11747	0.22691	0.04986	0.04565	0.14070	0.27185	0.03936	0.01299	0.01653	0.00983	0.01224	0.00755	0.00503	0.00539	0.00164	0.00833	0.00473	0.00266	0.00737
28	0.01224	0.18468	0.14260	0.00953	0.01282	0.07758	0.00904	0.06162	0.01190	0.01646	0.01270	0.01689	0.01102	0.10183	0.10067	0.00272	0.00678	0.00471	0.19807	0.00614
29	0.00721	0.00511	0.00678	0.00791	0.00838	0.00489	0.00563	0.00837	0.01060	0.01404	0.02844	0.57274	0.03338	0.10107	0.00929	0.00260	0.00376	0.16050	0.00487	0.00443
30	0.01896	0.01441	0.01298	0.01086	0.01398	0.24055	0.02524	0.12351	0.01584	0.24684	0.01611	0.01624	0.03325	0.00655	0.00542	0.00155	0.02916	0.00492	0.15628	0.00736
31	0.01040	0.00576	0.00680	0.00632	0.00796	0.00538	0.00482	0.01280	0.01355	0.10128	0.32136	0.03100	0.09355	0.00894	0.00526	0.00154	0.00280	0.00757	0.34739	0.00551
32	0.01171	0.01030	0.01332	0.01280	0.15450	0.00832	0.00837	0.01429	0.01151	0.01777	0.00979	0.01171	0.00818	0.00419	0.00429	0.00096	0.00449	0.00353	0.00313	0.68684
33	0.01587	0.03641	0.01532	0.01252	0.05681	0.17150	0.05080	0.16425	0.01535	0.05772	0.01135	0.03547	0.00921	0.00548	0.00485	0.00129	0.00610	0.00436	0.00374	0.32160
34	0.01320	0.01276	0.02112	0.02990	0.63308	0.01365	0.01584	0.01606	0.01166	0.01694	0.00968	0.01320	0.00836	0.00573	0.00772	0.00176	0.15372	0.00484	0.00264	0.00814
35	0.00853	0.00684	0.01067	0.08997	0.07780	0.00787	0.00850	0.01075	0.00929	0.01322	0.01374	0.02005	0.01256	0.03425	0.64152	0.00745	0.01317	0.00566	0.00285	0.00531
36	0.01405	0.01175	0.01875	0.29224	0.37902	0.01264	0.01480	0.09097	0.01349	0.08304	0.01131	0.01424	0.00864	0.00539	0.00543	0.00169	0.00654	0.00491	0.00323	0.00786
37	0.03133	0.09594	0.06163	0.02076	0.33888	0.01358	0.01298	0.05534	0.03956	0.05745	0.04320	0.05727	0.01192	0.00679	0.00721	0.00175	0.12801	0.00542	0.00333	0.00766

[dist]
# distance from previous block
# <min> <max>
0	1

[block]
# block no. 1 follows, 44 sequences, length 74
# corresponding to MSA columns:
# 192-247,265-282
name=unknown_B
#
# <colnr> <probs for GDERKNQSTAVLIFYWHMCP>
#	G	D	E	R	K	N	Q	S	T	A	V	L	I	F	Y	W	H	M	C	P
0	0.00938	0.01237	0.18504	0.01397	0.08337	0.00885	0.11314	0.01246	0.01096	0.01544	0.04370	0.24354	0.01889	0.03964	0.16025	0.00336	0.00768	0.00840	0.00347	0.00610
1	0.16201	0.01690	0.01561	0.18804	0.16054	0.31641	0.01192	0.01787	0.01261	0.01625	0.00886	0.01143	0.00718	0.00545	0.00520	0.00161	0.02872	0.00399	0.00279	0.00661
2	0.01458	0.81168	0.02857	0.00933	0.01399	0.02157	0.00933	0.01632	0.01108	0.01283	0.00758	0.00875	0.00700	0.00466	0.00350	0.00117	0.00583	0.00292	0.00233	0.00700
3	0.00793	0.00529	0.00595	0.00595	0.00595	0.00529	0.00330	0.00793	0.00793	0.01057	0.01718	0.03568	0.01982	0.80840	0.02775	0.00529	0.00529	0.00793	0.00330	0.00330
4	0.01177	0.01017	0.01465	0.15115	0.20443	0.01071	0.01093	0.05740	0.07319	0.01752	0.06582	0.03506	0.03532	0.00770	0.00763	0.07701	0.05997	0.00547	0.00343	0.14067
5	0.01465	0.39922	0.16321	0.01378	0.10278	0.01627	0.03437	0.01750	0.01184	0.11194	0.01091	0.03791	0.00901	0.00560	0.00491	0.00148	0.02978	0.00425	0.00304	0.00756
6	0.00779	0.00584	0.00876	0.00876	0.00974	0.00681	0.00681	0.00974	0.00876	0.01266	0.01460	0.02142	0.01363	0.04089	0.78680	0.00876	0.01460	0.00584	0.00292	0.00487
7	0.00786	0.00557	0.00737	0.00737	0.00786	0.00606	0.00508	0.00884	0.00835	0.01163	0.01587	0.02846	0.01669	0.41999	0.41188	0.00704	0.01000	0.00687	0.00311	0.00409
8	0.01491	0.01753	0.10500	0.09748	0.03888	0.23705	0.03118	0.08024	0.22332	0.01852	0.01643	0.01704	0.06536	0.00666	0.00539	0.00168	0.00688	0.00526	0.00384	0.00734
9	0.81887	0.01036	0.00791	0.00710	0.01040	0.01199	0.00583	0.01591	0.00935	0.02432	0.00793	0.00924	0.00617	0.00510	0.00339	0.00167	0.00416	0.00302	0.03137	0.00588
10	0.01236	0.03926	0.20060	0.01904	0.27676	0.05582	0.01349	0.04200	0.03176	0.04284	0.03802	0.13544	0.05396	0.00766	0.00559	0.00173	0.00609	0.00668	0.00348	0.00741
11	0.01333	0.01279	0.02183	0.07246	0.73668	0.01291	0.01665	0.01659	0.01234	0.01761	0.01023	0.01355	0.00857	0.00489	0.00540	0.00163	0.00652	0.00486	0.00268	0.00850
12	0.01174	0.01408	0.15615	0.07557	0.36372	0.01139	0.03395	0.04026	0.03760	0.01811	0.07867	0.04193	0.07967	0.00675	0.00562	0.00171	0.00606	0.00610	0.00335	0.00757
13	0.02393	0.00966	0.01285	0.00984	0.01408	0.00854	0.00812	0.07116	0.01612	0.71514	0.02072	0.01805	0.01311	0.00667	0.00545	0.00166	0.00471	0.00540	0.00659	0.02819
14	0.01229	0.01092	0.01527	0.03387	0.27646	0.00968	0.01035	0.04188	0.01214	0.01817	0.01014	0.01246	0.00844	0.00543	0.02548	0.00135	0.00530	0.00396	0.00310	0.48331
15	0.00814	0.00628	0.00812	0.03500	0.07748	0.00588	0.00607	0.01038	0.01352	0.01860	0.35480	0.06106	0.26883	0.01092	0.00606	0.00172	0.00315	0.00944	0.08927	0.00529
16	0.00664	0.00474	0.00633	0.00759	0.00791	0.00443	0.00506	0.00759	0.01044	0.01392	0.03005	0.80485	0.03606	0.01708	0.00696	0.00221	0.00316	0.01550	0.00506	0.00443
17	0.01356	0.01171	0.01233	0.01109	0.01418	0.01356	0.00863	0.02897	0.76455	0.02281	0.02219	0.02034	0.01664	0.00740	0.00555	0.00185	0.00431	0.00616	0.00555	0.00863
18	0.00686	0.00549	0.00614	0.00609	0.00765	0.00476	0.00452	0.00860	0.01326	0.01696	0.28294	0.09865	0.49251	0.01317	0.00647	0.00183	0.00273	0.01124	0.00536	0.00476
19	0.00787	0.00529	0.00605	0.00606	0.00616	0.00525	0.00349	0.00808	0.00853	0.01146	0.06927	0.06171	0.02253	0.72738	0.02559	0.00494	0.00503	0.00831	0.00355	0.00347
20	0.00718	0.00555	0.00655	0.00630	0.00782	0.00492	0.00472	0.00925	0.01417	0.01887	0.47089	0.04565	0.35394	0.01226	0.00644	0.00177	0.00265	0.01055	0.00561	0.00492
21	0.84691	0.01054	0.00801	0.00717	0.01054	0.01223	0.00590	0.01603	0.00928	0.02446	0.00759	0.00886	0.00590	0.00506	0.00337	0.00169	0.00422	0.00295	0.00337	0.00590
22	0.84691	0.01054	0.00801	0.00717	0.01054	0.01223	0.00590	0.01603	0.00928	0.02446	0.00759	0.00886	0.00590	0.00506	0.00337	0.00169	0.00422	0.00295	0.00337	0.00590
23	0.02037	0.02598	0.01545	0.01404	0.01685	0.78652	0.01053	0.02177	0.01545	0.01334	0.00843	0.00983	0.00702	0.00562	0.00492	0.00140	0.00983	0.00351	0.00281	0.00632
24	0.01193	0.01193	0.01670	0.01431	0.01431	0.01670	0.01193	0.01312	0.00835	0.01312	0.00716	0.01193	0.00716	0.00954	0.01789	0.00239	0.79843	0.00477	0.00239	0.00596
25	0.01093	0.02820	0.78016	0.01554	0.02360	0.01266	0.02014	0.01727	0.01151	0.01727	0.00978	0.01151	0.00691	0.00518	0.00518	0.00173	0.00806	0.00403	0.00230	0.00806
26	0.02252	0.00928	0.01231	0.00966	0.01361	0.00835	0.00790	0.02584	0.08283	0.66672	0.06485	0.02000	0.01597	0.00706	0.00554	0.00170	0.00449	0.00580	0.00660	0.00898
27	0.01047	0.00848	0.01029	0.00844	0.01196	0.00699	0.00688	0.03240	0.01257	0.01850	0.12713	0.02667	0.01963	0.00756	0.00519	0.00134	0.00409	0.16450	0.00409	0.51281
28	0.01883	0.18623	0.01766	0.01239	0.01574	0.46688	0.00993	0.05835	0.05255	0.07443	0.01078	0.01244	0.00881	0.00591	0.00480	0.00144	0.00799	0.02458	0.00335	0.00692
29	0.00773	0.00548	0.00695	0.00667	0.00764	0.00515	0.00472	0.00967	0.01358	0.01907	0.57844	0.06259	0.04382	0.19180	0.01127	0.00254	0.00320	0.00959	0.00536	0.00471
30	0.00669	0.00476	0.00631	0.00753	0.00784	0.00446	0.00500	0.00760	0.01035	0.01380	0.02959	0.77754	0.03548	0.04517	0.00770	0.00232	0.00324	0.01523	0.00500	0.00439
31	0.01134	0.01072	0.01766	0.29580	0.40356	0.01143	0.01432	0.01444	0.01189	0.01600	0.01669	0.01961	0.12076	0.00638	0.00557	0.00172	0.00621	0.00583	0.00295	0.00714
32	0.01302	0.03917	0.23360	0.01704	0.02265	0.10561	0.31032	0.01722	0.01239	0.01671	0.00997	0.01250	0.00765	0.00495	0.00582	0.00160	0.03187	0.00481	0.00269	0.13043
33	0.00664	0.00474	0.00633	0.00759	0.00791	0.00443	0.00506	0.00759	0.01044	0.01392	0.03005	0.80485	0.03606	0.01708	0.00696	0.00221	0.00316	0.01550	0.00506	0.00443
34	0.00779	0.00584	0.00876	0.00876	0.00974	0.00681	0.00681	0.00974	0.00876	0.01266	0.01460	0.02142	0.01363	0.04089	0.78680	0.00876	0.01460	0.00584	0.00292	0.00487
35	0.00792	0.00590	0.00849	0.00843	0.00921	0.00681	0.00635	0.00952	0.00861	0.01231	0.01485	0.02359	0.01451	0.17028	0.63817	0.00801	0.03327	0.00617	0.00297	0.00463
36	0.84691	0.01054	0.00801	0.00717	0.01054	0.01223	0.00590	0.01603	0.00928	0.02446	0.00759	0.00886	0.00590	0.00506	0.00337	0.00169	0.00422	0.00295	0.00337	0.00590
37	0.84691	0.01054	0.00801	0.00717	0.01054	0.01223	0.00590	0.01603	0.00928	0.02446	0.00759	0.00886	0.00590	0.00506	0.00337	0.00169	0.00422	0.00295	0.00337	0.00590
38	0.00947	0.00473	0.00710	0.00710	0.00710	0.00473	0.00473	0.00710	0.00710	0.00947	0.00947	0.01657	0.00947	0.01894	0.02131	0.84138	0.00473	0.00473	0.00237	0.00237
39	0.00761	0.00549	0.00719	0.00693	0.00812	0.00507	0.00514	0.01001	0.01492	0.02105	0.69598	0.11857	0.04987	0.01175	0.00648	0.00177	0.00263	0.01043	0.00591	0.00507
40	0.02446	0.00928	0.01265	0.00970	0.01392	0.00801	0.00801	0.02657	0.01560	0.77817	0.02151	0.01856	0.01350	0.00675	0.00548	0.00169	0.00464	0.00548	0.00675	0.00928
41	0.01154	0.01004	0.01246	0.01077	0.09383	0.00787	0.00755	0.01405	0.01142	0.01777	0.00975	0.01154	0.00813	0.00412	0.00418	0.00089	0.00430	0.00340	0.00317	0.75321
42	0.01967	0.02467	0.01612	0.01600	0.09329	0.70847	0.01116	0.02126	0.01514	0.01379	0.00861	0.01020	0.00719	0.00554	0.00496	0.00143	0.00949	0.00365	0.00280	0.00655
43	0.00652	0.00555	0.00563	0.00567	0.00749	0.00466	0.00429	0.00794	0.01243	0.01478	0.05438	0.05276	0.74836	0.01385	0.00648	0.00186	0.00283	0.03486	0.00506	0.00462
44	0.00784	0.00563	0.00770	0.00770	0.00831	0.00624	0.00549	0.00905	0.00845	0.01187	0.01557	0.02679	0.01596	0.33009	0.50079	0.00745	0.01109	0.00663	0.00306	0.00428
45	0.00782	0.00572	0.00812	0.00812	0.00888	0.00647	0.00602	0.00933	0.00857	0.01218	0.01519	0.02465	0.01503	0.21471	0.61490	0.00797	0.01249	0.00631	0.00301	0.00451
46	0.00687	0.00491	0.00659	0.00785	0.00827	0.00462	0.00546	0.00798	0.01066	0.01417	0.02992	0.72586	0.03556	0.01687	0.00702	0.00225	0.00336	0.09224	0.00506	0.00449
47	0.84691	0.01054	0.00801	0.00717	0.01054	0.01223	0.00590	0.01603	0.00928	0.02446	0.00759	0.00886	0.00590	0.00506	0.00337	0.00169	0.00422	0.00295	0.00337	0.00590
48	0.01076	0.00994	0.01290	0.01163	0.01240	0.05296	0.00940	0.03923	0.00955	0.01369	0.01093	0.01631	0.01026	0.02393	0.37738	0.00530	0.35986	0.00521	0.00277	0.00559
49	0.02079	0.01430	0.01566	0.01210	0.01637	0.01558	0.00996	0.62126	0.06700	0.12849	0.01469	0.01420	0.01024	0.00662	0.00546	0.00165	0.00573	0.00505	0.00562	0.00924
50	0.54381	0.01599	0.01076	0.00966	0.01286	0.28071	0.00760	0.03289	0.01175	0.02081	0.00799	0.00928	0.00636	0.00528	0.00395	0.00159	0.00620	0.00319	0.00322	0.00612
51	0.00750	0.00554	0.00701	0.00669	0.00803	0.00505	0.00500	0.00986	0.01486	0.02061	0.64765	0.06409	0.15447	0.01170	0.00645	0.00175	0.00262	0.01026	0.00584	0.00505
52	0.00837	0.00714	0.00927	0.00868	0.00962	0.00803	0.00675	0.01004	0.01187	0.01635	0.26227	0.14045	0.21195	0.01338	0.04077	0.00227	0.21357	0.00953	0.00456	0.00512
53	0.01804	0.02199	0.01639	0.13302	0.11078	0.57814	0.01196	0.01999	0.01441	0.01397	0.00883	0.01097	0.00725	0.00550	0.00505	0.00149	0.00905	0.00387	0.00274	0.00656
54	0.00711	0.00553	0.00636	0.00616	0.00764	0.00489	0.00456	0.00896	0.01355	0.01778	0.38276	0.04611	0.39770	0.05772	0.00765	0.00198	0.00282	0.01054	0.00539	0.00478
55	0.35459	0.01823	0.01186	0.01070	0.01371	0.41235	0.00826	0.01916	0.01276	0.04121	0.00893	0.01020	0.00710	0.00546	0.00426	0.00152	0.00705	0.00342	0.04305	0.00618
56	0.56091	0.16325	0.01304	0.00865	0.01218	0.13565	0.00727	0.01698	0.01059	0.02053	0.00772	0.00899	0.00628	0.00507	0.00364	0.00154	0.00540	0.00303	0.00309	0.00617
57	0.00691	0.00517	0.00616	0.00662	0.00750	0.00470	0.00454	0.00808	0.01140	0.01480	0.13871	0.35999	0.26339	0.12490	0.00961	0.00246	0.00325	0.01244	0.00495	0.00443
58	0.01030	0.00969	0.01635	0.79530	0.03755	0.01211	0.01514	0.01393	0.01090	0.01393	0.00969	0.01453	0.00727	0.00545	0.00545	0.00182	0.00727	0.00484	0.00242	0.00606
59	0.00653	0.00553	0.00564	0.00561	0.00741	0.00464	0.00421	0.00798	0.01262	0.01519	0.10126	0.05171	0.72587	0.01364	0.00644	0.00183	0.00275	0.01140	0.00512	0.00464
60	0.10779	0.00811	0.00965	0.00794	0.01102	0.00768	0.00641	0.04086	0.01387	0.40775	0.04608	0.01873	0.01410	0.00660	0.00476	0.00155	0.00389	0.00523	0.27054	0.00743
61	0.56915	0.01269	0.01077	0.00905	0.01268	0.05419	0.00741	0.22632	0.01424	0.02668	0.00919	0.01011	0.00692	0.00551	0.00404	0.00166	0.00502	0.00354	0.00393	0.00688
62	0.00670	0.00500	0.00623	0.00704	0.00780	0.00454	0.00485	0.00790	0.01137	0.01485	0.10495	0.55739	0.21003	0.01576	0.00679	0.00208	0.00301	0.01404	0.00515	0.00454
63	0.02072	0.01527	0.01636	0.01254	0.01691	0.01691	0.01036	0.75622	0.02563	0.03436	0.01309	0.01309	0.00927	0.00654	0.00545	0.00164	0.00600	0.00491	0.00545	0.00927
64	0.84691	0.01054	0.00801	0.00717	0.01054	0.01223	0.00590	0.01603	0.00928	0.02446	0.00759	0.00886	0.00590	0.00506	0.00337	0.00169	0.00422	0.00295	0.00337	0.00590
65	0.00644	0.00552	0.00552	0.00552	0.00736	0.00460	0.00414	0.00782	0.01243	0.01473	0.05523	0.05247	0.77218	0.01381	0.00644	0.00184	0.00276	0.01151	0.00506	0.00460
66	0.00780	0.00581	0.00862	0.00862	0.00955	0.00674	0.00664	0.00964	0.00872	0.01255	0.01473	0.02213	0.01394	0.07938	0.74873	0.00859	0.01414	0.00595	0.00294	0.00479
67	0.01457	0.13135	0.02167	0.02625	0.52488	0.13467	0.01442	0.01727	0.01259	0.01625	0.00970	0.01244	0.00828	0.00591	0.02592	0.00171	0.00712	0.00439	0.00267	0.00793
68	0.01457	0.05952	0.02008	0.02143	0.31996	0.06312	0.09579	0.11544	0.01384	0.04025	0.01127	0.03585	0.00961	0.03276	0.00712	0.00176	0.07176	0.00516	0.00327	0.05745
69	0.01041	0.01003	0.01464	0.14788	0.03636	0.07726	0.10875	0.01294	0.01032	0.01373	0.01212	0.01748	0.01068	0.02384	0.40816	0.00539	0.06610	0.00545	0.00276	0.00570
70	0.01684	0.39073	0.02183	0.01168	0.01526	0.25329	0.01009	0.11089	0.01396	0.01573	0.00849	0.00995	0.00731	0.00569	0.00564	0.00142	0.08782	0.00354	0.00288	0.00697
71	0.00811	0.00595	0.00790	0.00775	0.00820	0.00669	0.00545	0.00908	0.00834	0.01168	0.01538	0.02768	0.01620	0.40753	0.37449	0.00670	0.05885	0.00678	0.00307	0.00418
72	0.01045	0.00910	0.01190	0.09085	0.07843	0.03556	0.00896	0.01502	0.15925	0.01503	0.01474	0.02050	0.01320	0.12292	0.29804	0.00485	0.07602	0.00582	0.00337	0.00599
73	0.01176	0.01109	0.01858	0.26935	0.44246	0.01197	0.01492	0.01483	0.01161	0.01605	0.01193	0.09186	0.01086	0.00640	0.00598	0.00177	0.03252	0.00590	0.00283	0.00732

[dist]
# distance from previous block
# <min> <max>
0	10

[block]
# block no. 2 follows, 44 sequences, length 30
# corresponding to MSA columns:
# 293-322
name=unknown_C
#
# <colnr> <probs for GDERKNQSTAVLIFYWHMCP>
#	G	D	E	R	K	N	Q	S	T	A	V	L	I	F	Y	W	H	M	C	P
0	0.55696	0.01120	0.01240	0.05375	0.18870	0.01248	0.02471	0.01670	0.04431	0.02217	0.00904	0.01086	0.00714	0.00513	0.00411	0.00169	0.00500	0.00371	0.00326	0.00670
1	0.00850	0.00683	0.00987	0.00947	0.01020	0.00836	0.00739	0.01016	0.00862	0.01256	0.01355	0.02099	0.01305	0.09937	0.59324	0.00739	0.14682	0.00583	0.00286	0.00492
2	0.01023	0.06440	0.00979	0.00820	0.00936	0.10254	0.00596	0.02520	0.00989	0.01279	0.01452	0.02447	0.01472	0.33137	0.27957	0.00540	0.00890	0.00611	0.05190	0.00468
3	0.01093	0.02820	0.78016	0.01554	0.02360	0.01266	0.02014	0.01727	0.01151	0.01727	0.00978	0.01151	0.00691	0.00518	0.00518	0.00173	0.00806	0.00403	0.00230	0.00806
4	0.01433	0.01251	0.05839	0.05492	0.18893	0.01262	0.07386	0.16204	0.05763	0.05747	0.01257	0.01489	0.00978	0.00687	0.00752	0.04356	0.09613	0.00507	0.10341	0.00749
5	0.01111	0.00905	0.01353	0.08081	0.10077	0.00883	0.05341	0.01364	0.01078	0.05940	0.01216	0.01599	0.01030	0.01739	0.27704	0.00390	0.02779	0.00482	0.00315	0.26613
6	0.01130	0.00969	0.01130	0.00807	0.01292	0.00727	0.00646	0.01373	0.01130	0.01776	0.00969	0.01130	0.00807	0.00404	0.00404	0.00081	0.00404	0.00323	0.00323	0.84173
7	0.00795	0.00567	0.00801	0.00806	0.00890	0.00639	0.00605	0.00964	0.00891	0.01299	0.01573	0.05017	0.01527	0.14271	0.59669	0.00749	0.01202	0.00640	0.06631	0.00465
8	0.01645	0.32738	0.01987	0.01132	0.01508	0.21614	0.00957	0.09714	0.20191	0.01767	0.01201	0.01237	0.00965	0.00579	0.00458	0.00145	0.00650	0.00409	0.00358	0.00746
9	0.04228	0.18570	0.50533	0.01330	0.01967	0.04884	0.01584	0.01650	0.01144	0.01619	0.01073	0.07082	0.00910	0.00599	0.00489	0.00163	0.00717	0.00461	0.00258	0.00741
10	0.01317	0.10049	0.09600	0.01089	0.01425	0.14190	0.04602	0.11179	0.02710	0.03434	0.04017	0.04830	0.20473	0.03650	0.02136	0.00193	0.03399	0.00671	0.00390	0.00646
11	0.01808	0.01298	0.01415	0.01156	0.01535	0.01435	0.00932	0.35023	0.34472	0.12182	0.01808	0.01691	0.01299	0.00694	0.00550	0.00173	0.00510	0.00552	0.00566	0.00899
12	0.01349	0.01158	0.01899	0.02732	0.57865	0.01152	0.01441	0.03750	0.01286	0.06743	0.01419	0.07789	0.01302	0.00684	0.00571	0.00175	0.00597	0.06942	0.00342	0.00806
13	0.00932	0.00808	0.01283	0.43480	0.05116	0.00932	0.01109	0.01244	0.01237	0.01673	0.27497	0.02413	0.02316	0.01009	0.06493	0.00230	0.00616	0.00666	0.00371	0.00574
14	0.02072	0.01527	0.01636	0.01254	0.01691	0.01691	0.01036	0.75622	0.02563	0.03436	0.01309	0.01309	0.00927	0.00654	0.00545	0.00164	0.00600	0.00491	0.00545	0.00927
15	0.02165	0.00987	0.01264	0.00992	0.01359	0.00937	0.00804	0.17217	0.01648	0.52160	0.01815	0.01717	0.01208	0.00838	0.00765	0.11683	0.00493	0.00526	0.00588	0.00833
16	0.00797	0.00578	0.00848	0.00848	0.00948	0.00668	0.00659	0.00996	0.00896	0.01324	0.01484	0.02133	0.01366	0.03827	0.72753	0.00819	0.01369	0.00578	0.06618	0.00488
17	0.01234	0.01261	0.01664	0.01430	0.01444	0.05413	0.01186	0.01354	0.00869	0.01313	0.00722	0.01183	0.00715	0.00935	0.01726	0.00234	0.76008	0.00471	0.00241	0.00598
18	0.00700	0.00556	0.00629	0.00616	0.00778	0.00486	0.00466	0.00886	0.01357	0.01748	0.32594	0.04829	0.47679	0.01284	0.00647	0.00181	0.00276	0.03265	0.00542	0.00482
19	0.01030	0.00969	0.01635	0.79530	0.03755	0.01211	0.01514	0.01393	0.01090	0.01393	0.00969	0.01453	0.00727	0.00545	0.00545	0.00182	0.00727	0.00484	0.00242	0.00606
20	0.01177	0.01893	0.36205	0.04118	0.28349	0.01194	0.06499	0.01587	0.01141	0.01651	0.00999	0.01305	0.00789	0.00657	0.00714	0.09545	0.00719	0.00457	0.00248	0.00753
21	0.00786	0.00555	0.00727	0.00727	0.00773	0.00601	0.00496	0.00878	0.00832	0.01155	0.01596	0.02895	0.01690	0.44616	0.38599	0.00693	0.00968	0.00694	0.00312	0.00404
22	0.01181	0.21607	0.59994	0.01405	0.02129	0.01480	0.01755	0.01704	0.01141	0.01620	0.00926	0.01085	0.00693	0.00506	0.00478	0.00159	0.00752	0.00376	0.00231	0.00780
23	0.00692	0.00549	0.00625	0.00635	0.00784	0.00481	0.00476	0.00862	0.01299	0.01657	0.23618	0.13392	0.46333	0.01355	0.00656	0.00189	0.00288	0.05106	0.00530	0.00475
24	0.01195	0.01850	0.36077	0.01759	0.13861	0.01131	0.11678	0.03658	0.01229	0.06237	0.01425	0.14733	0.01277	0.00720	0.00571	0.00180	0.00687	0.00655	0.00325	0.00754
25	0.01349	0.01295	0.02213	0.03346	0.77440	0.01295	0.01673	0.01673	0.01241	0.01781	0.01025	0.01349	0.00864	0.00486	0.00540	0.00162	0.00648	0.00486	0.00270	0.00864
26	0.00669	0.00476	0.00631	0.00753	0.00784	0.00446	0.00500	0.00760	0.01035	0.01379	0.02958	0.77658	0.03546	0.04616	0.00772	0.00233	0.00324	0.01522	0.00500	0.00439
27	0.01315	0.01221	0.01780	0.02019	0.27939	0.05883	0.09427	0.11581	0.01371	0.01851	0.01470	0.11666	0.01415	0.00967	0.04490	0.00220	0.07174	0.07136	0.00357	0.00719
28	0.00789	0.00714	0.05417	0.00898	0.01049	0.00587	0.06280	0.00980	0.01128	0.01548	0.04900	0.47225	0.09794	0.01379	0.00650	0.00204	0.00395	0.07253	0.08309	0.00501
29	0.00679	0.00526	0.00619	0.00654	0.00772	0.00466	0.00468	0.00827	0.01237	0.01598	0.20059	0.31499	0.35767	0.01439	0.00662	0.00195	0.00286	0.01256	0.00526	0.00466

[dist]
# distance from previous block
# <min> <max>
0	12

[block]
# block no. 3 follows, 44 sequences, length 74
# corresponding to MSA columns:
# 335-351,353-364,370-414
name=unknown_D
#
# <colnr> <probs for GDERKNQSTAVLIFYWHMCP>
#	G	D	E	R	K	N	Q	S	T	A	V	L	I	F	Y	W	H	M	C	P
0	0.07446	0.01601	0.16210	0.03506	0.35045	0.03900	0.03906	0.09828	0.07292	0.02005	0.01174	0.03581	0.00951	0.00569	0.00529	0.00168	0.00651	0.00498	0.00327	0.00811
1	0.16950	0.07732	0.27057	0.08117	0.04459	0.18084	0.01339	0.07145	0.01292	0.01841	0.00917	0.01090	0.00701	0.00533	0.00472	0.00161	0.00730	0.00380	0.00287	0.00714
2	0.01261	0.01245	0.04197	0.10155	0.32650	0.06181	0.01227	0.01553	0.01191	0.01711	0.01035	0.01312	0.00851	0.00500	0.00526	0.00140	0.03084	0.00429	0.06368	0.24382
3	0.00738	0.00548	0.00689	0.00680	0.00806	0.00499	0.00505	0.00953	0.01417	0.01940	0.52632	0.13932	0.18077	0.01249	0.00653	0.00182	0.00275	0.03162	0.00568	0.00495
4	0.01458	0.81168	0.02857	0.00933	0.01399	0.02157	0.00933	0.01632	0.01108	0.01283	0.00758	0.00875	0.00700	0.00466	0.00350	0.00117	0.00583	0.00292	0.00233	0.00700
5	0.00667	0.00553	0.00585	0.00588	0.00759	0.00471	0.00443	0.00821	0.01272	0.01557	0.13615	0.07450	0.64346	0.01364	0.00649	0.00186	0.00282	0.03406	0.00517	0.00467
6	0.00792	0.00568	0.00718	0.00733	0.00835	0.00542	0.00554	0.00974	0.01259	0.01702	0.32892	0.04598	0.10801	0.20515	0.01187	0.00279	0.00388	0.19702	0.00501	0.00461
7	0.00789	0.00557	0.00676	0.00692	0.00830	0.00498	0.00515	0.00956	0.01281	0.05527	0.22150	0.24648	0.31142	0.01374	0.00660	0.00195	0.00307	0.06170	0.00538	0.00496
8	0.01766	0.01375	0.01464	0.01192	0.01574	0.01548	0.00962	0.44563	0.34120	0.02942	0.01698	0.01619	0.01242	0.00691	0.00549	0.00173	0.00528	0.00544	0.00549	0.00900
9	0.01193	0.01193	0.01670	0.01431	0.01431	0.01670	0.01193	0.01312	0.00835	0.01312	0.00716	0.01193	0.00716	0.00954	0.01789	0.00239	0.79843	0.00477	0.00239	0.00596
10	0.01458	0.81168	0.02857	0.00933	0.01399	0.02157	0.00933	0.01632	0.01108	0.01283	0.00758	0.00875	0.00700	0.00466	0.00350	0.00117	0.00583	0.00292	0.00233	0.00700
11	0.00947	0.00473	0.00710	0.00710	0.00710	0.00473	0.00473	0.00710	0.00710	0.00947	0.00947	0.01657	0.00947	0.01894	0.02131	0.84138	0.00473	0.00473	0.00237	0.00237
12	0.01130	0.00969	0.01130	0.00807	0.01292	0.00727	0.00646	0.01373	0.01130	0.01776	0.00969	0.01130	0.00807	0.00404	0.00404	0.00081	0.00404	0.00323	0.00323	0.84173
13	0.01727	0.02137	0.16416	0.08437	0.01969	0.39244	0.03690	0.04127	0.01428	0.10526	0.01150	0.04620	0.00915	0.00614	0.00524	0.00159	0.00822	0.00462	0.00331	0.00702
14	0.50750	0.01651	0.01110	0.00994	0.01314	0.30312	0.00780	0.04422	0.01217	0.02063	0.00810	0.00937	0.00644	0.00532	0.00403	0.00158	0.00639	0.00323	0.00323	0.00618
15	0.00644	0.00552	0.00552	0.00552	0.00736	0.00460	0.00414	0.00782	0.01243	0.01473	0.05523	0.05247	0.77218	0.01381	0.00644	0.00184	0.00276	0.01151	0.00506	0.00460
16	0.01008	0.02212	0.57088	0.01362	0.01977	0.01100	0.01646	0.01525	0.01105	0.01641	0.04377	0.01503	0.01036	0.01358	0.18347	0.00333	0.00931	0.00469	0.00260	0.00720
17	0.01346	0.05034	0.08197	0.20176	0.30621	0.13178	0.01482	0.01647	0.01193	0.01543	0.00933	0.01262	0.00769	0.00566	0.00666	0.00171	0.09782	0.00449	0.00257	0.00726
18	0.00999	0.00820	0.01070	0.00968	0.01013	0.01008	0.00729	0.05469	0.00929	0.01325	0.01309	0.02360	0.01375	0.34261	0.17393	0.00479	0.27073	0.00628	0.00305	0.00485
19	0.84691	0.01054	0.00801	0.00717	0.01054	0.01223	0.00590	0.01603	0.00928	0.02446	0.00759	0.00886	0.00590	0.00506	0.00337	0.00169	0.00422	0.00295	0.00337	0.00590
20	0.01683	0.50623	0.02347	0.01116	0.01510	0.31896	0.00980	0.01844	0.01278	0.01303	0.00791	0.00917	0.00701	0.00503	0.00405	0.00126	0.00739	0.00315	0.00252	0.00673
21	0.00906	0.00728	0.01021	0.03799	0.13226	0.00730	0.00782	0.03753	0.05162	0.01748	0.18149	0.31637	0.07293	0.01338	0.04009	0.00224	0.00441	0.04007	0.00474	0.00575
22	0.04388	0.07898	0.15335	0.07057	0.01922	0.26609	0.05713	0.03978	0.04629	0.09429	0.01080	0.01227	0.00822	0.00591	0.00607	0.00164	0.07082	0.00427	0.00323	0.00717
23	0.04132	0.23760	0.20468	0.01240	0.01727	0.01484	0.07590	0.13995	0.01350	0.04388	0.01092	0.01301	0.00871	0.01096	0.12948	0.00268	0.00799	0.00438	0.00316	0.00737
24	0.00664	0.00474	0.00633	0.00759	0.00791	0.00443	0.00506	0.00759	0.01044	0.01392	0.03005	0.80485	0.03606	0.01708	0.00696	0.00221	0.00316	0.01550	0.00506	0.00443
25	0.00678	0.00500	0.00637	0.00733	0.00801	0.00459	0.00511	0.00798	0.01116	0.01463	0.07652	0.59746	0.15916	0.01609	0.00687	0.00214	0.00316	0.05199	0.00511	0.00453
26	0.01148	0.01106	0.01793	0.53700	0.23912	0.03081	0.01535	0.01486	0.01133	0.01495	0.00972	0.01404	0.00763	0.00545	0.00590	0.00177	0.03751	0.00481	0.00251	0.00677
27	0.01065	0.00912	0.01442	0.41567	0.09942	0.01031	0.04418	0.04430	0.01187	0.01618	0.04030	0.01971	0.07156	0.03078	0.00662	0.03150	0.00597	0.00574	0.10568	0.00602
28	0.01337	0.01283	0.02191	0.06274	0.74608	0.01292	0.01667	0.01662	0.01236	0.01766	0.01023	0.01353	0.00858	0.00488	0.00540	0.00163	0.00651	0.00486	0.00269	0.00854
29	0.01131	0.00925	0.01108	0.00912	0.04116	0.00789	0.00670	0.06999	0.01173	0.01752	0.01153	0.01612	0.01046	0.13147	0.07176	0.00224	0.00534	0.00436	0.00337	0.54763
30	0.00949	0.00812	0.01103	0.01009	0.01034	0.01029	0.00773	0.01047	0.00838	0.01222	0.01287	0.04682	0.01367	0.27345	0.20408	0.00483	0.33205	0.00638	0.00289	0.00480
31	0.00748	0.00510	0.00608	0.00652	0.00663	0.00499	0.00392	0.00781	0.00880	0.01174	0.02166	0.30338	0.02547	0.53299	0.02051	0.00422	0.00455	0.01056	0.00392	0.00369
32	0.01274	0.01396	0.12560	0.14546	0.21420	0.01221	0.17687	0.01682	0.03136	0.07279	0.03696	0.01545	0.01028	0.00741	0.04618	0.00213	0.04363	0.00538	0.00309	0.00748
33	0.01560	0.07498	0.18675	0.01450	0.08931	0.03835	0.03386	0.26169	0.06227	0.04945	0.01216	0.01362	0.00926	0.03223	0.00587	0.00168	0.00635	0.00461	0.00388	0.08359
34	0.01415	0.70185	0.10107	0.01052	0.01554	0.02038	0.04255	0.01646	0.01120	0.01345	0.00794	0.00927	0.00704	0.00471	0.00379	0.00125	0.00619	0.00317	0.00235	0.00711
35	0.00667	0.00553	0.00584	0.00576	0.00750	0.00470	0.00432	0.00827	0.01297	0.01601	0.18409	0.05035	0.64253	0.01333	0.00644	0.00182	0.00273	0.01121	0.00523	0.00470
36	0.01098	0.01461	0.18836	0.13484	0.05944	0.06481	0.11534	0.02847	0.01153	0.01553	0.01317	0.06425	0.01176	0.01478	0.19010	0.00345	0.00921	0.03997	0.00294	0.00647
37	0.04751	0.05393	0.01552	0.04015	0.08604	0.28905	0.01027	0.12705	0.04697	0.13635	0.01309	0.05970	0.01060	0.00667	0.00561	0.00161	0.03345	0.00501	0.00401	0.00740
38	0.18545	0.01765	0.01442	0.05423	0.06901	0.34353	0.01024	0.08105	0.01342	0.01758	0.00872	0.01091	0.00721	0.00647	0.00694	0.02944	0.11031	0.00389	0.00305	0.00646
39	0.01325	0.01350	0.06412	0.10795	0.09203	0.08837	0.04285	0.04727	0.32317	0.01968	0.03971	0.01855	0.03868	0.00670	0.00541	0.00172	0.00572	0.00566	0.05810	0.00756
40	0.00668	0.00479	0.00628	0.00746	0.00781	0.00447	0.00496	0.00761	0.01041	0.01382	0.03040	0.75007	0.06009	0.04740	0.00774	0.00232	0.00323	0.01507	0.00499	0.00439
41	0.84691	0.01054	0.00801	0.00717	0.01054	0.01223	0.00590	0.01603	0.00928	0.02446	0.00759	0.00886	0.00590	0.00506	0.00337	0.00169	0.00422	0.00295	0.00337	0.00590
42	0.01819	0.02126	0.01399	0.01248	0.01535	0.55675	0.00949	0.11980	0.01636	0.01643	0.01653	0.01708	0.12937	0.00705	0.00523	0.00151	0.00818	0.00498	0.00353	0.00645
43	0.01123	0.00969	0.01167	0.06540	0.01471	0.00762	0.00709	0.01374	0.01128	0.01749	0.00969	0.01154	0.00802	0.00414	0.00414	0.00088	0.00427	0.00335	0.00317	0.78087
44	0.14551	0.01130	0.01608	0.03711	0.07963	0.01337	0.08195	0.01477	0.00998	0.04923	0.00924	0.01270	0.00794	0.00904	0.05683	0.00233	0.34711	0.00459	0.00291	0.08837
45	0.01492	0.01110	0.01187	0.01029	0.01337	0.01242	0.00811	0.14878	0.47196	0.07272	0.01991	0.01900	0.01477	0.00704	0.00525	0.00171	0.00434	0.00574	0.13848	0.00821
46	0.00961	0.01456	0.29860	0.08128	0.01739	0.00886	0.01271	0.01295	0.01133	0.01548	0.01988	0.03222	0.08154	0.01086	0.00807	0.10563	0.00613	0.24357	0.00344	0.00589
47	0.01119	0.10381	0.27821	0.03859	0.04096	0.01023	0.01137	0.01440	0.01178	0.08994	0.02405	0.02580	0.22147	0.08614	0.00759	0.00204	0.00565	0.00656	0.00362	0.00658
48	0.00662	0.00483	0.00623	0.00735	0.00784	0.00445	0.00495	0.00762	0.01067	0.01401	0.03297	0.71757	0.12145	0.01670	0.00690	0.00217	0.00312	0.01504	0.00506	0.00445
49	0.00689	0.00500	0.00656	0.00772	0.00828	0.00467	0.00544	0.00807	0.01087	0.01428	0.03208	0.64749	0.09928	0.01655	0.00698	0.00222	0.00336	0.10468	0.00506	0.00452
50	0.03560	0.04168	0.12957	0.01903	0.22524	0.25146	0.03940	0.01886	0.05779	0.03589	0.01178	0.01586	0.00998	0.00618	0.00561	0.00166	0.02619	0.05773	0.00312	0.00737
51	0.01355	0.01259	0.01974	0.04869	0.49774	0.01378	0.01468	0.08812	0.01277	0.01823	0.01058	0.04101	0.00932	0.00642	0.00799	0.00180	0.16684	0.00522	0.00298	0.00793
52	0.00685	0.00492	0.00655	0.00778	0.00823	0.00461	0.00540	0.00796	0.01070	0.01417	0.03060	0.71192	0.05519	0.01679	0.00700	0.00223	0.00333	0.08623	0.00506	0.00449
53	0.01308	0.01269	0.02213	0.12086	0.63954	0.01291	0.06566	0.01646	0.01227	0.01734	0.01024	0.01369	0.00845	0.00491	0.00547	0.00166	0.00675	0.00496	0.00267	0.00825
54	0.01130	0.00969	0.01130	0.00807	0.01292	0.00727	0.00646	0.01373	0.01130	0.01776	0.00969	0.01130	0.00807	0.00404	0.00404	0.00081	0.00404	0.00323	0.00323	0.84173
55	0.01433	0.03039	0.01523	0.13304	0.09342	0.04126	0.03180	0.18945	0.09320	0.06946	0.01403	0.04015	0.01136	0.01316	0.15504	0.00308	0.03481	0.00550	0.00396	0.00733
56	0.00805	0.00565	0.00690	0.00683	0.00700	0.00602	0.00432	0.00845	0.00815	0.01112	0.01662	0.05109	0.01862	0.62352	0.15635	0.00568	0.04107	0.00762	0.00324	0.00371
57	0.00947	0.00473	0.00710	0.00710	0.00710	0.00473	0.00473	0.00710	0.00710	0.00947	0.00947	0.01657	0.00947	0.01894	0.02131	0.84138	0.00473	0.00473	0.00237	0.00237
58	0.00799	0.00528	0.00592	0.00592	0.00596	0.00528	0.00332	0.00807	0.00803	0.01086	0.01720	0.03522	0.01965	0.78450	0.02704	0.00517	0.00520	0.00784	0.02820	0.00336
59	0.02220	0.01201	0.01418	0.01091	0.01510	0.01218	0.00900	0.37560	0.02027	0.39686	0.01735	0.01600	0.01149	0.00664	0.00541	0.00165	0.00522	0.00519	0.03361	0.00914
60	0.29192	0.01103	0.01197	0.00951	0.01348	0.01137	0.00785	0.18607	0.01578	0.36620	0.01509	0.01417	0.01008	0.00615	0.00479	0.00168	0.00481	0.00453	0.00536	0.00818
61	0.01193	0.01193	0.01670	0.01431	0.01431	0.01670	0.01193	0.01312	0.00835	0.01312	0.00716	0.01193	0.00716	0.00954	0.01789	0.00239	0.79843	0.00477	0.00239	0.00596
62	0.00785	0.00628	0.00857	0.00911	0.00943	0.00700	0.00671	0.00897	0.01019	0.01394	0.02543	0.59092	0.02998	0.01543	0.00917	0.00227	0.16071	0.06875	0.00453	0.00478
63	0.01193	0.01193	0.01670	0.01431	0.01431	0.01670	0.01193	0.01312	0.00835	0.01312	0.00716	0.01193	0.00716	0.00954	0.01789	0.00239	0.79843	0.00477	0.00239	0.00596
64	0.00934	0.00590	0.00729	0.00677	0.00835	0.00549	0.00514	0.01207	0.03187	0.07526	0.52178	0.03637	0.10076	0.01020	0.00593	0.00166	0.00277	0.00883	0.13877	0.00547
65	0.01272	0.01154	0.01796	0.12878	0.37554	0.04473	0.06117	0.03968	0.01212	0.04181	0.01224	0.01817	0.01082	0.10296	0.06506	0.00263	0.00724	0.02464	0.00304	0.00714
66	0.00786	0.00556	0.00732	0.00732	0.00780	0.00603	0.00502	0.00881	0.00834	0.01159	0.01592	0.02870	0.01679	0.43305	0.39896	0.00699	0.00984	0.00691	0.00312	0.00407
67	0.01679	0.08686	0.25301	0.01233	0.01789	0.01373	0.01257	0.28164	0.01710	0.13636	0.01251	0.01286	0.00885	0.00574	0.00506	0.00155	0.00623	0.00438	0.00418	0.09035
68	0.02410	0.00985	0.01301	0.00997	0.01420	0.00887	0.00824	0.09680	0.01657	0.70657	0.02070	0.01803	0.01309	0.00673	0.00548	0.00168	0.00477	0.00543	0.00662	0.00928
69	0.01094	0.01046	0.04898	0.00964	0.03676	0.07828	0.00750	0.13031	0.03976	0.01909	0.12809	0.14391	0.27158	0.01111	0.00612	0.00181	0.00446	0.03034	0.00484	0.00600
70	0.00757	0.00569	0.00773	0.00765	0.00874	0.00602	0.00578	0.00938	0.01054	0.01456	0.16508	0.03123	0.14231	0.09530	0.45043	0.00603	0.00965	0.00768	0.00388	0.00475
71	0.01059	0.01017	0.08662	0.03309	0.11766	0.00812	0.03362	0.01375	0.04486	0.06599	0.12657	0.12448	0.13221	0.03425	0.00646	0.00179	0.00462	0.01809	0.00427	0.12277
72	0.01118	0.01089	0.01495	0.01295	0.01308	0.01483	0.01061	0.01228	0.00861	0.01302	0.01153	0.01694	0.06397	0.07909	0.01791	0.00260	0.67174	0.00554	0.00266	0.00563
73	0.02641	0.16576	0.20690	0.01359	0.07235	0.14216	0.01232	0.10738	0.02532	0.03031	0.00992	0.01124	0.00779	0.00517	0.00467	0.00140	0.00676	0.00382	0.00309	0.14365

[dist]
# distance from previous block
# <min> <max>
4	12

[block]
# block no. 4 follows, 44 sequences, length 22
# corresponding to MSA columns:
# 427-448
name=unknown_E
#
# <colnr> <probs for GDERKNQSTAVLIFYWHMCP>
#	G	D	E	R	K	N	Q	S	T	A	V	L	I	F	Y	W	H	M	C	P
0	0.01090	0.01395	0.17892	0.28616	0.07458	0.03404	0.04770	0.04176	0.01140	0.01554	0.01153	0.04670	0.00972	0.01247	0.14896	0.00307	0.03799	0.00532	0.00275	0.00655
1	0.00793	0.00529	0.00595	0.00595	0.00595	0.00529	0.00330	0.00793	0.00793	0.01057	0.01718	0.03568	0.01982	0.80840	0.02775	0.00529	0.00529	0.00793	0.00330	0.00330
2	0.00751	0.00586	0.00857	0.17607	0.01438	0.00614	0.00736	0.00909	0.01062	0.01401	0.02565	0.60639	0.02972	0.01451	0.00666	0.00214	0.00411	0.04191	0.00450	0.00480
3	0.02351	0.01081	0.01360	0.01043	0.01468	0.01029	0.00861	0.21302	0.01817	0.58810	0.01936	0.01716	0.01242	0.00670	0.00548	0.00167	0.00499	0.00534	0.00642	0.00928
4	0.00731	0.00512	0.00638	0.00715	0.00801	0.00462	0.00495	0.00842	0.01115	0.04497	0.03609	0.58240	0.22174	0.01583	0.00677	0.00210	0.00312	0.01408	0.00513	0.00467
5	0.01458	0.81168	0.02857	0.00933	0.01399	0.02157	0.00933	0.01632	0.01108	0.01283	0.00758	0.00875	0.00700	0.00466	0.00350	0.00117	0.00583	0.00292	0.00233	0.00700
6	0.01349	0.01295	0.02213	0.03346	0.77440	0.01295	0.01673	0.01673	0.01241	0.01781	0.01025	0.01349	0.00864	0.00486	0.00540	0.00162	0.00648	0.00486	0.00270	0.00864
7	0.01315	0.00725	0.00920	0.00768	0.01011	0.00634	0.00579	0.01501	0.01320	0.23551	0.27064	0.02848	0.02671	0.17914	0.01032	0.00232	0.00398	0.00711	0.00518	0.14287
8	0.00957	0.01209	0.16164	0.01598	0.17677	0.00880	0.08048	0.01249	0.01156	0.01589	0.02255	0.30929	0.09379	0.01061	0.00620	0.00193	0.00540	0.03482	0.00381	0.00634
9	0.01280	0.01301	0.06698	0.06153	0.01625	0.07984	0.02252	0.07288	0.01282	0.01837	0.00987	0.01160	0.00794	0.00456	0.00445	0.00108	0.00531	0.00361	0.00324	0.57134
10	0.12363	0.01174	0.01249	0.14935	0.01681	0.11631	0.00928	0.08331	0.01187	0.01702	0.01142	0.05036	0.01040	0.07131	0.10125	0.00283	0.11571	0.00513	0.01889	0.06087
11	0.07581	0.06448	0.01776	0.40825	0.19332	0.04924	0.01376	0.08352	0.01269	0.01736	0.00977	0.01315	0.00762	0.00535	0.00513	0.00169	0.00677	0.00452	0.00285	0.00698
12	0.01291	0.02691	0.08734	0.11054	0.04694	0.02544	0.06279	0.13834	0.01262	0.01786	0.01028	0.01386	0.00855	0.01057	0.08970	0.00264	0.27564	0.00492	0.03533	0.00679
13	0.01001	0.00709	0.00812	0.00723	0.00859	0.00704	0.00495	0.09542	0.01076	0.01520	0.01545	0.02716	0.01593	0.46928	0.09910	0.00433	0.00597	0.00652	0.06161	0.12025
14	0.00684	0.00533	0.00624	0.00667	0.00791	0.00473	0.00488	0.00832	0.01221	0.01556	0.14447	0.29348	0.38696	0.01457	0.00668	0.00199	0.00301	0.06031	0.00519	0.00465
15	0.01190	0.04105	0.15355	0.23696	0.05736	0.01335	0.37326	0.01638	0.01202	0.01631	0.01031	0.01388	0.00773	0.00494	0.00582	0.00178	0.00826	0.00541	0.00257	0.00715
16	0.00721	0.00560	0.00681	0.00673	0.00804	0.00539	0.00500	0.00884	0.01153	0.01510	0.17625	0.03990	0.34952	0.09795	0.22738	0.00409	0.00629	0.00926	0.00447	0.00465
17	0.00711	0.00514	0.00636	0.00705	0.00766	0.00481	0.00481	0.00814	0.01069	0.01403	0.08206	0.42525	0.14269	0.18520	0.01133	0.00280	0.00364	0.06220	0.00475	0.00430
18	0.01585	0.31802	0.07500	0.01247	0.01636	0.26765	0.06812	0.05500	0.01310	0.01462	0.00917	0.01186	0.00806	0.05812	0.00650	0.00167	0.03502	0.00396	0.00274	0.00672
19	0.00733	0.00555	0.00628	0.00619	0.00771	0.00486	0.00455	0.00895	0.01294	0.03491	0.24967	0.11028	0.45227	0.05491	0.00758	0.00201	0.00292	0.01105	0.00527	0.00478
20	0.01268	0.11082	0.22614	0.01260	0.04408	0.11946	0.01185	0.02816	0.02931	0.01586	0.05108	0.01514	0.01107	0.08202	0.00841	0.00190	0.09313	0.00458	0.00295	0.11874
