[name]
unknown

[dist]
# distance from previous block
# <min> <max>
14	536

[block]
# block no. 0 follows, 38 sequences, length 15
# corresponding to MSA columns:
# 742-756
name=unknown_A
#
# <colnr> <probs for GDERKNQSTAVLIFYWHMCP>
#	G	D	E	R	K	N	Q	S	T	A	V	L	I	F	Y	W	H	M	C	P
0	0.15766	0.04189	0.13589	0.01134	0.01478	0.01125	0.01075	0.08581	0.01312	0.02039	0.01676	0.02736	0.01572	0.02014	0.23676	0.00441	0.00930	0.15593	0.00395	0.00677
1	0.01775	0.10356	0.13619	0.01530	0.01930	0.22560	0.04852	0.12011	0.03417	0.04038	0.01080	0.01285	0.00865	0.00711	0.00857	0.00189	0.17313	0.00470	0.00347	0.00794
2	0.00828	0.02861	0.06482	0.00821	0.01015	0.00640	0.00674	0.01055	0.01413	0.01891	0.28807	0.25682	0.22760	0.01425	0.00708	0.00207	0.00363	0.01244	0.00564	0.00559
3	0.02050	0.02478	0.01739	0.01548	0.01800	0.56860	0.01194	0.05635	0.01592	0.01580	0.00925	0.01152	0.00790	0.00718	0.00852	0.00179	0.17465	0.00425	0.00314	0.00705
4	0.01303	0.01225	0.01502	0.34056	0.02637	0.08728	0.01286	0.01985	0.19902	0.01837	0.01860	0.02824	0.01633	0.00885	0.00647	0.00213	0.00694	0.15642	0.00421	0.00719
5	0.00941	0.00674	0.00747	0.00748	0.00912	0.00651	0.00551	0.03840	0.07237	0.01979	0.12077	0.21549	0.25860	0.01312	0.00650	0.00197	0.00334	0.01126	0.18039	0.00576
6	0.57734	0.01073	0.00961	0.00828	0.01197	0.01171	0.00678	0.01981	0.01197	0.18231	0.01278	0.01332	0.00919	0.00612	0.00427	0.00182	0.00457	0.00409	0.08610	0.00722
7	0.01965	0.04798	0.01636	0.08248	0.01933	0.54183	0.01125	0.02198	0.04240	0.04279	0.01287	0.08921	0.01162	0.00753	0.00570	0.00170	0.00928	0.00549	0.00356	0.00698
8	0.00943	0.00757	0.00973	0.00895	0.00979	0.00838	0.00669	0.01115	0.01309	0.01838	0.35257	0.03806	0.10395	0.19499	0.01534	0.00299	0.16928	0.00935	0.00497	0.00533
9	0.01372	0.24895	0.01954	0.01080	0.01495	0.01505	0.00938	0.01588	0.01170	0.01685	0.00939	0.01176	0.00833	0.00596	0.00754	0.00138	0.17043	0.00382	0.00306	0.40150
10	0.01089	0.00795	0.00956	0.00949	0.01105	0.00803	0.00701	0.16348	0.01589	0.02124	0.10178	0.46995	0.07152	0.01540	0.00727	0.00225	0.00418	0.05113	0.00578	0.00615
11	0.01392	0.05587	0.13458	0.02018	0.24666	0.03220	0.03084	0.04577	0.01297	0.01856	0.01071	0.01389	0.00895	0.00727	0.00830	0.08605	0.06264	0.00471	0.00308	0.18285
12	0.01056	0.00790	0.00992	0.00938	0.01002	0.03812	0.00698	0.01011	0.00986	0.01288	0.02120	0.02596	0.16814	0.01916	0.07867	0.39932	0.14735	0.00688	0.00332	0.00426
13	0.00863	0.00631	0.00900	0.00900	0.00985	0.00716	0.00669	0.01032	0.00947	0.01347	0.01672	0.02700	0.01650	0.20415	0.60771	0.00885	0.01391	0.00694	0.00331	0.00500
14	0.01313	0.20518	0.31256	0.01514	0.09125	0.05339	0.01449	0.01680	0.01207	0.01614	0.01194	0.01780	0.01089	0.17303	0.01061	0.00257	0.00758	0.00513	0.00286	0.00745

[dist]
# distance from previous block
# <min> <max>
0	2

[block]
# block no. 1 follows, 38 sequences, length 17
# corresponding to MSA columns:
# 759-775
name=unknown_B
#
# <colnr> <probs for GDERKNQSTAVLIFYWHMCP>
#	G	D	E	R	K	N	Q	S	T	A	V	L	I	F	Y	W	H	M	C	P
0	0.01531	0.28496	0.11127	0.04484	0.14165	0.11399	0.01307	0.01926	0.06311	0.01698	0.01105	0.01310	0.00922	0.00757	0.04289	0.00194	0.00769	0.00433	0.00307	0.07472
1	0.00904	0.01206	0.19431	0.01006	0.01264	0.00774	0.00936	0.01144	0.01098	0.01515	0.02354	0.24573	0.07263	0.23170	0.10292	0.00407	0.00695	0.01007	0.00401	0.00561
2	0.06265	0.62327	0.05487	0.01044	0.01518	0.06185	0.01014	0.01772	0.01215	0.01493	0.00923	0.01188	0.00862	0.05913	0.00585	0.00167	0.00662	0.00368	0.00274	0.00737
3	0.01161	0.01167	0.01387	0.01226	0.01321	0.06490	0.00995	0.01302	0.01138	0.01514	0.02720	0.02920	0.27602	0.01193	0.01418	0.00234	0.44447	0.00786	0.00373	0.00606
4	0.00831	0.00723	0.00985	0.00869	0.01100	0.00636	0.09178	0.01041	0.01385	0.01757	0.11344	0.10587	0.50564	0.01361	0.00701	0.00202	0.00390	0.01184	0.04612	0.00551
5	0.83108	0.01163	0.00884	0.00791	0.01163	0.01350	0.00651	0.01768	0.01024	0.02699	0.00838	0.00977	0.00651	0.00558	0.00372	0.00186	0.00465	0.00326	0.00372	0.00651
6	0.00859	0.00645	0.00967	0.00967	0.01074	0.00752	0.00752	0.01074	0.00967	0.01396	0.01611	0.02363	0.01504	0.04512	0.76474	0.00967	0.01611	0.00645	0.00322	0.00537
7	0.01625	0.48082	0.02461	0.01134	0.01576	0.08138	0.01016	0.02296	0.24533	0.01772	0.01359	0.01384	0.01112	0.00620	0.00471	0.00155	0.00626	0.00442	0.00375	0.00824
8	0.00958	0.00800	0.00984	0.08454	0.06426	0.00774	0.00747	0.06933	0.01527	0.01945	0.16013	0.04514	0.45191	0.01251	0.00683	0.00197	0.00408	0.01057	0.00532	0.00606
9	0.01370	0.35787	0.31170	0.01394	0.05148	0.01717	0.01480	0.01726	0.01209	0.01606	0.01038	0.01374	0.00887	0.00730	0.00677	0.08335	0.00728	0.02590	0.00267	0.00768
10	0.83108	0.01163	0.00884	0.00791	0.01163	0.01350	0.00651	0.01768	0.01024	0.02699	0.00838	0.00977	0.00651	0.00558	0.00372	0.00186	0.00465	0.00326	0.00372	0.00651
11	0.01526	0.02072	0.17538	0.05581	0.19068	0.18939	0.16108	0.01933	0.01458	0.01847	0.07095	0.01626	0.01242	0.00617	0.00611	0.00182	0.00867	0.00563	0.00321	0.00807
12	0.01374	0.01302	0.02172	0.23442	0.49866	0.01353	0.01706	0.01735	0.01315	0.01849	0.01110	0.01500	0.00907	0.00546	0.00585	0.00177	0.00716	0.00521	0.00294	0.07529
13	0.00731	0.00579	0.00661	0.00723	0.00856	0.00508	0.00520	0.00870	0.01284	0.01597	0.04852	0.34993	0.43302	0.01674	0.00739	0.00223	0.00333	0.04496	0.00558	0.00502
14	0.01183	0.01203	0.09241	0.01571	0.09095	0.01010	0.15930	0.01521	0.01351	0.06103	0.12651	0.06455	0.10427	0.01414	0.11428	0.00305	0.03147	0.00806	0.04456	0.00703
15	0.01471	0.01411	0.02410	0.07400	0.71537	0.01425	0.01837	0.01831	0.01361	0.01944	0.01128	0.01495	0.00945	0.00539	0.00596	0.00180	0.00719	0.00536	0.00296	0.00939
16	0.01500	0.01989	0.18458	0.01852	0.13012	0.15992	0.09855	0.05347	0.08324	0.01944	0.01689	0.05435	0.06434	0.00724	0.00604	0.00182	0.00776	0.00621	0.00369	0.04892

[dist]
# distance from previous block
# <min> <max>
0	3

[block]
# block no. 2 follows, 38 sequences, length 11
# corresponding to MSA columns:
# 779-789
name=unknown_C
#
# <colnr> <probs for GDERKNQSTAVLIFYWHMCP>
#	G	D	E	R	K	N	Q	S	T	A	V	L	I	F	Y	W	H	M	C	P
0	0.01825	0.35516	0.09340	0.01362	0.01888	0.09453	0.06468	0.23362	0.01773	0.02220	0.01079	0.01198	0.00857	0.00592	0.00508	0.00158	0.00743	0.00434	0.00370	0.00854
1	0.03904	0.17760	0.24593	0.01288	0.01837	0.01587	0.01332	0.19595	0.06098	0.02289	0.01734	0.07308	0.06631	0.00779	0.00563	0.00181	0.00661	0.00609	0.00412	0.00838
2	0.02169	0.02046	0.01712	0.01421	0.01824	0.27819	0.01125	0.39290	0.11766	0.02816	0.01397	0.01424	0.01043	0.00699	0.00582	0.00175	0.00785	0.00506	0.00501	0.00900
3	0.01571	0.01871	0.30761	0.01496	0.02075	0.01164	0.09928	0.02130	0.07134	0.20256	0.01874	0.07565	0.01517	0.00818	0.00637	0.00204	0.00709	0.06973	0.00459	0.00860
4	0.00732	0.00582	0.00657	0.00698	0.00840	0.00507	0.00501	0.00881	0.01332	0.01672	0.11825	0.29417	0.45009	0.01613	0.00729	0.00215	0.00317	0.01396	0.00569	0.00507
5	0.16805	0.39672	0.08023	0.01340	0.01857	0.07464	0.13766	0.01870	0.01260	0.01786	0.00929	0.01115	0.00774	0.00533	0.00466	0.00159	0.00727	0.00405	0.00291	0.00760
6	0.01549	0.25095	0.04145	0.11352	0.20822	0.01630	0.06956	0.05752	0.01389	0.07400	0.01267	0.04912	0.01073	0.00765	0.03251	0.00200	0.00728	0.00545	0.00345	0.00823
7	0.00795	0.00550	0.00680	0.00758	0.00778	0.00530	0.00473	0.00854	0.01030	0.01374	0.02693	0.45777	0.03193	0.35645	0.01774	0.00393	0.00452	0.01344	0.00473	0.00434
8	0.00736	0.00569	0.00671	0.00733	0.00850	0.00505	0.00516	0.00878	0.01300	0.01662	0.11688	0.40235	0.34174	0.01666	0.00738	0.00221	0.00324	0.01461	0.00569	0.00505
9	0.01752	0.06149	0.17690	0.01398	0.03625	0.14851	0.05725	0.07288	0.01490	0.16378	0.01484	0.01912	0.01209	0.15230	0.01039	0.00253	0.00766	0.00566	0.00412	0.00783
10	0.08032	0.01688	0.02081	0.01896	0.14015	0.07548	0.11427	0.40452	0.02167	0.02964	0.01275	0.01414	0.00949	0.00641	0.00594	0.00182	0.00739	0.00537	0.00470	0.00928

[dist]
# distance from previous block
# <min> <max>
2	4

[block]
# block no. 3 follows, 38 sequences, length 30
# corresponding to MSA columns:
# 794-823
name=unknown_D
#
# <colnr> <probs for GDERKNQSTAVLIFYWHMCP>
#	G	D	E	R	K	N	Q	S	T	A	V	L	I	F	Y	W	H	M	C	P
0	0.01835	0.40224	0.09815	0.01288	0.01780	0.22492	0.01200	0.11630	0.01577	0.01801	0.00969	0.01093	0.00806	0.00577	0.00477	0.00149	0.00791	0.00382	0.00318	0.00797
1	0.15823	0.11669	0.01577	0.01059	0.01475	0.01263	0.00897	0.05899	0.01517	0.42596	0.01742	0.01663	0.01189	0.00847	0.03602	0.00213	0.05002	0.00514	0.00565	0.00887
2	0.01208	0.00840	0.00908	0.00887	0.00929	0.10802	0.00609	0.01003	0.00908	0.01103	0.01029	0.01728	0.01008	0.01891	0.02106	0.71349	0.00599	0.00504	0.00268	0.00320
3	0.01153	0.01087	0.01835	0.73849	0.07574	0.01341	0.01679	0.01552	0.01211	0.01558	0.01072	0.01598	0.00809	0.00598	0.00601	0.00199	0.00798	0.00535	0.00269	0.00682
4	0.01387	0.01248	0.01640	0.02011	0.27397	0.01339	0.01200	0.02404	0.38563	0.02201	0.02478	0.02458	0.11412	0.00813	0.00620	0.00195	0.00537	0.00709	0.00494	0.00892
5	0.00719	0.00610	0.00621	0.00618	0.00818	0.00511	0.00464	0.00879	0.01391	0.01671	0.10103	0.05714	0.70824	0.01506	0.00711	0.00202	0.00303	0.01259	0.00565	0.00511
6	0.01165	0.01023	0.01629	0.02262	0.38607	0.01015	0.01217	0.01449	0.01377	0.01947	0.20253	0.07853	0.04494	0.05734	0.07094	0.00276	0.00636	0.00806	0.00421	0.00742
7	0.01608	0.79220	0.03152	0.01029	0.01544	0.02380	0.01029	0.01801	0.01222	0.01415	0.00836	0.00965	0.00772	0.00515	0.00386	0.00129	0.00643	0.00322	0.00257	0.00772
8	0.01198	0.01093	0.01869	0.01952	0.21909	0.01026	0.16735	0.01532	0.01483	0.03773	0.24074	0.02972	0.11752	0.00865	0.00662	0.00186	0.00579	0.00826	0.00456	0.05057
9	0.01346	0.01254	0.02093	0.15708	0.53064	0.01299	0.01616	0.01663	0.01275	0.01785	0.01224	0.01840	0.01095	0.11152	0.00930	0.00237	0.00712	0.00582	0.00302	0.00825
10	0.13195	0.02636	0.01594	0.01447	0.01765	0.66276	0.01093	0.02316	0.01613	0.01638	0.00917	0.01070	0.00758	0.00612	0.00519	0.00159	0.01001	0.00379	0.00318	0.00691
11	0.02122	0.02678	0.01984	0.01699	0.02054	0.65086	0.12040	0.02330	0.01662	0.01541	0.00973	0.01166	0.00796	0.00603	0.00568	0.00162	0.01074	0.00436	0.00309	0.00715
12	0.01181	0.01081	0.01729	0.49521	0.14248	0.01260	0.01488	0.01668	0.07352	0.01802	0.11175	0.02031	0.01571	0.00694	0.00616	0.00196	0.00691	0.00622	0.00354	0.00721
13	0.01190	0.00979	0.01153	0.01188	0.07349	0.01027	0.00824	0.07757	0.25164	0.02253	0.16056	0.13524	0.16797	0.01141	0.00668	0.00203	0.00427	0.00983	0.00576	0.00740
14	0.01128	0.00718	0.00910	0.00829	0.01034	0.00682	0.00638	0.01479	0.06548	0.12131	0.44948	0.04001	0.13562	0.01447	0.06992	0.00256	0.00441	0.00982	0.00628	0.00645
15	0.01275	0.01573	0.15313	0.34166	0.17921	0.01419	0.05709	0.01813	0.06967	0.01784	0.01184	0.01555	0.00912	0.00621	0.00682	0.00198	0.05270	0.00539	0.00300	0.00796
16	0.00733	0.00524	0.00698	0.00838	0.00873	0.00489	0.00558	0.00838	0.01152	0.01536	0.03316	0.78466	0.03979	0.01885	0.00768	0.00244	0.00349	0.01710	0.00558	0.00489
17	0.01544	0.01316	0.01387	0.01234	0.01583	0.01519	0.00964	0.07452	0.69685	0.02594	0.02387	0.02196	0.01787	0.00810	0.00611	0.00203	0.00487	0.00672	0.00611	0.00957
18	0.01692	0.69186	0.02962	0.01098	0.01585	0.12113	0.01047	0.01880	0.01286	0.01423	0.00849	0.00981	0.00772	0.00528	0.00407	0.00132	0.00701	0.00330	0.00264	0.00762
19	0.01667	0.09774	0.20301	0.01795	0.13315	0.01433	0.07928	0.02357	0.16355	0.16626	0.01614	0.01659	0.01172	0.00639	0.00584	0.00185	0.00688	0.00550	0.00437	0.00920
20	0.01608	0.79220	0.03152	0.01029	0.01544	0.02380	0.01029	0.01801	0.01222	0.01415	0.00836	0.00965	0.00772	0.00515	0.00386	0.00129	0.00643	0.00322	0.00257	0.00772
21	0.00730	0.00535	0.00686	0.00807	0.00864	0.00491	0.00545	0.00841	0.01181	0.01548	0.03692	0.68626	0.13576	0.01836	0.00760	0.00239	0.00343	0.01651	0.00558	0.00491
22	0.01311	0.06977	0.48326	0.02167	0.17011	0.01475	0.10577	0.01890	0.01305	0.01892	0.01092	0.01338	0.00819	0.00553	0.00582	0.00186	0.00855	0.00488	0.00269	0.00886
23	0.00725	0.00593	0.00640	0.00664	0.00830	0.00508	0.00484	0.00877	0.01351	0.01662	0.10249	0.19758	0.56425	0.01573	0.00722	0.00210	0.00312	0.01342	0.00566	0.00508
24	0.00712	0.00604	0.00615	0.00625	0.00817	0.00507	0.00464	0.00862	0.01356	0.01619	0.05904	0.10754	0.70020	0.01548	0.00715	0.00206	0.00308	0.01300	0.00559	0.00507
25	0.01359	0.01516	0.12002	0.37966	0.14290	0.01435	0.06545	0.08948	0.06389	0.01972	0.01222	0.01570	0.00920	0.00608	0.00605	0.00194	0.00779	0.00545	0.00330	0.00806
26	0.01549	0.01304	0.01855	0.46142	0.08957	0.01521	0.01508	0.25542	0.01761	0.02326	0.01200	0.01541	0.00888	0.00637	0.00601	0.00192	0.00748	0.00537	0.00382	0.00810
27	0.00753	0.00602	0.00629	0.00633	0.00816	0.00516	0.00470	0.00923	0.01380	0.01732	0.11776	0.09673	0.59546	0.01462	0.00694	0.00200	0.00304	0.01231	0.06144	0.00516
28	0.01194	0.01000	0.01505	0.45797	0.02905	0.01207	0.01298	0.07386	0.01310	0.01805	0.01396	0.06971	0.01185	0.01006	0.05851	0.00250	0.05235	0.00626	0.11412	0.00661
29	0.01662	0.01943	0.22655	0.02169	0.21615	0.01504	0.08392	0.18754	0.06672	0.06704	0.01361	0.01514	0.01004	0.00618	0.00603	0.00187	0.00751	0.00542	0.00405	0.00942

[dist]
# distance from previous block
# <min> <max>
2	11

[block]
# block no. 4 follows, 38 sequences, length 15
# corresponding to MSA columns:
# 835-849
name=unknown_E
#
# <colnr> <probs for GDERKNQSTAVLIFYWHMCP>
#	G	D	E	R	K	N	Q	S	T	A	V	L	I	F	Y	W	H	M	C	P
0	0.01207	0.00998	0.05663	0.00895	0.01281	0.00744	0.00755	0.01498	0.01470	0.09023	0.29133	0.02762	0.06284	0.00828	0.00580	0.00148	0.00412	0.00704	0.00511	0.35105
1	0.07182	0.01392	0.01519	0.05685	0.01771	0.14351	0.04926	0.05414	0.04980	0.36949	0.01927	0.08167	0.01445	0.00788	0.00599	0.00188	0.00646	0.00645	0.00565	0.00862
2	0.01359	0.06160	0.15871	0.05420	0.21985	0.01307	0.01408	0.01947	0.12085	0.01982	0.01279	0.01466	0.01013	0.00561	0.00539	0.00157	0.00636	0.00477	0.00349	0.23998
3	0.01658	0.07031	0.01545	0.05921	0.01676	0.22443	0.01017	0.06237	0.10368	0.08000	0.03207	0.01950	0.05778	0.01426	0.13883	0.00318	0.05814	0.00578	0.00416	0.00734
4	0.00891	0.00711	0.00945	0.00938	0.01010	0.00802	0.00701	0.01027	0.01054	0.01441	0.02564	0.18532	0.12278	0.15843	0.23226	0.00511	0.12783	0.03819	0.00410	0.00513
5	0.01831	0.43988	0.02556	0.01468	0.08507	0.29444	0.01154	0.02026	0.01413	0.01487	0.00898	0.01058	0.00790	0.00555	0.00463	0.00143	0.00812	0.00366	0.00280	0.00761
6	0.01554	0.21216	0.21894	0.01530	0.02141	0.04428	0.16126	0.01957	0.01347	0.10030	0.01198	0.01371	0.00909	0.00645	0.02343	0.00183	0.00789	0.00480	0.00335	0.09522
7	0.01551	0.06660	0.49903	0.01548	0.02289	0.01493	0.01810	0.14464	0.04485	0.08276	0.01291	0.01387	0.00911	0.00619	0.00571	0.00186	0.00789	0.00478	0.00369	0.00920
8	0.10628	0.15844	0.16221	0.01473	0.05372	0.25622	0.01308	0.10249	0.01576	0.04977	0.01060	0.01188	0.00825	0.00598	0.00514	0.00166	0.00813	0.00414	0.00347	0.00806
9	0.00823	0.00600	0.00820	0.00848	0.00931	0.00627	0.00612	0.00988	0.01120	0.01553	0.12701	0.21917	0.05598	0.13644	0.33730	0.00594	0.00915	0.01028	0.00444	0.00504
10	0.00852	0.00684	0.00859	0.00848	0.00979	0.00714	0.00639	0.01088	0.04278	0.01658	0.12437	0.14394	0.26009	0.05392	0.20554	0.00425	0.06107	0.01054	0.00484	0.00544
11	0.00811	0.00627	0.00816	0.00805	0.00951	0.00632	0.00616	0.01021	0.01265	0.01704	0.19943	0.03941	0.25716	0.02806	0.34955	0.00545	0.00890	0.00945	0.00476	0.00535
12	0.01281	0.17259	0.62248	0.01587	0.02407	0.01580	0.02001	0.01886	0.01261	0.01814	0.01034	0.01213	0.00764	0.00561	0.00537	0.00179	0.00843	0.00422	0.00255	0.00867
13	0.01768	0.01829	0.01352	0.01201	0.01434	0.35119	0.00876	0.15531	0.01628	0.01812	0.01372	0.02166	0.01324	0.28386	0.01447	0.00312	0.00825	0.00590	0.00386	0.00642
14	0.11328	0.55025	0.17006	0.01134	0.01704	0.02065	0.01216	0.01818	0.01208	0.01665	0.00884	0.01026	0.00756	0.00531	0.00420	0.00148	0.00670	0.00346	0.00271	0.00780

[dist]
# distance from previous block
# <min> <max>
0	1

[block]
# block no. 5 follows, 38 sequences, length 11
# corresponding to MSA columns:
# 851-861
name=unknown_F
#
# <colnr> <probs for GDERKNQSTAVLIFYWHMCP>
#	G	D	E	R	K	N	Q	S	T	A	V	L	I	F	Y	W	H	M	C	P
0	0.01422	0.07446	0.34688	0.04169	0.11012	0.17026	0.01647	0.01847	0.01353	0.01731	0.01324	0.11103	0.01200	0.00742	0.00582	0.00185	0.00821	0.00600	0.00311	0.00791
1	0.01322	0.02811	0.61713	0.01914	0.10802	0.01437	0.02097	0.07370	0.01401	0.02057	0.01114	0.01308	0.00804	0.00579	0.00577	0.00188	0.00852	0.00462	0.00286	0.00907
2	0.01226	0.39131	0.02037	0.00997	0.01304	0.01550	0.00888	0.01430	0.01092	0.01406	0.01232	0.01678	0.01145	0.02554	0.39206	0.00556	0.01137	0.00486	0.00290	0.00652
3	0.01873	0.01417	0.02122	0.02732	0.46265	0.01434	0.01526	0.17896	0.01755	0.14903	0.01413	0.01574	0.01060	0.00613	0.00599	0.00180	0.00668	0.00549	0.00442	0.00981
4	0.00806	0.00640	0.00823	0.00982	0.06466	0.00585	0.00645	0.00971	0.01303	0.01684	0.09628	0.36573	0.29159	0.01590	0.00734	0.00222	0.00368	0.05732	0.00547	0.00541
5	0.14856	0.00962	0.01222	0.01025	0.01255	0.01008	0.06115	0.01330	0.01041	0.01714	0.01362	0.04324	0.01368	0.24424	0.08078	0.00366	0.10962	0.00619	0.00348	0.17620
6	0.01300	0.01060	0.01234	0.00970	0.01402	0.00920	0.00777	0.09354	0.06013	0.02201	0.07452	0.05299	0.01692	0.00722	0.00539	0.00136	0.00463	0.06250	0.00449	0.51767
7	0.01374	0.01279	0.01431	0.01636	0.17505	0.12799	0.01050	0.07865	0.05070	0.02207	0.27852	0.03207	0.04797	0.00972	0.00657	0.00191	0.00575	0.08298	0.00505	0.00727
8	0.08703	0.05476	0.14017	0.07113	0.01869	0.01484	0.01214	0.24493	0.01685	0.04753	0.01528	0.04407	0.04216	0.07153	0.00924	0.00227	0.08923	0.00593	0.00426	0.00795
9	0.01710	0.01900	0.01366	0.01222	0.01508	0.39693	0.00921	0.05623	0.04492	0.01696	0.01655	0.01952	0.07503	0.06953	0.07860	0.00264	0.00888	0.00548	0.03189	0.09056
10	0.01339	0.04068	0.09998	0.10408	0.15455	0.04862	0.01236	0.03467	0.01417	0.06808	0.10100	0.02427	0.08041	0.00958	0.04151	0.00214	0.00665	0.03598	0.00409	0.10381

[dist]
# distance from previous block
# <min> <max>
1	4

[block]
# block no. 6 follows, 38 sequences, length 30
# corresponding to MSA columns:
# 866-895
name=unknown_G
#
# <colnr> <probs for GDERKNQSTAVLIFYWHMCP>
#	G	D	E	R	K	N	Q	S	T	A	V	L	I	F	Y	W	H	M	C	P
0	0.01718	0.10736	0.01794	0.22275	0.08717	0.08270	0.01200	0.08963	0.01505	0.16685	0.01505	0.05480	0.01228	0.06462	0.00760	0.00211	0.00690	0.00593	0.00424	0.00784
1	0.11912	0.01830	0.08590	0.23341	0.14013	0.20094	0.01446	0.08407	0.01486	0.01975	0.01050	0.01332	0.00817	0.00599	0.00554	0.00181	0.00811	0.00464	0.00325	0.00771
2	0.01077	0.01131	0.07879	0.06603	0.01346	0.09435	0.00831	0.01249	0.01056	0.01360	0.01570	0.02758	0.01603	0.36381	0.22636	0.00576	0.00969	0.00691	0.00329	0.00521
3	0.01341	0.01229	0.01582	0.02034	0.28778	0.08028	0.01186	0.08081	0.03720	0.01983	0.04807	0.20797	0.06458	0.01064	0.00662	0.00203	0.00596	0.06253	0.00447	0.00753
4	0.10938	0.01249	0.05534	0.01334	0.07071	0.01019	0.10339	0.01611	0.01294	0.02081	0.07579	0.01571	0.01286	0.00550	0.00513	0.00136	0.00552	0.00482	0.00369	0.44496
5	0.02287	0.01685	0.01805	0.01384	0.01866	0.01866	0.01143	0.73100	0.02828	0.03791	0.01444	0.01444	0.01023	0.00722	0.00602	0.00181	0.00662	0.00542	0.00602	0.01023
6	0.01498	0.01348	0.04094	0.06099	0.52565	0.01286	0.04461	0.01849	0.01412	0.08125	0.06581	0.01839	0.02883	0.00624	0.00607	0.00181	0.00672	0.00597	0.00366	0.02913
7	0.16728	0.01443	0.11040	0.01203	0.01432	0.08126	0.01054	0.01526	0.01052	0.03924	0.01033	0.01549	0.00937	0.06987	0.01473	0.16478	0.22610	0.00493	0.00309	0.00601
8	0.01268	0.14769	0.64623	0.01610	0.02441	0.01548	0.02040	0.01889	0.01263	0.01830	0.01042	0.01223	0.00764	0.00563	0.00543	0.00181	0.00851	0.00426	0.00255	0.00871
9	0.01666	0.01316	0.05131	0.09219	0.26373	0.01245	0.11339	0.02109	0.06239	0.19396	0.01562	0.01772	0.01162	0.00971	0.07552	0.00260	0.00790	0.00592	0.00423	0.00883
10	0.01455	0.01449	0.09781	0.09366	0.46353	0.01283	0.01685	0.01832	0.01374	0.07511	0.01477	0.02192	0.01280	0.00704	0.00624	0.00195	0.00705	0.09501	0.00357	0.00876
11	0.01399	0.01335	0.02241	0.07307	0.64562	0.01340	0.01710	0.01740	0.01361	0.01912	0.01582	0.01888	0.07703	0.00630	0.00606	0.00182	0.00682	0.00603	0.00320	0.00897
12	0.00730	0.00610	0.00636	0.00630	0.00824	0.00516	0.00472	0.00901	0.01417	0.01734	0.15614	0.05610	0.65273	0.01483	0.00711	0.00201	0.00302	0.01244	0.00573	0.00516
13	0.01437	0.01375	0.05206	0.13124	0.13364	0.06265	0.07281	0.07331	0.15873	0.04942	0.01851	0.15880	0.01667	0.00878	0.00637	0.00201	0.00659	0.00785	0.00444	0.00800
14	0.01356	0.01347	0.02296	0.19186	0.30074	0.01531	0.11479	0.01684	0.01221	0.01729	0.01039	0.01487	0.00871	0.00683	0.00978	0.00209	0.21198	0.00557	0.00283	0.00793
15	0.00735	0.00559	0.00662	0.00741	0.00835	0.00503	0.00507	0.00850	0.01212	0.01541	0.04229	0.46340	0.29818	0.07429	0.00916	0.00254	0.00350	0.01487	0.00544	0.00487
16	0.00972	0.00665	0.00841	0.00847	0.01026	0.00611	0.00684	0.01213	0.01511	0.06864	0.28092	0.05418	0.24144	0.01416	0.00741	0.00221	0.00390	0.23163	0.00604	0.00577
17	0.01540	0.01531	0.02025	0.12266	0.38789	0.11936	0.01549	0.04773	0.06790	0.01918	0.01321	0.01837	0.01132	0.00684	0.00677	0.00191	0.04733	0.05120	0.00346	0.00842
18	0.01019	0.00816	0.01167	0.01102	0.01229	0.00909	0.04507	0.07652	0.01228	0.01703	0.02154	0.31935	0.02321	0.02554	0.27894	0.00496	0.09248	0.01043	0.00433	0.00590
19	0.00721	0.00569	0.00651	0.00716	0.00840	0.00499	0.00504	0.00851	0.01269	0.01584	0.04802	0.39595	0.41890	0.01692	0.00737	0.00222	0.00325	0.01475	0.00559	0.00499
20	0.01130	0.01020	0.01651	0.38288	0.18861	0.01138	0.01435	0.01464	0.01281	0.01681	0.01966	0.06873	0.07624	0.00905	0.00655	0.00211	0.00677	0.12092	0.00360	0.00689
21	0.01805	0.19238	0.10965	0.01317	0.01760	0.19795	0.01192	0.17279	0.04023	0.05030	0.01436	0.06217	0.01258	0.00768	0.00561	0.00175	0.00750	0.05213	0.00412	0.00807
22	0.32783	0.01286	0.01770	0.11065	0.38549	0.01388	0.01367	0.01781	0.01218	0.02198	0.01012	0.01306	0.00820	0.00552	0.00511	0.00184	0.00629	0.00455	0.00323	0.00804
23	0.01260	0.09132	0.32535	0.05943	0.18243	0.01391	0.08902	0.01735	0.01312	0.01821	0.01714	0.01912	0.10162	0.00674	0.00593	0.00186	0.00763	0.00589	0.00308	0.00825
24	0.01095	0.00962	0.01527	0.02161	0.35417	0.00952	0.01168	0.01330	0.01252	0.01729	0.02342	0.30521	0.07397	0.01472	0.07606	0.00277	0.00631	0.01035	0.00416	0.00710
25	0.01264	0.01148	0.01324	0.01299	0.06200	0.09232	0.00941	0.07915	0.01364	0.01839	0.11658	0.09752	0.02047	0.04944	0.19353	0.00402	0.14249	0.00744	0.00408	0.03918
26	0.01212	0.01028	0.01284	0.03209	0.06725	0.00876	0.00845	0.01594	0.06503	0.02022	0.09257	0.02199	0.01708	0.00678	0.00536	0.00135	0.00469	0.06940	0.00419	0.52361
27	0.01367	0.04464	0.41464	0.04131	0.10046	0.06350	0.01732	0.08307	0.01449	0.02001	0.01488	0.04624	0.05350	0.00688	0.00582	0.00183	0.00779	0.00555	0.00329	0.04111
28	0.01479	0.03345	0.04903	0.16849	0.33790	0.01264	0.03680	0.01856	0.03289	0.10860	0.01751	0.01964	0.07755	0.00668	0.00600	0.00183	0.00666	0.00604	0.00379	0.04116
29	0.01130	0.08417	0.12121	0.01541	0.06122	0.01207	0.13958	0.01468	0.01136	0.01599	0.01338	0.01862	0.01170	0.02523	0.38262	0.00574	0.03998	0.00588	0.00300	0.00685

[dist]
# distance from previous block
# <min> <max>
2	12

[block]
# block no. 7 follows, 38 sequences, length 17
# corresponding to MSA columns:
# 908-924
name=unknown_H
#
# <colnr> <probs for GDERKNQSTAVLIFYWHMCP>
#	G	D	E	R	K	N	Q	S	T	A	V	L	I	F	Y	W	H	M	C	P
0	0.01431	0.09707	0.21897	0.01688	0.14938	0.05148	0.01404	0.01812	0.01333	0.06656	0.01335	0.03898	0.01138	0.00649	0.00549	0.00163	0.00676	0.04890	0.00349	0.20338
1	0.01460	0.03665	0.16512	0.03230	0.01664	0.02290	0.01104	0.01826	0.03458	0.17442	0.02006	0.10487	0.04404	0.01070	0.04793	0.00223	0.00635	0.06025	0.00462	0.17244
2	0.00822	0.00782	0.06011	0.00815	0.01011	0.00597	0.00658	0.01047	0.01405	0.01894	0.27492	0.26063	0.22884	0.01419	0.00706	0.00205	0.00358	0.01241	0.00563	0.04029
3	0.01040	0.01192	0.12131	0.01087	0.01312	0.06150	0.04266	0.01263	0.01054	0.01424	0.01562	0.02610	0.01546	0.28666	0.31419	0.00629	0.01091	0.00678	0.00325	0.00555
4	0.01608	0.79220	0.03152	0.01029	0.01544	0.02380	0.01029	0.01801	0.01222	0.01415	0.00836	0.00965	0.00772	0.00515	0.00386	0.00129	0.00643	0.00322	0.00257	0.00772
5	0.00748	0.00577	0.00689	0.00771	0.00887	0.00518	0.00559	0.00891	0.01267	0.01600	0.04456	0.40815	0.33375	0.01711	0.00751	0.00231	0.00352	0.08740	0.00558	0.00503
6	0.01045	0.00522	0.00784	0.00784	0.00784	0.00522	0.00522	0.00784	0.00784	0.01045	0.01045	0.01829	0.01045	0.02090	0.02351	0.82497	0.00522	0.00522	0.00261	0.00261
7	0.22900	0.01923	0.09512	0.06411	0.13332	0.24753	0.04625	0.01934	0.01353	0.01944	0.01109	0.05533	0.00957	0.00650	0.00534	0.00181	0.00783	0.00499	0.00329	0.00738
8	0.05221	0.23931	0.05450	0.01265	0.01663	0.26621	0.01093	0.02204	0.08188	0.09424	0.01368	0.01703	0.01147	0.00705	0.00556	0.00170	0.02322	0.05811	0.00386	0.00772
9	0.01807	0.05833	0.07507	0.07449	0.22490	0.04075	0.01344	0.17911	0.01724	0.13808	0.01445	0.01588	0.01068	0.00636	0.00566	0.00175	0.00657	0.00526	0.08492	0.00896
10	0.00773	0.00644	0.00678	0.00664	0.00864	0.00566	0.00499	0.01022	0.04999	0.01797	0.17118	0.05404	0.59986	0.01441	0.00706	0.00201	0.00310	0.01211	0.00578	0.00539
11	0.00835	0.00627	0.00903	0.00918	0.01022	0.00701	0.00699	0.01028	0.01015	0.01423	0.02142	0.10755	0.07379	0.05959	0.60720	0.00822	0.01351	0.00812	0.00367	0.00525
12	0.01405	0.40948	0.02475	0.01216	0.01643	0.01754	0.11384	0.01862	0.10967	0.01847	0.16803	0.01979	0.01974	0.00705	0.00532	0.00162	0.00599	0.00588	0.00397	0.00758
13	0.01352	0.19084	0.21970	0.01233	0.01780	0.01325	0.05216	0.01731	0.01349	0.07040	0.12425	0.01812	0.01631	0.00812	0.03759	0.00191	0.00671	0.00534	0.00376	0.15709
14	0.01191	0.16429	0.07221	0.11864	0.01686	0.06527	0.00998	0.01410	0.01167	0.01491	0.06251	0.02383	0.04570	0.18731	0.11041	0.00371	0.05094	0.00632	0.00334	0.00609
15	0.07960	0.07070	0.01598	0.04965	0.03174	0.16698	0.00992	0.21619	0.01797	0.02383	0.06109	0.01650	0.04243	0.00677	0.00538	0.00157	0.00658	0.00507	0.00432	0.16774
16	0.13320	0.06955	0.01695	0.06978	0.12462	0.33897	0.01157	0.02033	0.05044	0.01772	0.01185	0.05583	0.01045	0.00820	0.03439	0.00203	0.00843	0.00505	0.00340	0.00726

[dist]
# distance from previous block
# <min> <max>
5	20

[block]
# block no. 8 follows, 38 sequences, length 23
# corresponding to MSA columns:
# 945-962,964-968
name=unknown_I
#
# <colnr> <probs for GDERKNQSTAVLIFYWHMCP>
#	G	D	E	R	K	N	Q	S	T	A	V	L	I	F	Y	W	H	M	C	P
0	0.01035	0.00844	0.01021	0.00869	0.01198	0.00673	0.00649	0.01236	0.01208	0.01785	0.01995	0.33063	0.02163	0.01038	0.00578	0.00153	0.00406	0.00914	0.00440	0.48731
1	0.01351	0.01242	0.01880	0.10584	0.37003	0.01161	0.01360	0.01676	0.01301	0.01916	0.01099	0.01402	0.00911	0.00506	0.00534	0.00144	0.00613	0.00462	0.00319	0.34536
2	0.01501	0.01438	0.01247	0.01201	0.01385	0.24948	0.00920	0.01711	0.03504	0.08046	0.04473	0.25268	0.02363	0.01221	0.00796	0.00214	0.07819	0.10830	0.00472	0.00643
3	0.01154	0.01321	0.17664	0.00977	0.01436	0.00817	0.00961	0.01470	0.01369	0.09136	0.06551	0.03258	0.30085	0.00961	0.00606	0.00171	0.00489	0.00792	0.00465	0.20317
4	0.00777	0.00570	0.00745	0.00842	0.00920	0.00516	0.00572	0.00896	0.01160	0.01572	0.03123	0.71835	0.03714	0.01761	0.00740	0.00231	0.00357	0.01594	0.00541	0.07534
5	0.01247	0.01069	0.01247	0.00891	0.01426	0.00802	0.00713	0.01515	0.01247	0.01960	0.01069	0.01247	0.00891	0.00446	0.00446	0.00089	0.00446	0.00356	0.00356	0.82536
6	0.45779	0.01193	0.01161	0.01149	0.07353	0.01339	0.00833	0.08078	0.14402	0.02638	0.06612	0.01722	0.04152	0.00702	0.00490	0.00189	0.00486	0.00516	0.00457	0.00751
7	0.01396	0.01347	0.01840	0.01563	0.01603	0.01844	0.01302	0.07348	0.01078	0.01641	0.00844	0.01327	0.00809	0.01026	0.01861	0.00256	0.71409	0.00528	0.00291	0.00688
8	0.01783	0.07991	0.10236	0.02489	0.38332	0.01480	0.01560	0.12556	0.01620	0.14161	0.01350	0.01506	0.01015	0.00600	0.00578	0.00177	0.00687	0.00520	0.00407	0.00953
9	0.01047	0.01680	0.30410	0.01291	0.01681	0.01105	0.01346	0.01418	0.01070	0.01575	0.01346	0.02004	0.01215	0.11309	0.29903	0.00540	0.09518	0.00580	0.00294	0.00668
10	0.02287	0.01685	0.01805	0.01384	0.01866	0.01866	0.01143	0.73100	0.02828	0.03791	0.01444	0.01444	0.01023	0.00722	0.00602	0.00181	0.00662	0.00542	0.00602	0.01023
11	0.00859	0.00645	0.00967	0.00967	0.01074	0.00752	0.00752	0.01074	0.00967	0.01396	0.01611	0.02363	0.01504	0.04512	0.76474	0.00967	0.01611	0.00645	0.00322	0.00537
12	0.02247	0.02867	0.01705	0.01550	0.01860	0.76443	0.01162	0.02402	0.01705	0.01472	0.00930	0.01085	0.00775	0.00620	0.00542	0.00155	0.01085	0.00387	0.00310	0.00697
13	0.01247	0.01069	0.01247	0.00891	0.01426	0.00802	0.00713	0.01515	0.01247	0.01960	0.01069	0.01247	0.00891	0.00446	0.00446	0.00089	0.00446	0.00356	0.00356	0.82536
14	0.01247	0.01069	0.01247	0.00891	0.01426	0.00802	0.00713	0.01515	0.01247	0.01960	0.01069	0.01247	0.00891	0.00446	0.00446	0.00089	0.00446	0.00356	0.00356	0.82536
15	0.01234	0.01987	0.34217	0.01403	0.04362	0.01104	0.03695	0.01702	0.01271	0.01930	0.01149	0.01456	0.00920	0.00545	0.00527	0.00146	0.00671	0.02694	0.00314	0.38673
16	0.01216	0.02964	0.69656	0.01703	0.02519	0.01434	0.02148	0.01867	0.01241	0.01867	0.01056	0.01274	0.00764	0.00611	0.00687	0.00197	0.07219	0.00451	0.00255	0.00870
17	0.00801	0.00569	0.00757	0.00826	0.00871	0.00580	0.00560	0.00908	0.01035	0.01408	0.02525	0.40377	0.02897	0.21704	0.20789	0.00514	0.00732	0.01229	0.00450	0.00470
18	0.00785	0.00580	0.00746	0.00860	0.00951	0.00541	0.00638	0.00940	0.01249	0.01616	0.03805	0.47718	0.17125	0.01764	0.00772	0.00244	0.00390	0.18212	0.00557	0.00508
19	0.00886	0.00648	0.00846	0.00851	0.00958	0.00645	0.00610	0.01024	0.01045	0.01452	0.02145	0.19660	0.02349	0.25201	0.23974	0.00546	0.00822	0.06961	0.00410	0.08966
20	0.01860	0.19543	0.01996	0.01418	0.05481	0.20265	0.01105	0.16115	0.22066	0.02225	0.01444	0.01473	0.01129	0.00666	0.00540	0.00169	0.00713	0.00492	0.00438	0.00862
21	0.01619	0.08462	0.36058	0.01447	0.02121	0.03406	0.01577	0.22481	0.01737	0.04250	0.01193	0.01308	0.00872	0.00601	0.00551	0.00170	0.00747	0.00455	0.00381	0.10564
22	0.01910	0.14126	0.19050	0.01540	0.06489	0.01670	0.03640	0.29481	0.01935	0.12415	0.01363	0.01418	0.00978	0.00640	0.00564	0.00176	0.00705	0.00498	0.00459	0.00942

[dist]
# distance from previous block
# <min> <max>
6	10

[block]
# block no. 9 follows, 38 sequences, length 60
# corresponding to MSA columns:
# 986-1045
name=unknown_J
#
# <colnr> <probs for GDERKNQSTAVLIFYWHMCP>
#	G	D	E	R	K	N	Q	S	T	A	V	L	I	F	Y	W	H	M	C	P
0	0.17253	0.07203	0.20646	0.02189	0.29364	0.01466	0.01573	0.01878	0.01261	0.05915	0.01088	0.01318	0.00853	0.00588	0.00609	0.00185	0.04978	0.00460	0.00320	0.00853
1	0.01613	0.32670	0.15275	0.01389	0.01887	0.20736	0.06937	0.01907	0.01362	0.01566	0.01214	0.01387	0.04461	0.00728	0.02746	0.00183	0.02445	0.00451	0.00291	0.00754
2	0.10067	0.01830	0.01565	0.28829	0.02524	0.34706	0.01239	0.01883	0.01403	0.01628	0.01185	0.08217	0.01060	0.00721	0.00566	0.00183	0.00852	0.00553	0.00323	0.00663
3	0.01446	0.01983	0.23791	0.02233	0.28239	0.07519	0.01633	0.03241	0.08065	0.01989	0.01217	0.01423	0.00955	0.00569	0.00563	0.00169	0.00733	0.00483	0.00329	0.13423
4	0.01404	0.25063	0.01841	0.01241	0.06536	0.11001	0.00959	0.03920	0.04127	0.01709	0.01923	0.13925	0.05951	0.00938	0.00570	0.00175	0.00604	0.08558	0.00399	0.09158
5	0.02107	0.15831	0.01841	0.09055	0.01882	0.08372	0.01059	0.11574	0.09721	0.29987	0.01709	0.01656	0.01198	0.00681	0.00559	0.00175	0.00634	0.00525	0.00532	0.00902
6	0.00859	0.00602	0.00738	0.00738	0.00781	0.00624	0.00477	0.00929	0.00935	0.01261	0.02111	0.03636	0.07070	0.53126	0.22979	0.00662	0.00845	0.00839	0.00366	0.00422
7	0.00746	0.00591	0.00674	0.00716	0.00862	0.00519	0.00525	0.00906	0.01345	0.01691	0.12264	0.25827	0.44122	0.01601	0.00733	0.00217	0.00329	0.05252	0.00569	0.00511
8	0.01247	0.01069	0.01247	0.00891	0.01426	0.00802	0.00713	0.01515	0.01247	0.01960	0.01069	0.01247	0.00891	0.00446	0.00446	0.00089	0.00446	0.00356	0.00356	0.82536
9	0.01510	0.01570	0.02781	0.14266	0.16138	0.05678	0.36960	0.08266	0.01509	0.02005	0.01174	0.01543	0.00902	0.00564	0.00680	0.00195	0.02498	0.00614	0.00324	0.00824
10	0.01769	0.01898	0.02106	0.10272	0.36776	0.28276	0.03616	0.02058	0.01488	0.04536	0.01103	0.01381	0.00893	0.00580	0.00581	0.00173	0.00857	0.00490	0.00316	0.00831
11	0.01011	0.00744	0.00957	0.00905	0.00974	0.00851	0.00654	0.04782	0.01033	0.01472	0.01633	0.02826	0.01671	0.34320	0.27859	0.02331	0.09848	0.00713	0.04916	0.00501
12	0.01582	0.32073	0.27730	0.01615	0.10571	0.01801	0.01538	0.09063	0.01444	0.05806	0.01097	0.01236	0.00853	0.00570	0.00507	0.00164	0.00731	0.00426	0.00321	0.00872
13	0.01860	0.01270	0.01568	0.01633	0.16818	0.08719	0.04570	0.09856	0.01626	0.21070	0.01696	0.01800	0.01240	0.00662	0.00551	0.00169	0.00590	0.00555	0.22908	0.00838
14	0.00725	0.00556	0.00665	0.00752	0.00850	0.00496	0.00520	0.00847	0.01234	0.01569	0.04359	0.51174	0.30597	0.01749	0.00746	0.00229	0.00332	0.01545	0.00559	0.00496
15	0.01227	0.01121	0.01763	0.66488	0.03788	0.01378	0.01577	0.05225	0.08137	0.01740	0.01218	0.01656	0.00910	0.00628	0.00602	0.00200	0.00764	0.00549	0.00316	0.00713
16	0.01624	0.01672	0.01593	0.16384	0.10651	0.28103	0.01191	0.03053	0.01405	0.05673	0.01402	0.09372	0.01314	0.08852	0.00923	0.00228	0.04876	0.00639	0.00358	0.00688
17	0.00799	0.00613	0.00731	0.00701	0.00866	0.00545	0.00526	0.01033	0.01578	0.02117	0.48992	0.04980	0.31657	0.01340	0.00710	0.00194	0.00292	0.01156	0.00623	0.00545
18	0.26271	0.01865	0.29111	0.01170	0.01788	0.01193	0.01261	0.01739	0.01188	0.02166	0.01002	0.01173	0.00769	0.00527	0.00470	0.00157	0.00618	0.00380	0.00323	0.26830
19	0.15710	0.00937	0.01107	0.00959	0.01234	0.00981	0.00756	0.09886	0.01433	0.19997	0.08517	0.02298	0.01756	0.09609	0.21719	0.00441	0.00810	0.00632	0.00502	0.00717
20	0.00860	0.00641	0.00950	0.00950	0.01052	0.00743	0.00731	0.01064	0.00962	0.01384	0.01626	0.02447	0.01540	0.08444	0.72592	0.00947	0.01557	0.00657	0.00325	0.00528
21	0.01537	0.08828	0.15638	0.02737	0.40888	0.05249	0.07586	0.06858	0.01461	0.02005	0.01115	0.01391	0.00895	0.00555	0.00580	0.00177	0.00779	0.00508	0.00309	0.00906
22	0.05961	0.07632	0.02006	0.06046	0.32305	0.24132	0.01392	0.01912	0.01392	0.01733	0.01079	0.01396	0.00919	0.00975	0.08395	0.00251	0.00905	0.00475	0.00303	0.00789
23	0.01033	0.00825	0.00974	0.00996	0.01153	0.00894	0.00726	0.01748	0.28496	0.01890	0.02814	0.41977	0.02918	0.01755	0.08534	0.00304	0.00527	0.01213	0.00554	0.00668
24	0.00772	0.00603	0.00764	0.00797	0.00925	0.00595	0.00591	0.00937	0.01168	0.01518	0.03764	0.21416	0.30819	0.02730	0.29175	0.00499	0.00806	0.01137	0.00470	0.00514
25	0.00891	0.00653	0.00789	0.00805	0.00899	0.00654	0.00554	0.03356	0.05421	0.01664	0.11653	0.26915	0.10557	0.23575	0.08512	0.00392	0.00539	0.01156	0.00499	0.00514
26	0.01317	0.24077	0.55746	0.01526	0.02312	0.01668	0.01894	0.01877	0.01257	0.01770	0.01013	0.01186	0.00765	0.00556	0.00520	0.00173	0.00821	0.00411	0.00255	0.00857
27	0.00985	0.00864	0.01389	0.48657	0.02915	0.01018	0.01253	0.01274	0.01184	0.01537	0.01913	0.30467	0.01995	0.01083	0.00664	0.00217	0.00632	0.00976	0.00377	0.00601
28	0.00868	0.00610	0.00790	0.00790	0.00837	0.00656	0.00532	0.00961	0.00915	0.01266	0.01773	0.03257	0.01892	0.46747	0.34770	0.00749	0.01027	0.00775	0.00346	0.00439
29	0.01452	0.02102	0.21867	0.13518	0.02870	0.12946	0.28454	0.02005	0.05427	0.01825	0.01183	0.01479	0.00886	0.00573	0.00626	0.00192	0.00930	0.00562	0.00303	0.00800
30	0.01136	0.01069	0.01804	0.77412	0.04143	0.01337	0.01671	0.01537	0.01203	0.01537	0.01069	0.01604	0.00802	0.00601	0.00601	0.00200	0.00802	0.00535	0.00267	0.00668
31	0.01121	0.00561	0.00561	0.00561	0.00701	0.00561	0.00421	0.01402	0.01262	0.02243	0.01962	0.02243	0.01542	0.00701	0.00421	0.00140	0.00280	0.00561	0.82198	0.00561
32	0.00771	0.00551	0.00741	0.00881	0.00932	0.00521	0.00624	0.00903	0.01189	0.01578	0.03295	0.67015	0.03896	0.01849	0.00778	0.00250	0.00382	0.12788	0.00558	0.00499
33	0.01569	0.63070	0.03235	0.01343	0.01877	0.02202	0.15992	0.01827	0.01263	0.01522	0.00916	0.01102	0.00801	0.00513	0.00453	0.00144	0.00721	0.00402	0.00267	0.00780
34	0.00726	0.00549	0.00672	0.00770	0.00855	0.00494	0.00528	0.00845	0.01217	0.01562	0.04137	0.56992	0.24923	0.01778	0.00751	0.00232	0.00336	0.01580	0.00558	0.00494
35	0.00852	0.00638	0.00952	0.00960	0.01063	0.00737	0.00741	0.01061	0.00977	0.01404	0.01706	0.06594	0.01641	0.04366	0.72266	0.00927	0.01541	0.00704	0.00335	0.00534
36	0.00746	0.00533	0.00713	0.00853	0.00893	0.00500	0.00581	0.00860	0.01165	0.01550	0.03308	0.74481	0.03950	0.01872	0.00771	0.00246	0.00360	0.05565	0.00558	0.00492
37	0.01242	0.00677	0.00689	0.00646	0.00821	0.00696	0.00495	0.08813	0.01424	0.02403	0.01909	0.02160	0.01488	0.00703	0.00439	0.00144	0.00320	0.00559	0.73764	0.00608
38	0.01638	0.01300	0.01457	0.01076	0.01591	0.01201	0.00875	0.28397	0.01841	0.02648	0.01210	0.01321	0.00941	0.00549	0.00504	0.00123	0.00527	0.00426	0.00449	0.51926
39	0.01136	0.01069	0.01804	0.77412	0.04143	0.01337	0.01671	0.01537	0.01203	0.01537	0.01069	0.01604	0.00802	0.00601	0.00601	0.00200	0.00802	0.00535	0.00267	0.00668
40	0.02345	0.01366	0.01581	0.01237	0.01692	0.01422	0.01013	0.35469	0.12025	0.32411	0.01953	0.01795	0.01320	0.00744	0.00604	0.00186	0.00577	0.00586	0.00660	0.01014
41	0.00964	0.00703	0.00878	0.00884	0.01028	0.00686	0.00667	0.08466	0.01566	0.02120	0.28683	0.30060	0.09156	0.01478	0.00734	0.00219	0.00381	0.10144	0.00599	0.00582
42	0.01452	0.01392	0.02376	0.11312	0.67771	0.01420	0.01828	0.01814	0.01353	0.01921	0.01125	0.01501	0.00937	0.00543	0.00596	0.00181	0.00724	0.00536	0.00295	0.00923
43	0.01383	0.01348	0.01171	0.01155	0.01349	0.22055	0.00897	0.08223	0.01586	0.01894	0.09820	0.22083	0.02832	0.01290	0.00700	0.00216	0.00635	0.20234	0.00502	0.00624
44	0.01293	0.01014	0.01628	0.17951	0.22036	0.01035	0.03930	0.01626	0.01497	0.09429	0.28906	0.02703	0.02747	0.00830	0.00645	0.00189	0.00562	0.00756	0.00473	0.00749
45	0.00884	0.00630	0.00867	0.01003	0.01101	0.00618	0.00811	0.01094	0.01291	0.01693	0.03204	0.32124	0.03618	0.03377	0.00856	0.00272	0.00482	0.44998	0.00552	0.00527
46	0.01949	0.10511	0.01891	0.01502	0.01757	0.50131	0.01187	0.02102	0.01459	0.01460	0.00885	0.01130	0.00778	0.00716	0.00882	0.00179	0.20077	0.00415	0.00293	0.00695
47	0.00779	0.00612	0.00703	0.00681	0.00854	0.00537	0.00510	0.00995	0.01531	0.02005	0.39285	0.05163	0.41434	0.01382	0.00710	0.00196	0.00295	0.01182	0.00609	0.00537
48	0.01737	0.45963	0.02670	0.01670	0.15904	0.19802	0.01220	0.01953	0.01366	0.01536	0.00916	0.01095	0.00808	0.00544	0.00464	0.00145	0.00762	0.00379	0.00278	0.00789
49	0.01283	0.01157	0.01630	0.01914	0.29031	0.01007	0.01112	0.01572	0.01306	0.01928	0.01612	0.01808	0.08560	0.00591	0.00529	0.00135	0.00532	0.00518	0.00355	0.43421
50	0.01365	0.02709	0.59539	0.01940	0.12670	0.01361	0.02063	0.01979	0.01320	0.07795	0.01190	0.01363	0.00847	0.00580	0.00578	0.00189	0.00835	0.00470	0.00299	0.00909
51	0.02007	0.30699	0.02231	0.01205	0.01685	0.01926	0.01057	0.33098	0.08196	0.10204	0.01398	0.01395	0.01046	0.00655	0.00522	0.00164	0.00624	0.00477	0.00488	0.00923
52	0.00729	0.00537	0.00684	0.00801	0.00863	0.00492	0.00542	0.00842	0.01187	0.01550	0.03759	0.66862	0.15296	0.01827	0.00759	0.00238	0.00342	0.01640	0.00558	0.00492
53	0.00753	0.00540	0.00727	0.00846	0.00887	0.00522	0.00573	0.00866	0.01120	0.01506	0.03066	0.66916	0.03627	0.05107	0.09530	0.00340	0.00503	0.01556	0.00524	0.00489
54	0.01397	0.01065	0.01263	0.00910	0.01437	0.00810	0.00731	0.01661	0.01296	0.09564	0.01204	0.01330	0.00953	0.00476	0.00462	0.00099	0.00452	0.00382	0.00397	0.74111
55	0.01511	0.01507	0.06173	0.02786	0.44710	0.01382	0.08751	0.09169	0.01501	0.02146	0.01160	0.01448	0.00936	0.00540	0.00582	0.00168	0.00706	0.00521	0.00337	0.13968
56	0.00845	0.00636	0.00805	0.00861	0.00973	0.00595	0.00601	0.01094	0.06301	0.01733	0.10441	0.58561	0.03727	0.01613	0.00722	0.00222	0.00360	0.01452	0.00555	0.07905
57	0.01162	0.00996	0.01146	0.00846	0.01328	0.00755	0.00672	0.01411	0.01267	0.01907	0.01871	0.01973	0.12701	0.00618	0.00488	0.00107	0.00423	0.00502	0.00389	0.69440
58	0.01877	0.25803	0.02228	0.01474	0.09289	0.01897	0.01143	0.34339	0.07542	0.02666	0.01279	0.01350	0.00993	0.00631	0.00526	0.00161	0.00636	0.00473	0.00451	0.05243
59	0.01260	0.01050	0.01269	0.05019	0.07686	0.01089	0.00935	0.02091	0.30517	0.03901	0.02765	0.07055	0.12999	0.00983	0.00634	0.00196	0.00484	0.08035	0.00521	0.11509

[dist]
# distance from previous block
# <min> <max>
0	1

[block]
# block no. 10 follows, 38 sequences, length 17
# corresponding to MSA columns:
# 1051-1067
