[name]
unknown

[dist]
# distance from previous block
# <min> <max>
0	102

[block]
# block no. 0 follows, 46 sequences, length 57
# corresponding to MSA columns:
# 116-172
name=unknown_A
#
# <colnr> <probs for GDERKNQSTAVLIFYWHMCP>
#	G	D	E	R	K	N	Q	S	T	A	V	L	I	F	Y	W	H	M	C	P
0	0.01527	0.01382	0.01960	0.01651	0.07927	0.07038	0.22624	0.29330	0.01698	0.02240	0.01352	0.01968	0.01151	0.00693	0.00635	0.00178	0.04291	0.11214	0.00394	0.00746
1	0.01424	0.01370	0.01703	0.05728	0.40987	0.16171	0.01264	0.01767	0.06896	0.06636	0.04038	0.07204	0.01233	0.00626	0.00531	0.00160	0.00630	0.00552	0.00337	0.00745
2	0.01280	0.00704	0.00936	0.00858	0.01060	0.00687	0.00689	0.01458	0.01225	0.26136	0.05677	0.12100	0.16106	0.01443	0.09959	0.00270	0.06311	0.11986	0.00503	0.00610
3	0.01399	0.01194	0.06967	0.22928	0.02052	0.01208	0.01091	0.27120	0.04282	0.07354	0.01718	0.01856	0.09967	0.00900	0.05531	0.00213	0.02542	0.00557	0.00407	0.00714
4	0.07716	0.01566	0.01583	0.01756	0.23920	0.21380	0.01100	0.23472	0.01594	0.02071	0.01068	0.01357	0.00889	0.07452	0.00684	0.00183	0.00672	0.00451	0.00352	0.00734
5	0.00735	0.00540	0.00657	0.00655	0.00756	0.00492	0.00451	0.00867	0.01125	0.01534	0.24814	0.24449	0.12485	0.20692	0.01122	0.00258	0.00341	0.01030	0.00463	0.06531
6	0.02335	0.01159	0.01567	0.04128	0.12688	0.07780	0.12933	0.12171	0.01343	0.01906	0.04618	0.01618	0.01148	0.02852	0.02601	0.00186	0.08496	0.00519	0.19297	0.00654
7	0.01221	0.00777	0.00928	0.00846	0.01059	0.00775	0.00644	0.10308	0.12478	0.15331	0.15715	0.25363	0.10181	0.01093	0.00599	0.00182	0.00367	0.00947	0.00547	0.00640
8	0.42523	0.00960	0.00947	0.00810	0.01128	0.01034	0.00655	0.04490	0.10184	0.19442	0.11471	0.01627	0.01459	0.00638	0.00444	0.00166	0.00404	0.00474	0.00466	0.00679
9	0.00891	0.00572	0.00667	0.00621	0.00800	0.00505	0.00473	0.01084	0.01333	0.09967	0.30624	0.04027	0.36198	0.01103	0.00590	0.00167	0.00279	0.00936	0.08645	0.00518
10	0.01250	0.01045	0.01175	0.00896	0.01324	0.00945	0.00716	0.10476	0.17458	0.02016	0.01237	0.01303	0.00974	0.00489	0.00439	0.00109	0.00420	0.00393	0.00386	0.56949
11	0.01315	0.01136	0.01195	0.01076	0.01375	0.01315	0.00837	0.02809	0.77168	0.02211	0.02152	0.01972	0.01614	0.00717	0.00538	0.00179	0.00418	0.00598	0.00538	0.00837
12	0.01509	0.06789	0.01682	0.01703	0.19081	0.36167	0.04615	0.01705	0.01304	0.01433	0.01425	0.01698	0.09268	0.00663	0.00596	0.00156	0.06100	0.03163	0.00296	0.00648
13	0.01390	0.76612	0.07696	0.00944	0.01417	0.02036	0.00973	0.01589	0.01077	0.01272	0.00749	0.00865	0.00678	0.00456	0.00350	0.00117	0.00579	0.00290	0.00226	0.00685
14	0.01087	0.07019	0.14036	0.09104	0.07206	0.03062	0.01011	0.08661	0.01271	0.04375	0.05481	0.23600	0.10052	0.00951	0.00564	0.00176	0.00511	0.00817	0.00392	0.00625
15	0.01021	0.23651	0.19307	0.00931	0.01319	0.01155	0.00953	0.01395	0.06322	0.01655	0.20537	0.02504	0.15663	0.00794	0.00511	0.00155	0.00475	0.00643	0.00381	0.00627
16	0.00736	0.00540	0.00690	0.00653	0.00782	0.00494	0.00489	0.00974	0.01468	0.02053	0.70812	0.04059	0.12063	0.01106	0.00624	0.00167	0.00251	0.00972	0.00573	0.00494
17	0.01205	0.01150	0.01950	0.24789	0.55343	0.01214	0.01550	0.01525	0.01163	0.01614	0.01083	0.01427	0.02644	0.00508	0.00527	0.00163	0.00641	0.00486	0.00260	0.00758
18	0.01447	0.10110	0.04609	0.11404	0.16306	0.24820	0.01112	0.01671	0.01270	0.07033	0.04676	0.10699	0.01284	0.00680	0.00512	0.00156	0.00668	0.00556	0.00326	0.00660
19	0.01016	0.00759	0.01037	0.00870	0.01122	0.00704	0.09437	0.03951	0.06857	0.10226	0.19167	0.03696	0.36979	0.01035	0.00604	0.00174	0.00379	0.00900	0.00506	0.00583
20	0.00661	0.00467	0.00608	0.00714	0.00740	0.00441	0.00467	0.00741	0.00978	0.01305	0.02741	0.70309	0.03278	0.12721	0.00954	0.00256	0.00335	0.01401	0.00467	0.00414
21	0.00998	0.00940	0.01586	0.80150	0.03641	0.01175	0.01468	0.01351	0.01057	0.01351	0.00940	0.01409	0.00705	0.00529	0.00529	0.00176	0.00705	0.00470	0.00235	0.00587
22	0.04621	0.01058	0.10200	0.09437	0.01536	0.00901	0.00916	0.09020	0.06813	0.20525	0.01967	0.27046	0.01824	0.00941	0.00566	0.00182	0.00479	0.00810	0.00473	0.00684
23	0.00755	0.00504	0.00679	0.00777	0.00841	0.00473	0.00556	0.00879	0.01081	0.04851	0.05371	0.64005	0.03383	0.01564	0.00675	0.00215	0.00337	0.12092	0.00501	0.00461
24	0.37222	0.04001	0.04706	0.01493	0.24227	0.01109	0.00941	0.01441	0.01057	0.01937	0.03271	0.03758	0.09419	0.00716	0.02555	0.00181	0.00502	0.00495	0.00327	0.00643
25	0.01076	0.02339	0.59672	0.01499	0.02114	0.01284	0.05090	0.01584	0.01061	0.01592	0.00924	0.01165	0.00699	0.00675	0.03044	0.00199	0.14602	0.00419	0.00228	0.00734
26	0.01096	0.00940	0.01096	0.00783	0.01253	0.00705	0.00626	0.01331	0.01096	0.01723	0.00940	0.01096	0.00783	0.00392	0.00392	0.00078	0.00392	0.00313	0.00313	0.84653
27	0.00642	0.00536	0.00559	0.00553	0.00724	0.00453	0.00415	0.00791	0.01245	0.01523	0.15287	0.04932	0.67918	0.01304	0.00625	0.00177	0.00265	0.01094	0.00503	0.00453
28	0.01083	0.00721	0.00742	0.00700	0.00888	0.00780	0.00536	0.01762	0.27872	0.02028	0.02062	0.02132	0.05390	0.00689	0.00442	0.00146	0.00308	0.00562	0.50547	0.00611
29	0.00671	0.00493	0.00665	0.00746	0.00805	0.00487	0.00524	0.00793	0.01000	0.01345	0.04474	0.54960	0.08691	0.02161	0.19137	0.00360	0.00563	0.01241	0.00444	0.00442
30	0.00769	0.00513	0.00577	0.00577	0.00577	0.00513	0.00320	0.00769	0.00769	0.01025	0.01666	0.03460	0.01922	0.81421	0.02691	0.00513	0.00513	0.00769	0.00320	0.00320
31	0.82343	0.01018	0.00792	0.00704	0.01033	0.01172	0.00579	0.01589	0.00921	0.04957	0.00782	0.00891	0.00598	0.00496	0.00334	0.00164	0.00410	0.00295	0.00338	0.00584
32	0.01060	0.02735	0.78682	0.01507	0.02288	0.01228	0.01953	0.01674	0.01116	0.01674	0.00949	0.01116	0.00670	0.00502	0.00502	0.00167	0.00781	0.00391	0.00223	0.00781
33	0.52158	0.32828	0.01562	0.00778	0.01154	0.01543	0.00703	0.01565	0.00968	0.01927	0.00736	0.00855	0.00614	0.00476	0.00332	0.00144	0.00471	0.00285	0.00287	0.00614
34	0.01511	0.01379	0.01675	0.01406	0.08314	0.11726	0.12665	0.18685	0.01516	0.04752	0.01064	0.01211	0.00822	0.00492	0.00487	0.00130	0.00612	0.00424	0.00357	0.30771
35	0.00770	0.00544	0.00739	0.00739	0.00801	0.00602	0.00529	0.00896	0.00833	0.01191	0.01517	0.02552	0.01532	0.30709	0.49108	0.00699	0.01049	0.00633	0.04135	0.00420
36	0.07723	0.27010	0.46024	0.04381	0.01955	0.01490	0.01501	0.01624	0.01084	0.01582	0.00866	0.01025	0.00666	0.00487	0.00439	0.00151	0.00682	0.00352	0.00233	0.00725
37	0.01084	0.01027	0.01740	0.58898	0.24224	0.01197	0.01511	0.01426	0.01098	0.01455	0.00955	0.01382	0.00741	0.00513	0.00527	0.00171	0.00684	0.00470	0.00242	0.00656
38	0.00998	0.00940	0.01586	0.80150	0.03641	0.01175	0.01468	0.01351	0.01057	0.01351	0.00940	0.01409	0.00705	0.00529	0.00529	0.00176	0.00705	0.00470	0.00235	0.00587
39	0.01343	0.01880	0.30713	0.01788	0.16559	0.07843	0.11207	0.07256	0.01319	0.07246	0.01386	0.01527	0.06382	0.00574	0.00533	0.00164	0.00705	0.00501	0.00313	0.00762
40	0.00998	0.00940	0.01586	0.80150	0.03641	0.01175	0.01468	0.01351	0.01057	0.01351	0.00940	0.01409	0.00705	0.00529	0.00529	0.00176	0.00705	0.00470	0.00235	0.00587
41	0.00644	0.00460	0.00613	0.00736	0.00767	0.00429	0.00491	0.00736	0.01012	0.01350	0.02914	0.81076	0.03497	0.01656	0.00675	0.00215	0.00307	0.01503	0.00491	0.00429
42	0.01371	0.01240	0.01968	0.06261	0.60206	0.01274	0.01467	0.12372	0.01363	0.01910	0.01062	0.01406	0.00890	0.04194	0.00623	0.00174	0.00619	0.00485	0.00302	0.00812
43	0.04392	0.01277	0.01297	0.06061	0.10180	0.18241	0.00938	0.08287	0.05007	0.10204	0.05113	0.14122	0.04359	0.00834	0.00618	0.00173	0.05370	0.02460	0.00408	0.00658
44	0.00658	0.00498	0.00607	0.00662	0.00755	0.00448	0.00465	0.00793	0.01163	0.01520	0.17886	0.43300	0.26430	0.01450	0.00650	0.00194	0.00284	0.01281	0.00508	0.00448
45	0.00661	0.00489	0.00592	0.00661	0.00728	0.00448	0.00445	0.00757	0.01045	0.01353	0.06261	0.48087	0.21965	0.12821	0.00945	0.00246	0.00324	0.01281	0.00470	0.00421
46	0.01354	0.00971	0.12129	0.00890	0.01199	0.00686	0.00800	0.01595	0.01317	0.29793	0.16167	0.19283	0.09606	0.00988	0.00583	0.00177	0.00414	0.00850	0.00529	0.00667
47	0.01301	0.01573	0.22557	0.07068	0.05387	0.03094	0.08220	0.05995	0.22231	0.07605	0.01444	0.01608	0.01095	0.04116	0.04177	0.00216	0.00665	0.00517	0.00374	0.00757
48	0.25407	0.09801	0.01802	0.07632	0.31510	0.06954	0.06562	0.01619	0.01117	0.01800	0.00881	0.01121	0.00721	0.00482	0.00452	0.00156	0.00606	0.00400	0.00276	0.00701
49	0.00939	0.00816	0.03752	0.18721	0.08205	0.00841	0.00956	0.01197	0.01016	0.03685	0.06377	0.01877	0.01328	0.02235	0.39078	0.00496	0.00988	0.00538	0.00302	0.06656
50	0.01459	0.39879	0.05041	0.06769	0.01599	0.10791	0.00981	0.10761	0.11097	0.01658	0.01221	0.01296	0.04273	0.00566	0.00437	0.00139	0.00599	0.00408	0.00320	0.00705
51	0.01156	0.01220	0.09112	0.13184	0.22213	0.04764	0.01162	0.10074	0.01306	0.01740	0.01875	0.12612	0.11981	0.00784	0.00549	0.00167	0.00560	0.00680	0.00351	0.04509
52	0.01092	0.00769	0.00936	0.00838	0.01046	0.00745	0.00627	0.10031	0.04252	0.07701	0.05318	0.29347	0.02131	0.08382	0.05473	0.00238	0.02630	0.00862	0.00444	0.17136
53	0.01000	0.00922	0.06624	0.00896	0.01177	0.00753	0.07752	0.07389	0.01224	0.04340	0.07367	0.05563	0.21242	0.18019	0.01012	0.00232	0.00467	0.00754	0.00403	0.12864
54	0.07369	0.01120	0.11400	0.07062	0.07362	0.00973	0.00978	0.03896	0.01183	0.10627	0.05209	0.05907	0.18946	0.00847	0.00704	0.00177	0.11510	0.00663	0.00388	0.03680
55	0.16093	0.05044	0.14249	0.05232	0.22703	0.06800	0.01181	0.01609	0.03640	0.04534	0.09639	0.01635	0.04300	0.00603	0.00490	0.00160	0.00570	0.00492	0.00332	0.00696
56	0.02494	0.06768	0.03641	0.02174	0.40573	0.05780	0.04581	0.06989	0.01286	0.04497	0.01264	0.09023	0.01125	0.00618	0.00513	0.00157	0.00586	0.00557	0.06631	0.00744

[dist]
# distance from previous block
# <min> <max>
0	63

[block]
# block no. 1 follows, 46 sequences, length 51
# corresponding to MSA columns:
# 242-255,258-294
name=unknown_B
#
# <colnr> <probs for GDERKNQSTAVLIFYWHMCP>
#	G	D	E	R	K	N	Q	S	T	A	V	L	I	F	Y	W	H	M	C	P
0	0.09275	0.14578	0.20576	0.01241	0.04138	0.07610	0.07098	0.07876	0.01303	0.08578	0.03753	0.01649	0.07937	0.00621	0.00490	0.00157	0.00617	0.01450	0.00344	0.00705
1	0.01296	0.05320	0.17658	0.08694	0.03214	0.05698	0.03489	0.11151	0.13961	0.05526	0.08284	0.01919	0.07948	0.00696	0.00565	0.00167	0.02738	0.00564	0.00395	0.00718
2	0.04251	0.16377	0.17861	0.01157	0.01601	0.01266	0.08746	0.14015	0.01437	0.05428	0.16948	0.03027	0.01691	0.00650	0.00508	0.00154	0.00561	0.00544	0.00384	0.03395
3	0.03464	0.26416	0.16197	0.08858	0.13426	0.01380	0.03929	0.01510	0.03716	0.01550	0.05055	0.01698	0.09509	0.00610	0.00477	0.00152	0.00583	0.00497	0.00293	0.00683
4	0.02830	0.09057	0.13749	0.01137	0.01552	0.12124	0.03757	0.07558	0.08872	0.11191	0.04874	0.04124	0.01182	0.00617	0.00532	0.00149	0.03279	0.00481	0.00380	0.12554
5	0.11519	0.07618	0.11953	0.01115	0.04535	0.06324	0.05295	0.03086	0.07034	0.10280	0.01967	0.10840	0.11889	0.00775	0.00514	0.00165	0.00523	0.00640	0.00393	0.03538
6	0.05109	0.21876	0.05033	0.00955	0.05591	0.01068	0.00770	0.01324	0.01138	0.10170	0.02491	0.16944	0.20917	0.00945	0.00561	0.00166	0.03169	0.00771	0.00398	0.00604
7	0.01250	0.05243	0.12187	0.08916	0.39342	0.05676	0.04065	0.01696	0.08310	0.01668	0.01327	0.01536	0.05355	0.00556	0.00520	0.00161	0.00639	0.00499	0.00293	0.00761
8	0.12326	0.03688	0.65699	0.01402	0.02113	0.01237	0.03124	0.01657	0.01089	0.01761	0.00919	0.01083	0.00659	0.00499	0.00479	0.00166	0.00730	0.00379	0.00238	0.00751
9	0.01057	0.00922	0.01303	0.06232	0.24751	0.00976	0.00991	0.01628	0.22580	0.01708	0.01997	0.29707	0.01989	0.00963	0.00581	0.00185	0.00460	0.00872	0.00419	0.00678
10	0.00782	0.00511	0.00571	0.00571	0.00579	0.00511	0.00323	0.00797	0.00790	0.01083	0.01669	0.03368	0.01887	0.76440	0.02548	0.00489	0.00496	0.00752	0.05501	0.00331
11	0.00759	0.00550	0.00767	0.00767	0.00833	0.00616	0.00558	0.00891	0.00825	0.01166	0.01491	0.02493	0.01503	0.27303	0.56235	0.00748	0.01144	0.00627	0.00294	0.00426
12	0.01394	0.01175	0.01240	0.01092	0.01405	0.01352	0.00856	0.11147	0.68702	0.02338	0.02052	0.01893	0.01533	0.00708	0.00537	0.00177	0.00437	0.00584	0.00537	0.00844
13	0.01069	0.02673	0.75136	0.01541	0.02310	0.01233	0.05437	0.01675	0.01122	0.01675	0.00954	0.01131	0.00676	0.00500	0.00508	0.00168	0.00786	0.00402	0.00225	0.00778
14	0.66402	0.01126	0.00960	0.00813	0.01162	0.01288	0.00670	0.18427	0.01257	0.02588	0.00856	0.00951	0.00646	0.00523	0.00373	0.00162	0.00448	0.00329	0.00373	0.00646
15	0.01447	0.19602	0.01750	0.01114	0.01496	0.01494	0.06173	0.18012	0.30775	0.02158	0.04146	0.01538	0.01254	0.00611	0.00490	0.00153	0.00512	0.00495	0.00432	0.06346
16	0.01266	0.18476	0.41666	0.01374	0.06579	0.01370	0.01466	0.06417	0.03097	0.04521	0.00999	0.01127	0.00753	0.00499	0.00464	0.00147	0.00658	0.00382	0.00277	0.08461
17	0.01481	0.16467	0.30620	0.05121	0.04292	0.09290	0.01358	0.13446	0.01392	0.08603	0.01058	0.01174	0.00784	0.00597	0.01968	0.00166	0.00703	0.00402	0.00318	0.00761
18	0.00658	0.00475	0.00623	0.00716	0.00768	0.00440	0.00488	0.00775	0.01092	0.01465	0.13875	0.66251	0.07299	0.01558	0.00665	0.00206	0.00297	0.01405	0.00504	0.00440
19	0.01019	0.00918	0.01465	0.04206	0.42516	0.00903	0.01118	0.01257	0.01183	0.01633	0.09039	0.20193	0.10562	0.00898	0.00579	0.00174	0.00481	0.00825	0.00369	0.00662
20	0.01362	0.01270	0.11511	0.01411	0.08902	0.02522	0.09903	0.10095	0.05110	0.13735	0.01812	0.13324	0.06578	0.01899	0.00703	0.00184	0.07867	0.00691	0.00410	0.00711
21	0.01431	0.00752	0.00910	0.00782	0.00970	0.00731	0.00569	0.10352	0.01240	0.25906	0.01818	0.04481	0.01659	0.39115	0.01562	0.00331	0.00486	0.03025	0.03293	0.00586
22	0.00998	0.00940	0.01586	0.80150	0.03641	0.01175	0.01468	0.01351	0.01057	0.01351	0.00940	0.01409	0.00705	0.00529	0.00529	0.00176	0.00705	0.00470	0.00235	0.00587
23	0.01153	0.00987	0.01387	0.25241	0.18311	0.03168	0.01101	0.09087	0.03590	0.04542	0.03137	0.10524	0.13977	0.00801	0.00559	0.00173	0.00543	0.00698	0.00372	0.00651
24	0.01292	0.22405	0.12470	0.01146	0.03826	0.04643	0.04508	0.10963	0.05715	0.04102	0.01457	0.13529	0.01394	0.06784	0.00669	0.00187	0.00573	0.03309	0.00357	0.00669
25	0.00674	0.00514	0.00572	0.00611	0.00731	0.00457	0.00439	0.00800	0.01117	0.01422	0.04080	0.25494	0.43922	0.06872	0.00768	0.00211	0.00304	0.04617	0.05958	0.00438
26	0.01578	0.00847	0.01035	0.00901	0.01163	0.00843	0.00692	0.02108	0.22977	0.33734	0.02172	0.12939	0.01814	0.12235	0.00862	0.00226	0.00431	0.02166	0.00548	0.00728
27	0.03401	0.01149	0.10657	0.01049	0.01335	0.04958	0.02761	0.04021	0.04790	0.20843	0.02055	0.18734	0.07286	0.01023	0.02833	0.00203	0.09648	0.02144	0.00446	0.00665
28	0.01349	0.14279	0.03611	0.01639	0.22294	0.02222	0.04332	0.05056	0.01187	0.11845	0.01304	0.06760	0.01142	0.03329	0.12698	0.00275	0.05093	0.00542	0.00339	0.00702
29	0.01726	0.01302	0.01393	0.01132	0.01498	0.01454	0.00914	0.44013	0.30551	0.05136	0.01641	0.01573	0.01195	0.00666	0.00527	0.00165	0.00505	0.00524	0.03221	0.00863
30	0.06788	0.00554	0.00688	0.00693	0.00801	0.00527	0.00497	0.00954	0.01085	0.06376	0.17202	0.26803	0.13331	0.01394	0.00937	0.19180	0.00341	0.00960	0.00449	0.00440
31	0.01343	0.01186	0.03264	0.12302	0.10474	0.06023	0.05404	0.05919	0.03074	0.08454	0.01086	0.01269	0.00840	0.00497	0.00514	0.00132	0.03117	0.00415	0.00334	0.34354
32	0.01197	0.00942	0.01544	0.56196	0.11610	0.01087	0.01336	0.01510	0.01132	0.11719	0.01214	0.06098	0.00963	0.00605	0.00537	0.00175	0.00639	0.00539	0.00309	0.00648
33	0.01574	0.01021	0.01108	0.00914	0.01232	0.03348	0.00733	0.23583	0.09499	0.20651	0.03748	0.02632	0.23668	0.00857	0.00554	0.00166	0.00439	0.00692	0.02847	0.00735
34	0.00934	0.00773	0.03746	0.16803	0.01581	0.00765	0.06097	0.01148	0.01039	0.06250	0.06901	0.10955	0.06279	0.14894	0.19096	0.00390	0.00737	0.00737	0.00355	0.00520
35	0.01042	0.00830	0.01313	0.03559	0.26468	0.00828	0.03503	0.01289	0.03538	0.06679	0.01922	0.33370	0.02008	0.01362	0.09522	0.00261	0.00581	0.00908	0.00391	0.00627
36	0.00956	0.00873	0.01422	0.55954	0.02852	0.01095	0.01261	0.01253	0.00990	0.01317	0.01027	0.01540	0.00843	0.01335	0.18381	0.00332	0.07272	0.00491	0.00246	0.00561
37	0.01000	0.00885	0.01430	0.02065	0.41814	0.00870	0.01092	0.01216	0.01131	0.01577	0.04531	0.36037	0.02138	0.01007	0.00593	0.00182	0.00475	0.00936	0.00372	0.00648
38	0.01146	0.01682	0.29117	0.18156	0.15528	0.01186	0.12443	0.01618	0.03247	0.03705	0.01161	0.01623	0.00928	0.00569	0.00546	0.00174	0.00716	0.05453	0.00277	0.00726
39	0.00942	0.00850	0.01279	0.09492	0.01572	0.05348	0.12719	0.01188	0.01139	0.01479	0.03847	0.17074	0.02181	0.01538	0.12092	0.00301	0.00699	0.25346	0.00386	0.00529
40	0.01025	0.01256	0.23932	0.00930	0.01308	0.00758	0.00951	0.01359	0.03893	0.12029	0.03183	0.10571	0.32667	0.01008	0.00580	0.00178	0.00460	0.02855	0.00435	0.00621
41	0.01410	0.01509	0.01859	0.15145	0.06865	0.21530	0.15581	0.01699	0.03754	0.04255	0.00973	0.01278	0.00788	0.00681	0.02348	0.00190	0.18734	0.00473	0.00278	0.00649
42	0.01197	0.01561	0.18530	0.01995	0.29350	0.08551	0.06940	0.01612	0.05661	0.01707	0.09084	0.08662	0.01491	0.00665	0.00546	0.00166	0.00633	0.00601	0.00324	0.00723
43	0.00733	0.00515	0.00667	0.00698	0.00734	0.00536	0.00465	0.00813	0.00855	0.01167	0.01908	0.22732	0.02143	0.38175	0.24953	0.00537	0.00729	0.00895	0.00353	0.00393
44	0.01186	0.01165	0.02104	0.37471	0.12709	0.01243	0.24261	0.06473	0.01231	0.01653	0.01008	0.01378	0.00768	0.00496	0.00551	0.00169	0.00729	0.00510	0.00271	0.04623
45	0.01459	0.10014	0.18042	0.14378	0.04668	0.19800	0.08954	0.08571	0.01336	0.03951	0.00964	0.01172	0.00739	0.00535	0.00540	0.00158	0.03312	0.00422	0.00284	0.00702
46	0.03703	0.13344	0.04608	0.02876	0.25342	0.10831	0.07186	0.07459	0.01255	0.01678	0.01036	0.01274	0.02546	0.00576	0.00652	0.00160	0.11341	0.00446	0.02973	0.00715
47	0.01144	0.00799	0.00875	0.00810	0.00984	0.06795	0.00614	0.01463	0.09025	0.11930	0.16147	0.05202	0.04828	0.08028	0.18454	0.00344	0.00635	0.00679	0.10672	0.00571
48	0.01436	0.24000	0.01894	0.01231	0.06731	0.01448	0.06833	0.23355	0.04109	0.02030	0.01257	0.10214	0.01129	0.00644	0.00481	0.00144	0.00543	0.00532	0.00372	0.11617
49	0.01184	0.01187	0.02170	0.11338	0.36526	0.01187	0.23485	0.01563	0.03882	0.01656	0.01396	0.05341	0.05461	0.00585	0.00567	0.00170	0.00671	0.00607	0.00294	0.00730
50	0.02079	0.09776	0.12998	0.01167	0.09849	0.00938	0.00921	0.01301	0.03641	0.04175	0.01668	0.17020	0.04149	0.09514	0.10341	0.00280	0.00616	0.00690	0.00341	0.08535

[dist]
# distance from previous block
# <min> <max>
0	101

[block]
# block no. 2 follows, 46 sequences, length 36
# corresponding to MSA columns:
# 396-410,415-435
name=unknown_C
#
# <colnr> <probs for GDERKNQSTAVLIFYWHMCP>
#	G	D	E	R	K	N	Q	S	T	A	V	L	I	F	Y	W	H	M	C	P
0	0.01170	0.22476	0.21801	0.08274	0.01714	0.01321	0.01181	0.03249	0.01068	0.05462	0.01058	0.01351	0.00876	0.01382	0.19948	0.00326	0.05991	0.00427	0.00270	0.00657
1	0.00828	0.00695	0.00923	0.01124	0.15244	0.00655	0.00692	0.01072	0.04103	0.01661	0.21045	0.05777	0.33628	0.05304	0.00718	0.00194	0.00362	0.04972	0.00462	0.00542
2	0.01185	0.17844	0.12532	0.00964	0.01289	0.02870	0.00905	0.10190	0.06182	0.01797	0.06742	0.05984	0.06197	0.00930	0.05456	0.00198	0.04947	0.00563	0.12583	0.00643
3	0.01297	0.06326	0.10552	0.12840	0.01795	0.09707	0.02602	0.14736	0.01292	0.01690	0.01149	0.06942	0.01050	0.07625	0.03879	0.00230	0.14797	0.00538	0.00316	0.00637
4	0.00757	0.00532	0.00693	0.00700	0.00741	0.00570	0.00472	0.00841	0.00816	0.01127	0.01627	0.06980	0.01753	0.44687	0.34759	0.00638	0.00881	0.00723	0.00314	0.00390
5	0.22867	0.01407	0.05104	0.00969	0.01223	0.24372	0.00774	0.05298	0.01228	0.03878	0.01444	0.21188	0.01430	0.00820	0.00487	0.00166	0.00566	0.00643	0.05555	0.00580
6	0.01373	0.01717	0.20516	0.05794	0.16283	0.11594	0.01306	0.13840	0.10444	0.01907	0.01285	0.06509	0.01078	0.03308	0.00596	0.00176	0.00656	0.00526	0.00345	0.00747
7	0.01028	0.00920	0.01216	0.10471	0.01404	0.03298	0.00901	0.01247	0.04913	0.01331	0.01152	0.01811	0.01094	0.14723	0.14057	0.00358	0.33034	0.00537	0.05979	0.00528
8	0.00702	0.00517	0.00631	0.00690	0.00771	0.00482	0.00494	0.00821	0.01077	0.01395	0.08138	0.31248	0.21355	0.16424	0.01045	0.00263	0.00360	0.12696	0.00464	0.00427
9	0.01363	0.01281	0.02007	0.01918	0.19319	0.01340	0.22796	0.09472	0.30539	0.02062	0.01488	0.01594	0.01132	0.00574	0.00559	0.00172	0.00619	0.00564	0.00396	0.00807
10	0.01446	0.08122	0.09631	0.04220	0.09095	0.14167	0.20577	0.15343	0.01458	0.01852	0.01177	0.08254	0.01015	0.00615	0.00539	0.00163	0.00725	0.00558	0.00327	0.00717
11	0.03884	0.01798	0.17359	0.01801	0.14211	0.14405	0.16190	0.12860	0.03997	0.01882	0.01045	0.01254	0.00807	0.00630	0.02761	0.00183	0.03414	0.00465	0.00308	0.00747
12	0.00778	0.00574	0.00704	0.00754	0.00860	0.00550	0.00566	0.04800	0.01178	0.01530	0.06919	0.31356	0.19250	0.09435	0.00868	0.00238	0.00372	0.18323	0.00479	0.00464
13	0.01577	0.19580	0.01805	0.15886	0.01896	0.03728	0.03842	0.19218	0.08276	0.12221	0.03416	0.01402	0.01031	0.00596	0.00531	0.00157	0.03230	0.00464	0.00397	0.00748
14	0.00853	0.00766	0.06258	0.00981	0.01155	0.00623	0.09641	0.01048	0.01122	0.05561	0.08582	0.52484	0.02969	0.01326	0.00648	0.00202	0.00419	0.04381	0.00462	0.00520
15	0.01627	0.01241	0.01311	0.07597	0.06466	0.15638	0.00923	0.09791	0.07905	0.20686	0.01455	0.01668	0.01124	0.05963	0.12706	0.00287	0.01985	0.00505	0.00417	0.00706
16	0.01171	0.00678	0.00857	0.00763	0.00968	0.00649	0.00591	0.05266	0.01284	0.19755	0.15650	0.03121	0.20633	0.07343	0.18483	0.00347	0.00600	0.00768	0.00488	0.00583
17	0.01829	0.01278	0.01371	0.01073	0.01439	0.01399	0.00879	0.60055	0.02198	0.05379	0.01379	0.01417	0.00997	0.00632	0.00499	0.00152	0.00515	0.00481	0.16205	0.00823
18	0.01120	0.01618	0.21654	0.01757	0.02252	0.01233	0.40376	0.01539	0.01174	0.01638	0.04248	0.01723	0.07404	0.00610	0.00711	0.00181	0.09193	0.00602	0.00283	0.00685
19	0.00712	0.00520	0.00677	0.00738	0.00829	0.00485	0.00551	0.00883	0.01215	0.01630	0.25348	0.35871	0.12004	0.01414	0.00664	0.00202	0.00319	0.14958	0.00517	0.00463
20	0.41799	0.00882	0.00874	0.00739	0.01056	0.00920	0.00603	0.01835	0.01143	0.27692	0.01371	0.01381	0.00964	0.00569	0.00403	0.00156	0.00392	0.00407	0.16146	0.00667
21	0.01671	0.56146	0.02327	0.00952	0.01392	0.01786	0.00893	0.11429	0.01339	0.16063	0.01058	0.01082	0.00826	0.00514	0.00400	0.00128	0.00546	0.00355	0.00346	0.00749
22	0.01385	0.35971	0.17328	0.01104	0.01579	0.01666	0.01107	0.10338	0.21083	0.01817	0.01207	0.01242	0.00945	0.00552	0.00445	0.00146	0.00572	0.00408	0.00341	0.00765
23	0.00998	0.00940	0.01586	0.80150	0.03641	0.01175	0.01468	0.01351	0.01057	0.01351	0.00940	0.01409	0.00705	0.00529	0.00529	0.00176	0.00705	0.00470	0.00235	0.00587
24	0.01076	0.00868	0.01055	0.00801	0.01198	0.00699	0.00638	0.01301	0.01064	0.04251	0.01068	0.01304	0.00902	0.01069	0.15154	0.00225	0.00585	0.00368	0.00319	0.66054
25	0.00689	0.00509	0.00649	0.00739	0.00800	0.00486	0.00506	0.00875	0.05470	0.01457	0.08102	0.66611	0.08041	0.01543	0.00660	0.00207	0.00307	0.01390	0.00500	0.00459
26	0.01160	0.00975	0.01064	0.01006	0.01243	0.01104	0.00773	0.02311	0.58031	0.02010	0.02336	0.17019	0.02058	0.00941	0.00576	0.00190	0.00402	0.05538	0.00526	0.00738
27	0.22324	0.00731	0.00808	0.00785	0.01004	0.00753	0.00656	0.01478	0.01159	0.14062	0.01914	0.03078	0.01748	0.00890	0.00512	0.00182	0.00405	0.26676	0.20261	0.00575
28	0.20452	0.00712	0.00720	0.00641	0.00868	0.00732	0.00507	0.03665	0.01182	0.15029	0.04146	0.01736	0.01280	0.00610	0.00400	0.00142	0.00327	0.00468	0.45792	0.00591
29	0.01314	0.01174	0.01867	0.16608	0.50397	0.01235	0.01436	0.10451	0.01324	0.01867	0.01067	0.01367	0.00856	0.00511	0.00515	0.00158	0.00610	0.00473	0.05993	0.00776
30	0.00742	0.00517	0.00569	0.00569	0.00602	0.00500	0.00336	0.00767	0.00850	0.01100	0.02356	0.03764	0.16129	0.66449	0.02305	0.00450	0.00467	0.00834	0.00352	0.00344
31	0.02063	0.01395	0.01533	0.01176	0.01597	0.01512	0.00971	0.65471	0.02342	0.14424	0.01390	0.01347	0.00959	0.00638	0.00529	0.00159	0.00562	0.00484	0.00547	0.00899
32	0.01096	0.00940	0.01096	0.00783	0.01253	0.00705	0.00626	0.01331	0.01096	0.01723	0.00940	0.01096	0.00783	0.00392	0.00392	0.00078	0.00392	0.00313	0.00313	0.84653
33	0.17830	0.19824	0.06455	0.00993	0.01321	0.19355	0.00855	0.06371	0.01221	0.01672	0.01216	0.15925	0.01202	0.00720	0.00456	0.00153	0.00586	0.00545	0.00328	0.02972
34	0.07233	0.01657	0.10470	0.01152	0.01491	0.23999	0.01006	0.17744	0.04420	0.04365	0.06766	0.02038	0.01426	0.00733	0.00528	0.00166	0.00647	0.10812	0.02668	0.00680
35	0.01690	0.16315	0.01850	0.09024	0.16825	0.03377	0.01109	0.25723	0.01627	0.13355	0.01183	0.01277	0.00878	0.00552	0.00488	0.00149	0.00584	0.00439	0.00398	0.03158

[dist]
# distance from previous block
# <min> <max>
0	107

[block]
# block no. 3 follows, 46 sequences, length 17
# corresponding to MSA columns:
# 552,554-569
name=unknown_D
#
# <colnr> <probs for GDERKNQSTAVLIFYWHMCP>
#	G	D	E	R	K	N	Q	S	T	A	V	L	I	F	Y	W	H	M	C	P
0	0.00878	0.00700	0.01041	0.01260	0.16364	0.00725	0.00774	0.02470	0.01092	0.01541	0.16986	0.11204	0.02261	0.10238	0.29564	0.00454	0.00791	0.00749	0.00371	0.00539
1	0.00668	0.00513	0.00570	0.00597	0.00696	0.00460	0.00406	0.00764	0.01065	0.01336	0.06406	0.22389	0.39631	0.20777	0.01136	0.00267	0.00335	0.01117	0.00453	0.00414
2	0.02372	0.00900	0.01227	0.00941	0.01350	0.00777	0.00777	0.02576	0.01513	0.78489	0.02086	0.01799	0.01309	0.00654	0.00532	0.00164	0.00450	0.00532	0.00654	0.00900
3	0.01125	0.00915	0.01012	0.00908	0.01148	0.00998	0.00703	0.07689	0.40055	0.02215	0.28795	0.02811	0.07645	0.00878	0.00573	0.00173	0.00362	0.00747	0.00550	0.00698
4	0.19628	0.01129	0.01200	0.00975	0.01302	0.01236	0.00787	0.36966	0.01702	0.11035	0.01298	0.01528	0.01014	0.08322	0.09333	0.00268	0.00615	0.00478	0.00454	0.00730
5	0.18702	0.01389	0.01424	0.01112	0.01516	0.01548	0.00918	0.61342	0.02167	0.03139	0.01162	0.01187	0.00833	0.00606	0.00488	0.00160	0.00547	0.00438	0.00488	0.00833
6	0.00793	0.00517	0.00723	0.00740	0.00787	0.00544	0.00526	0.00829	0.00855	0.01177	0.05034	0.11144	0.01810	0.17414	0.28514	0.23057	0.00774	0.04063	0.00321	0.00376
7	0.14853	0.01608	0.01191	0.01038	0.01322	0.31932	0.00808	0.19317	0.01553	0.02087	0.01104	0.01230	0.00859	0.00573	0.00443	0.00143	0.00630	0.00396	0.18265	0.00648
8	0.17072	0.07199	0.16518	0.01069	0.01492	0.04500	0.01017	0.19511	0.14922	0.02273	0.01249	0.01309	0.00937	0.00578	0.00458	0.00158	0.00543	0.00428	0.08028	0.00740
9	0.01219	0.17364	0.10098	0.01049	0.01349	0.08348	0.00950	0.09739	0.04318	0.01635	0.07329	0.01622	0.01284	0.01639	0.24361	0.00363	0.05893	0.00486	0.00323	0.00632
10	0.00665	0.00529	0.00597	0.00598	0.00743	0.00461	0.00442	0.00830	0.01274	0.01635	0.27618	0.13075	0.47075	0.01293	0.00630	0.00179	0.00266	0.01109	0.00519	0.00461
11	0.04958	0.01667	0.01716	0.05317	0.35344	0.29233	0.01254	0.06974	0.01381	0.01680	0.01153	0.01351	0.04575	0.00555	0.00504	0.00152	0.00718	0.00449	0.00297	0.00721
12	0.00658	0.00514	0.00596	0.00623	0.00746	0.00453	0.00449	0.00805	0.01212	0.01557	0.20553	0.27129	0.40072	0.01375	0.00639	0.00186	0.00275	0.01194	0.00511	0.00453
13	0.00893	0.00588	0.00693	0.00691	0.00712	0.04384	0.00448	0.00807	0.00782	0.01014	0.01307	0.05440	0.01415	0.32139	0.07045	0.39878	0.00558	0.00619	0.00280	0.00306
14	0.01598	0.24464	0.01871	0.09947	0.01734	0.26984	0.01035	0.13366	0.01400	0.01600	0.00888	0.01081	0.00740	0.00683	0.03308	0.00171	0.07796	0.00378	0.00292	0.00665
15	0.01208	0.00815	0.01027	0.04772	0.01212	0.00844	0.00709	0.15033	0.01322	0.09361	0.08757	0.02059	0.01561	0.09068	0.25487	0.00399	0.00759	0.00565	0.05100	0.09941
16	0.01420	0.04688	0.08983	0.10976	0.26429	0.05646	0.11767	0.05860	0.05032	0.09173	0.01140	0.01352	0.00869	0.00537	0.00575	0.00165	0.03818	0.00482	0.00320	0.00767

[dist]
# distance from previous block
# <min> <max>
2	6

[block]
# block no. 4 follows, 46 sequences, length 22
# corresponding to MSA columns:
# 583-604
name=unknown_E
#
# <colnr> <probs for GDERKNQSTAVLIFYWHMCP>
#	G	D	E	R	K	N	Q	S	T	A	V	L	I	F	Y	W	H	M	C	P
0	0.00984	0.06207	0.06212	0.06199	0.01377	0.05918	0.08492	0.01196	0.01167	0.04754	0.07646	0.24692	0.14895	0.04309	0.00679	0.00195	0.00493	0.03633	0.00408	0.00545
1	0.01011	0.00713	0.01095	0.00952	0.01150	0.00663	0.11144	0.03898	0.01315	0.10762	0.25112	0.29790	0.07940	0.01140	0.00627	0.00185	0.00396	0.01040	0.00507	0.00563
2	0.00969	0.08333	0.01347	0.09788	0.22474	0.00907	0.00937	0.01193	0.01170	0.01606	0.14615	0.23220	0.05576	0.00939	0.00561	0.00171	0.00447	0.00839	0.04311	0.00597
3	0.01144	0.01101	0.06431	0.04137	0.17183	0.01076	0.04351	0.08150	0.17029	0.01780	0.01669	0.16013	0.01578	0.08147	0.04213	0.00239	0.03983	0.00715	0.00386	0.00679
4	0.00942	0.01059	0.14499	0.01088	0.01366	0.00765	0.11208	0.04344	0.01186	0.05187	0.06180	0.40319	0.07363	0.01150	0.00619	0.00192	0.00482	0.01048	0.00428	0.00576
5	0.01084	0.07442	0.04097	0.01332	0.16066	0.04064	0.00864	0.06447	0.03379	0.04127	0.01962	0.37353	0.02123	0.06322	0.00717	0.00203	0.00474	0.00938	0.00404	0.00602
6	0.01532	0.01753	0.06793	0.08869	0.30215	0.27195	0.01343	0.07282	0.03553	0.01660	0.00969	0.01197	0.00784	0.00541	0.00560	0.00156	0.04155	0.00426	0.00287	0.00731
7	0.47475	0.14965	0.01422	0.00932	0.01292	0.01384	0.05698	0.08304	0.01134	0.07738	0.00902	0.01015	0.00695	0.00528	0.00453	0.00159	0.04554	0.00352	0.00343	0.00653
8	0.01304	0.01165	0.01522	0.04079	0.01463	0.01522	0.01076	0.15233	0.04091	0.01738	0.00933	0.01271	0.00811	0.00829	0.01333	0.00207	0.54487	0.00473	0.05822	0.00642
9	0.01358	0.06145	0.09011	0.02267	0.36742	0.06735	0.11698	0.07392	0.06242	0.01831	0.04649	0.01419	0.01046	0.00531	0.00527	0.00159	0.00662	0.00496	0.00311	0.00779
10	0.08603	0.14177	0.30522	0.01246	0.01722	0.06535	0.01310	0.07572	0.06208	0.04551	0.00999	0.01141	0.00770	0.00586	0.00639	0.00166	0.11834	0.00397	0.00297	0.00725
11	0.01178	0.01002	0.01519	0.26173	0.22007	0.01097	0.01265	0.11853	0.01342	0.01793	0.01538	0.02681	0.01443	0.00798	0.00586	0.00188	0.00604	0.21909	0.00356	0.00667
12	0.00794	0.00563	0.00652	0.00628	0.00799	0.00491	0.00479	0.00972	0.01311	0.07001	0.27281	0.06956	0.44733	0.01227	0.00624	0.00177	0.00285	0.04003	0.00530	0.00495
13	0.01403	0.01533	0.01520	0.09990	0.01706	0.24499	0.01106	0.01744	0.11735	0.01419	0.00962	0.01239	0.00820	0.00740	0.01063	0.00190	0.36973	0.00446	0.00287	0.00626
14	0.05047	0.17376	0.01208	0.00736	0.01013	0.01021	0.00622	0.09694	0.01306	0.14110	0.01486	0.01589	0.01125	0.00585	0.00404	0.00133	0.00388	0.00445	0.41069	0.00643
15	0.00668	0.00502	0.00600	0.00646	0.00734	0.00454	0.00447	0.00788	0.01125	0.01464	0.15545	0.37024	0.26812	0.09657	0.00858	0.00226	0.00307	0.01219	0.00488	0.00435
16	0.01696	0.33721	0.12546	0.01024	0.01473	0.09157	0.00994	0.01939	0.01260	0.25320	0.01242	0.01248	0.00907	0.00539	0.00437	0.00139	0.00582	0.00391	0.04639	0.00745
17	0.00918	0.00459	0.00689	0.00689	0.00689	0.00459	0.00459	0.00689	0.00689	0.00918	0.00918	0.01607	0.00918	0.01837	0.02066	0.84619	0.00459	0.00459	0.00230	0.00230
18	0.01510	0.01567	0.01355	0.14775	0.01808	0.34809	0.04612	0.01756	0.04132	0.09386	0.01963	0.02030	0.16653	0.00718	0.00531	0.00158	0.00695	0.00565	0.00360	0.00617
19	0.01014	0.07836	0.04498	0.00888	0.01141	0.00887	0.03451	0.06141	0.04406	0.01689	0.12026	0.02040	0.01679	0.05776	0.25526	0.00380	0.00753	0.00557	0.07551	0.11761
20	0.04064	0.01328	0.01231	0.03893	0.04245	0.18275	0.00833	0.01989	0.23425	0.05084	0.04662	0.01511	0.01217	0.00579	0.00476	0.00138	0.00536	0.00455	0.02843	0.23217
21	0.01501	0.21410	0.01752	0.06490	0.01607	0.16556	0.03667	0.11496	0.03230	0.04807	0.02885	0.01218	0.00912	0.00645	0.03322	0.00155	0.00646	0.00395	0.00330	0.16974

[dist]
# distance from previous block
# <min> <max>
2	19

[block]
# block no. 5 follows, 46 sequences, length 20
# corresponding to MSA columns:
# 624-643
name=unknown_F
#
# <colnr> <probs for GDERKNQSTAVLIFYWHMCP>
#	G	D	E	R	K	N	Q	S	T	A	V	L	I	F	Y	W	H	M	C	P
0	0.01281	0.21607	0.10387	0.01153	0.05250	0.12790	0.02761	0.05585	0.01241	0.01583	0.05965	0.09314	0.01305	0.00820	0.04640	0.00176	0.00633	0.00516	0.00317	0.12675
1	0.00972	0.00704	0.00843	0.00837	0.00963	0.00717	0.00604	0.18280	0.01375	0.01845	0.07208	0.54812	0.02930	0.04372	0.00713	0.00210	0.00375	0.01203	0.00499	0.00539
2	0.00801	0.00644	0.00961	0.03642	0.15889	0.00640	0.00747	0.00950	0.01026	0.01396	0.02309	0.50060	0.03852	0.05598	0.08646	0.00280	0.00502	0.01134	0.00409	0.00513
3	0.00671	0.00498	0.00636	0.00719	0.00792	0.00448	0.00490	0.00776	0.01037	0.01381	0.03035	0.68398	0.10805	0.01545	0.00652	0.00202	0.00308	0.01389	0.00480	0.05739
4	0.01711	0.00770	0.01012	0.00818	0.01114	0.00674	0.00642	0.01898	0.01378	0.46222	0.17320	0.02486	0.03944	0.11340	0.00827	0.00205	0.00410	0.00649	0.00570	0.06010
5	0.01926	0.01439	0.01539	0.01199	0.01607	0.01600	0.00985	0.67487	0.11495	0.03197	0.01376	0.01354	0.00985	0.00645	0.00530	0.00161	0.00562	0.00491	0.00530	0.00892
6	0.45616	0.00774	0.00643	0.00600	0.00831	0.00860	0.00477	0.01403	0.00998	0.02184	0.01200	0.01381	0.00940	0.00550	0.00347	0.00145	0.00333	0.00383	0.39800	0.00535
7	0.30513	0.19891	0.01562	0.00950	0.01346	0.01541	0.00820	0.29233	0.01559	0.06639	0.01007	0.01059	0.00758	0.00544	0.00416	0.00150	0.00511	0.00369	0.00396	0.00736
8	0.05242	0.01102	0.01287	0.01025	0.01387	0.01126	0.00831	0.34692	0.01850	0.32371	0.01783	0.11934	0.01387	0.00771	0.00541	0.00168	0.00487	0.00625	0.00565	0.00825
9	0.18383	0.47149	0.02075	0.00968	0.01354	0.19803	0.00865	0.01700	0.01137	0.01482	0.00754	0.00875	0.00658	0.00481	0.00369	0.00129	0.00624	0.00297	0.00257	0.00642
10	0.28336	0.01065	0.01310	0.05430	0.15681	0.01103	0.00928	0.09427	0.01335	0.28492	0.01313	0.01336	0.00915	0.00560	0.00465	0.00163	0.00497	0.00434	0.00443	0.00768
11	0.04357	0.01365	0.01355	0.04252	0.01527	0.11606	0.00933	0.21390	0.29394	0.04779	0.01489	0.01510	0.01124	0.00673	0.00634	0.00170	0.08581	0.00497	0.03595	0.00768
12	0.00699	0.00540	0.00598	0.00603	0.00722	0.00492	0.00425	0.00847	0.02825	0.01441	0.13922	0.10427	0.40299	0.20378	0.01121	0.00261	0.00336	0.03166	0.00464	0.00432
13	0.05365	0.00695	0.00762	0.00691	0.00865	0.00727	0.00523	0.09013	0.04804	0.08342	0.01639	0.02069	0.01361	0.13368	0.08698	0.00268	0.00472	0.00539	0.39237	0.00560
14	0.00648	0.00480	0.00605	0.00692	0.00758	0.00437	0.00474	0.00759	0.01083	0.01418	0.08568	0.60895	0.18144	0.01554	0.00661	0.00204	0.00295	0.01389	0.00497	0.00437
15	0.00902	0.00468	0.00692	0.00692	0.00697	0.00473	0.00463	0.00707	0.00702	0.00941	0.00983	0.01725	0.00990	0.05924	0.06334	0.75829	0.00514	0.00480	0.00237	0.00247
16	0.01417	0.27959	0.02057	0.21877	0.15914	0.19597	0.01207	0.01653	0.01191	0.01371	0.00854	0.01101	0.00715	0.00497	0.00453	0.00143	0.00703	0.00378	0.00246	0.00669
17	0.04563	0.01113	0.05075	0.00847	0.01183	0.11460	0.00691	0.01288	0.01174	0.01621	0.06120	0.11274	0.13307	0.00757	0.00489	0.00131	0.00453	0.00621	0.00367	0.37467
18	0.12650	0.01085	0.01008	0.00900	0.01054	0.11782	0.00661	0.10920	0.05153	0.01634	0.01290	0.02133	0.01280	0.34789	0.02878	0.00326	0.09027	0.00562	0.00343	0.00526
19	0.09685	0.01132	0.05562	0.20033	0.09072	0.01131	0.06965	0.09778	0.07810	0.05680	0.01288	0.06593	0.01062	0.00805	0.04998	0.00204	0.00628	0.00536	0.00353	0.06686

[dist]
# distance from previous block
# <min> <max>
2	100

[block]
# block no. 6 follows, 46 sequences, length 45
# corresponding to MSA columns:
# 752-773,780-802
name=unknown_G
#
# <colnr> <probs for GDERKNQSTAVLIFYWHMCP>
#	G	D	E	R	K	N	Q	S	T	A	V	L	I	F	Y	W	H	M	C	P
0	0.08662	0.01002	0.01066	0.07146	0.01261	0.09210	0.00783	0.04338	0.01099	0.04037	0.01208	0.01535	0.00998	0.02720	0.05325	0.00211	0.19595	0.00461	0.28779	0.00563
1	0.01328	0.01311	0.04677	0.13304	0.44318	0.03890	0.03154	0.07105	0.12142	0.01841	0.01166	0.01398	0.00922	0.00529	0.00527	0.00163	0.00628	0.00486	0.00316	0.00795
2	0.00901	0.00630	0.00780	0.00749	0.00873	0.00631	0.00544	0.07218	0.03838	0.04270	0.27188	0.20267	0.06109	0.14090	0.09205	0.00303	0.00466	0.00946	0.00482	0.00508
3	0.01280	0.01568	0.13514	0.04667	0.40313	0.11916	0.03122	0.01656	0.04784	0.01638	0.01475	0.01664	0.08909	0.00590	0.00527	0.00160	0.00657	0.00518	0.00294	0.00746
4	0.28633	0.07196	0.01019	0.00774	0.01067	0.00946	0.00626	0.01700	0.04129	0.23571	0.01864	0.10763	0.07321	0.02903	0.00522	0.00174	0.00404	0.00596	0.05145	0.00646
5	0.01157	0.01157	0.01619	0.01388	0.01388	0.01619	0.01157	0.01272	0.00810	0.01272	0.00694	0.01157	0.00694	0.00925	0.01735	0.00231	0.80453	0.00463	0.00231	0.00578
6	0.01174	0.28088	0.54321	0.01314	0.01989	0.01505	0.01617	0.01645	0.01103	0.01536	0.00880	0.01030	0.00672	0.00486	0.00450	0.00150	0.00712	0.00356	0.00224	0.00748
7	0.01358	0.58604	0.12186	0.00987	0.01443	0.01771	0.01013	0.03857	0.01142	0.04192	0.01028	0.05305	0.00953	0.00577	0.00407	0.00134	0.00573	0.03511	0.00275	0.00685
8	0.01079	0.01037	0.01770	0.58362	0.10530	0.01210	0.09276	0.01528	0.07078	0.01491	0.01054	0.01446	0.00799	0.00529	0.00539	0.00175	0.00694	0.00496	0.00265	0.00644
9	0.00696	0.00538	0.00634	0.00610	0.00758	0.00477	0.00458	0.00896	0.01373	0.01827	0.47149	0.04431	0.35867	0.01190	0.00624	0.00171	0.00257	0.01024	0.00543	0.00477
10	0.01975	0.02520	0.01498	0.01362	0.01634	0.79299	0.01021	0.02111	0.01498	0.01294	0.00817	0.00953	0.00681	0.00545	0.00477	0.00136	0.00953	0.00340	0.00272	0.00613
11	0.01125	0.01035	0.01731	0.42190	0.34099	0.01155	0.01445	0.01453	0.01122	0.01555	0.01024	0.01412	0.00811	0.00512	0.00514	0.00164	0.00637	0.00472	0.06863	0.00683
12	0.00662	0.00532	0.00591	0.00586	0.00740	0.00461	0.00436	0.00828	0.01279	0.01628	0.26630	0.09458	0.51747	0.01282	0.00628	0.00177	0.00265	0.01093	0.00518	0.00461
13	0.01245	0.00803	0.01105	0.06453	0.13869	0.00801	0.00808	0.07891	0.01382	0.13423	0.19639	0.10098	0.02250	0.00807	0.00534	0.00161	0.00406	0.00702	0.16975	0.00647
14	0.00762	0.00515	0.00584	0.00581	0.00596	0.00509	0.00336	0.00785	0.00835	0.01116	0.07191	0.03550	0.04727	0.72999	0.02474	0.00477	0.00486	0.00794	0.00345	0.00337
15	0.01157	0.01157	0.01619	0.01388	0.01388	0.01619	0.01157	0.01272	0.00810	0.01272	0.00694	0.01157	0.00694	0.00925	0.01735	0.00231	0.80453	0.00463	0.00231	0.00578
16	0.01172	0.01076	0.01131	0.00833	0.01286	0.07500	0.00661	0.01399	0.01131	0.01686	0.00929	0.01084	0.00774	0.00405	0.00399	0.00083	0.00440	0.00316	0.00310	0.77387
17	0.00965	0.00666	0.00760	0.00737	0.00852	0.00687	0.00520	0.10859	0.06602	0.01746	0.08025	0.26209	0.02390	0.21828	0.01113	0.00263	0.00389	0.00909	0.13970	0.00507
18	0.20097	0.01792	0.01429	0.05104	0.09702	0.35965	0.01005	0.15533	0.01496	0.01953	0.00907	0.01050	0.00715	0.00541	0.00461	0.00150	0.00720	0.00373	0.00329	0.00679
19	0.01328	0.05173	0.01935	0.25235	0.32298	0.14078	0.06389	0.01669	0.03969	0.01538	0.00984	0.01290	0.00791	0.00506	0.00516	0.00159	0.00711	0.00455	0.00264	0.00711
20	0.00895	0.00688	0.00906	0.00851	0.00936	0.00784	0.00651	0.02837	0.01030	0.03291	0.12031	0.07021	0.08821	0.16624	0.19885	0.00410	0.15947	0.03639	0.02267	0.00485
21	0.00686	0.00510	0.00640	0.00667	0.00767	0.00463	0.00478	0.00856	0.01262	0.01704	0.36429	0.32798	0.18111	0.01343	0.00643	0.00187	0.00274	0.01189	0.00531	0.00463
22	0.03215	0.00621	0.00794	0.00753	0.00917	0.00567	0.00549	0.01322	0.01180	0.23980	0.08762	0.33881	0.08562	0.11323	0.00871	0.00229	0.00369	0.01022	0.00521	0.00564
23	0.01753	0.01353	0.01442	0.01164	0.01542	0.01520	0.00943	0.49210	0.30054	0.02918	0.01595	0.01529	0.01163	0.00665	0.00532	0.00166	0.00521	0.00521	0.00532	0.00876
24	0.04902	0.01001	0.01093	0.00910	0.01214	0.01068	0.00729	0.22490	0.18225	0.16462	0.01720	0.01703	0.01247	0.00645	0.00478	0.00154	0.00420	0.00510	0.24271	0.00758
25	0.02010	0.01481	0.01587	0.01216	0.01639	0.01639	0.01005	0.76360	0.02486	0.03332	0.01269	0.01269	0.00899	0.00635	0.00529	0.00159	0.00582	0.00476	0.00529	0.00899
26	0.01535	0.07451	0.21925	0.01274	0.01673	0.10422	0.01237	0.10037	0.06372	0.13518	0.01152	0.01266	0.00863	0.00649	0.00768	0.00173	0.18152	0.00438	0.00352	0.00745
27	0.01413	0.81739	0.02770	0.00905	0.01357	0.02092	0.00905	0.01583	0.01074	0.01244	0.00735	0.00848	0.00678	0.00452	0.00339	0.00113	0.00565	0.00283	0.00226	0.00678
28	0.01060	0.02735	0.78682	0.01507	0.02288	0.01228	0.01953	0.01674	0.01116	0.01674	0.00949	0.01116	0.00670	0.00502	0.00502	0.00167	0.00781	0.00391	0.00223	0.00781
29	0.01336	0.01146	0.01207	0.01080	0.01383	0.01325	0.00842	0.05047	0.74896	0.02246	0.02125	0.01951	0.01592	0.00715	0.00538	0.00179	0.00423	0.00594	0.00538	0.00839
30	0.00772	0.00506	0.00638	0.00628	0.00722	0.00464	0.00448	0.00787	0.01066	0.01386	0.20647	0.03417	0.29718	0.01479	0.01205	0.34187	0.00341	0.00814	0.00407	0.00371
