[name]
unknown

[dist]
# distance from previous block
# <min> <max>
7	99

[block]
# block no. 0 follows, 42 sequences, length 13
# corresponding to MSA columns:
# 101-113
name=unknown_A
#
# <colnr> <probs for GDERKNQSTAVLIFYWHMCP>
#	G	D	E	R	K	N	Q	S	T	A	V	L	I	F	Y	W	H	M	C	P
0	0.26045	0.00830	0.00847	0.00764	0.01033	0.00849	0.00600	0.01681	0.06115	0.17538	0.02372	0.11088	0.13042	0.00877	0.00506	0.00177	0.00381	0.00700	0.13906	0.00648
1	0.01566	0.01718	0.01359	0.01209	0.01424	0.35580	0.00935	0.08379	0.01548	0.01778	0.18011	0.02123	0.07535	0.00845	0.00776	0.00174	0.13401	0.00605	0.00399	0.00634
2	0.08667	0.00755	0.00847	0.00750	0.00964	0.00714	0.00547	0.02626	0.04838	0.07573	0.13171	0.08423	0.10412	0.22618	0.01187	0.00268	0.00420	0.00784	0.00457	0.13979
3	0.13528	0.02112	0.01779	0.01477	0.01843	0.43959	0.12919	0.12413	0.01612	0.01916	0.00970	0.01130	0.00763	0.00568	0.00518	0.00160	0.00866	0.00424	0.00336	0.00707
4	0.01842	0.01677	0.05735	0.05749	0.01796	0.21773	0.04055	0.16076	0.04097	0.15013	0.01316	0.01393	0.00964	0.00612	0.00564	0.00158	0.02897	0.00464	0.03573	0.10245
5	0.01477	0.12711	0.05404	0.24297	0.02242	0.14215	0.01156	0.04641	0.10016	0.06409	0.01215	0.01452	0.00953	0.03250	0.00589	0.00172	0.00682	0.00460	0.00343	0.08315
6	0.29148	0.01110	0.01061	0.00938	0.01253	0.01266	0.00745	0.09627	0.32749	0.02497	0.01626	0.01626	0.01231	0.00659	0.00471	0.00175	0.00434	0.00496	0.12138	0.00752
7	0.00978	0.00489	0.00733	0.00733	0.00733	0.00489	0.00489	0.00733	0.00733	0.00978	0.00978	0.01711	0.00978	0.01955	0.02199	0.83627	0.00489	0.00489	0.00244	0.00244
8	0.68872	0.01137	0.00940	0.00826	0.01178	0.01313	0.00675	0.07053	0.09602	0.02579	0.00996	0.01081	0.00761	0.00561	0.00389	0.00176	0.00450	0.00357	0.00389	0.00666
9	0.01167	0.01000	0.01167	0.00834	0.01334	0.00750	0.00667	0.01417	0.01167	0.01834	0.01000	0.01167	0.00834	0.00417	0.00417	0.00083	0.00417	0.00333	0.00333	0.83663
10	0.01682	0.45775	0.02307	0.01043	0.01508	0.01855	0.00951	0.19607	0.04968	0.06340	0.01093	0.01150	0.00874	0.00548	0.00437	0.00135	0.00575	0.00385	0.00369	0.08398
11	0.01330	0.01784	0.28170	0.01241	0.01724	0.05598	0.01278	0.12642	0.11835	0.04908	0.02215	0.02564	0.12938	0.00843	0.00590	0.00187	0.00625	0.08336	0.00427	0.00764
12	0.03286	0.07177	0.13807	0.02044	0.30838	0.05013	0.03805	0.04477	0.04378	0.01900	0.01273	0.04028	0.01054	0.00593	0.00515	0.00163	0.00622	0.00513	0.13738	0.00776

[dist]
# distance from previous block
# <min> <max>
0	6

[block]
# block no. 1 follows, 42 sequences, length 22
# corresponding to MSA columns:
# 123-144
name=unknown_B
#
# <colnr> <probs for GDERKNQSTAVLIFYWHMCP>
#	G	D	E	R	K	N	Q	S	T	A	V	L	I	F	Y	W	H	M	C	P
0	0.01434	0.25101	0.29795	0.01488	0.09480	0.01564	0.01438	0.10232	0.01356	0.05757	0.01086	0.01253	0.00846	0.00797	0.05878	0.00209	0.00752	0.00422	0.00309	0.00804
1	0.04254	0.13862	0.25963	0.01861	0.12070	0.03432	0.21027	0.01700	0.01225	0.01716	0.01159	0.07051	0.00994	0.00598	0.00552	0.00174	0.00760	0.00558	0.00282	0.00763
2	0.01310	0.00925	0.01111	0.01016	0.01230	0.01016	0.00783	0.02016	0.29632	0.13517	0.09936	0.20442	0.04142	0.01065	0.00752	0.00202	0.08746	0.00887	0.00549	0.00724
3	0.11000	0.00766	0.03316	0.11526	0.01350	0.00737	0.00744	0.01154	0.01322	0.01938	0.32250	0.11658	0.12961	0.01102	0.00621	0.00191	0.00398	0.05925	0.00493	0.00547
4	0.01624	0.07955	0.17220	0.01565	0.03735	0.26664	0.12625	0.09607	0.06620	0.01864	0.04409	0.01378	0.01040	0.00593	0.00545	0.00164	0.00816	0.00481	0.00337	0.00759
5	0.01551	0.01892	0.20082	0.01405	0.01874	0.13165	0.07888	0.19002	0.13920	0.02210	0.01363	0.01491	0.01031	0.00861	0.05777	0.00221	0.00777	0.00505	0.04184	0.00800
6	0.09961	0.00682	0.00664	0.00619	0.00802	0.00716	0.00479	0.08154	0.01292	0.02277	0.01679	0.01903	0.01309	0.00643	0.00404	0.00139	0.00314	0.00500	0.66888	0.00574
7	0.00743	0.00530	0.00718	0.00849	0.00906	0.00506	0.00621	0.00882	0.01133	0.01500	0.03070	0.60962	0.03598	0.01710	0.00733	0.00236	0.00376	0.19932	0.00521	0.00473
8	0.30579	0.01418	0.10866	0.01047	0.01473	0.03762	0.00950	0.15007	0.01430	0.15221	0.01211	0.01329	0.00894	0.03391	0.00601	0.00182	0.03425	0.00429	0.00426	0.06358
9	0.18279	0.11020	0.11795	0.01235	0.07036	0.05008	0.01038	0.09360	0.04081	0.12411	0.01404	0.09591	0.01186	0.00697	0.00500	0.00169	0.00568	0.00544	0.00409	0.03670
10	0.00692	0.00536	0.00634	0.00707	0.00816	0.00478	0.00507	0.00821	0.01183	0.01491	0.04237	0.41981	0.35712	0.01600	0.00699	0.00214	0.00322	0.06379	0.00522	0.00469
11	0.01687	0.01740	0.10008	0.02240	0.30303	0.16349	0.08862	0.05244	0.04056	0.12205	0.01241	0.01405	0.00937	0.00561	0.00558	0.00168	0.00746	0.00495	0.00358	0.00837
12	0.01335	0.01343	0.01941	0.02414	0.39599	0.09426	0.06461	0.01613	0.01265	0.01725	0.09019	0.01697	0.01356	0.00918	0.06463	0.00233	0.11567	0.00559	0.00314	0.00752
13	0.00753	0.00543	0.00722	0.00774	0.00829	0.00558	0.00536	0.00865	0.00972	0.01320	0.02408	0.33694	0.06122	0.20255	0.26435	0.00519	0.00760	0.01078	0.00409	0.00447
14	0.01208	0.01133	0.01721	0.01229	0.01747	0.00923	0.19687	0.01516	0.01208	0.01826	0.01036	0.01257	0.00839	0.00432	0.00480	0.00111	0.00554	0.00418	0.00321	0.62354
15	0.00799	0.00538	0.00619	0.00638	0.00643	0.00533	0.00367	0.00813	0.00856	0.01141	0.01966	0.14710	0.02289	0.68864	0.02554	0.00500	0.00514	0.00932	0.00367	0.00358
16	0.01410	0.16231	0.52557	0.01399	0.02108	0.01394	0.01691	0.01913	0.01245	0.13303	0.01156	0.01250	0.00819	0.00550	0.00509	0.00167	0.00737	0.00419	0.00309	0.00832
17	0.01081	0.00916	0.01071	0.00810	0.01239	0.00700	0.00635	0.01308	0.01166	0.01770	0.01550	0.09801	0.06401	0.00630	0.00466	0.00106	0.00398	0.00527	0.00367	0.69060
18	0.01976	0.01862	0.01700	0.08676	0.07147	0.26170	0.01167	0.39631	0.02073	0.02536	0.01144	0.01260	0.00859	0.00622	0.00545	0.00163	0.00762	0.00459	0.00426	0.00824
19	0.00774	0.00561	0.00746	0.00843	0.00933	0.00533	0.00646	0.00953	0.01237	0.01639	0.13357	0.39145	0.09147	0.01583	0.00727	0.00229	0.00380	0.25544	0.00534	0.00489
20	0.01347	0.01291	0.02202	0.13849	0.66673	0.01325	0.01704	0.01687	0.01260	0.01783	0.01051	0.01408	0.00872	0.00510	0.00558	0.00170	0.00680	0.00501	0.00275	0.00855
21	0.00989	0.00745	0.00860	0.00766	0.00958	0.00691	0.00547	0.08806	0.01262	0.01737	0.10341	0.16121	0.10249	0.24884	0.01274	0.00278	0.00431	0.00879	0.00443	0.17740

[dist]
# distance from previous block
# <min> <max>
0	4

[block]
# block no. 2 follows, 42 sequences, length 22
# corresponding to MSA columns:
# 149-170
name=unknown_C
#
# <colnr> <probs for GDERKNQSTAVLIFYWHMCP>
#	G	D	E	R	K	N	Q	S	T	A	V	L	I	F	Y	W	H	M	C	P
0	0.01301	0.30831	0.30837	0.01415	0.01954	0.01724	0.07797	0.01675	0.01128	0.01544	0.00892	0.01120	0.00733	0.00587	0.00707	0.00170	0.14186	0.00408	0.00244	0.00748
1	0.01240	0.01245	0.02305	0.34291	0.27647	0.01323	0.20459	0.01627	0.01229	0.01664	0.01055	0.01469	0.00823	0.00520	0.00587	0.00181	0.00774	0.00543	0.00268	0.00747
2	0.00852	0.00773	0.01216	0.01050	0.01269	0.00710	0.15128	0.01049	0.01193	0.01559	0.03363	0.32748	0.26714	0.01291	0.00705	0.00200	0.02800	0.01168	0.00455	0.05757
3	0.43765	0.00831	0.00731	0.00692	0.00908	0.00905	0.00519	0.01264	0.00999	0.01950	0.03869	0.04563	0.12189	0.21274	0.01073	0.00276	0.00437	0.02853	0.00388	0.00512
4	0.01442	0.01186	0.01864	0.29306	0.29225	0.01325	0.01469	0.07573	0.01328	0.09876	0.01153	0.01467	0.00885	0.00608	0.00694	0.00183	0.08794	0.00507	0.00333	0.00782
5	0.01001	0.00661	0.00760	0.00703	0.00906	0.00609	0.00538	0.01317	0.07349	0.10074	0.27366	0.04097	0.33089	0.01139	0.00623	0.00179	0.00311	0.00964	0.07730	0.00583
6	0.01049	0.00525	0.00525	0.00525	0.00656	0.00525	0.00393	0.01311	0.01180	0.02098	0.01836	0.02098	0.01442	0.00656	0.00393	0.00131	0.00262	0.00525	0.83346	0.00525
7	0.01505	0.80561	0.02949	0.00963	0.01444	0.02227	0.00963	0.01685	0.01143	0.01324	0.00782	0.00903	0.00722	0.00481	0.00361	0.00120	0.00602	0.00301	0.00241	0.00722
8	0.00818	0.00546	0.00614	0.00614	0.00614	0.00546	0.00341	0.00818	0.00818	0.01091	0.01773	0.03683	0.02046	0.80222	0.02864	0.00546	0.00546	0.00818	0.00341	0.00341
9	0.01539	0.01278	0.01351	0.01173	0.01516	0.01465	0.00924	0.16489	0.61970	0.02578	0.02114	0.01959	0.01575	0.00747	0.00571	0.00187	0.00478	0.00612	0.00571	0.00903
10	0.01114	0.00832	0.00945	0.00881	0.01016	0.03579	0.00642	0.11609	0.05222	0.03052	0.01742	0.04341	0.01745	0.34126	0.22013	0.00524	0.00815	0.04873	0.00393	0.00536
11	0.05330	0.01420	0.01366	0.01181	0.01452	0.12805	0.00924	0.22411	0.21007	0.02273	0.01610	0.08227	0.01393	0.06564	0.00867	0.00212	0.09120	0.00623	0.00461	0.00755
12	0.01717	0.01401	0.01405	0.01163	0.01503	0.07814	0.00921	0.37602	0.21154	0.02764	0.09724	0.01972	0.01674	0.05742	0.00716	0.00197	0.00564	0.00603	0.00535	0.00830
13	0.00949	0.00804	0.01309	0.01299	0.07783	0.00880	0.08829	0.01279	0.05684	0.01472	0.01478	0.02058	0.01322	0.03276	0.58047	0.00718	0.01308	0.00603	0.00315	0.00588
14	0.01481	0.01529	0.03014	0.02170	0.02716	0.01484	0.60840	0.15524	0.01576	0.02130	0.01178	0.01487	0.00873	0.00512	0.00645	0.00186	0.00887	0.00635	0.00337	0.00796
15	0.01202	0.01142	0.01939	0.47116	0.34543	0.01287	0.01632	0.01560	0.01191	0.01607	0.01025	0.01455	0.00810	0.00537	0.00560	0.00179	0.00716	0.00501	0.00262	0.00737
16	0.13832	0.08774	0.01895	0.01425	0.01813	0.34920	0.13603	0.10588	0.01542	0.05125	0.01011	0.01155	0.00786	0.00561	0.00508	0.00159	0.00814	0.00426	0.00343	0.00719
17	0.00995	0.00830	0.01147	0.28831	0.02035	0.00887	0.00937	0.01393	0.08910	0.03678	0.11965	0.10469	0.16696	0.00939	0.00600	0.00182	0.00487	0.00813	0.00430	0.07775
18	0.01276	0.18570	0.12987	0.26277	0.26997	0.01498	0.01561	0.01635	0.01189	0.01594	0.00974	0.01291	0.00785	0.00521	0.00513	0.00165	0.00703	0.00445	0.00256	0.00763
19	0.17741	0.36711	0.10174	0.00998	0.01478	0.01607	0.00977	0.01914	0.04008	0.14948	0.01124	0.01169	0.00859	0.00541	0.00423	0.00148	0.00560	0.00374	0.00357	0.03889
20	0.07836	0.01025	0.01370	0.14709	0.15832	0.03347	0.01029	0.03678	0.01372	0.22433	0.03819	0.02420	0.17209	0.00784	0.00568	0.00178	0.00532	0.00656	0.00460	0.00741
21	0.12073	0.15364	0.01652	0.01160	0.01511	0.32432	0.00937	0.11736	0.01581	0.08411	0.07098	0.01362	0.01168	0.00625	0.00488	0.00153	0.00713	0.00434	0.00387	0.00716

[dist]
# distance from previous block
# <min> <max>
0	9

[block]
# block no. 3 follows, 42 sequences, length 19
# corresponding to MSA columns:
# 180-198
name=unknown_D
#
# <colnr> <probs for GDERKNQSTAVLIFYWHMCP>
#	G	D	E	R	K	N	Q	S	T	A	V	L	I	F	Y	W	H	M	C	P
0	0.06221	0.00979	0.01154	0.00951	0.01279	0.00955	0.00761	0.15036	0.05364	0.21769	0.11486	0.02515	0.01941	0.08534	0.00788	0.00205	0.00474	0.06824	0.00536	0.12229
1	0.01023	0.00775	0.01268	0.01079	0.01272	0.00727	0.15697	0.01222	0.01213	0.07584	0.14583	0.21035	0.05101	0.19881	0.01196	0.00283	0.00516	0.04537	0.00461	0.00547
2	0.01378	0.37653	0.28016	0.01158	0.01726	0.01597	0.01285	0.01733	0.01234	0.07308	0.07489	0.01372	0.01169	0.00571	0.00464	0.00148	0.00634	0.00423	0.00311	0.04331
3	0.01275	0.33229	0.48274	0.01354	0.02049	0.01666	0.01643	0.01744	0.01171	0.01603	0.00921	0.01077	0.00717	0.00514	0.00467	0.00156	0.00742	0.00371	0.00239	0.00789
4	0.01328	0.02864	0.61810	0.01572	0.02293	0.16996	0.01876	0.01877	0.01271	0.01699	0.00981	0.01153	0.00715	0.00544	0.00529	0.00171	0.00869	0.00405	0.00248	0.00795
5	0.01044	0.00990	0.01781	0.01707	0.12041	0.00993	0.22475	0.01306	0.01186	0.01621	0.02027	0.30736	0.02178	0.01120	0.00784	0.00214	0.07367	0.09409	0.00395	0.00626
6	0.01337	0.17889	0.13486	0.01977	0.02565	0.01572	0.49535	0.01776	0.01271	0.01702	0.01048	0.01346	0.00807	0.00484	0.00584	0.00174	0.00862	0.00555	0.00269	0.00762
7	0.00818	0.00546	0.00614	0.00614	0.00614	0.00546	0.00341	0.00818	0.00818	0.01091	0.01773	0.03683	0.02046	0.80222	0.02864	0.00546	0.00546	0.00818	0.00341	0.00341
8	0.01291	0.01408	0.02709	0.02029	0.02381	0.01538	0.46541	0.01631	0.01150	0.01631	0.00985	0.01408	0.00810	0.00670	0.01117	0.00211	0.30917	0.00598	0.00270	0.00704
9	0.01185	0.00984	0.01095	0.01056	0.01290	0.01103	0.00818	0.02286	0.50125	0.02074	0.02552	0.18602	0.02339	0.01078	0.00631	0.00208	0.00431	0.10839	0.00555	0.00750
10	0.00796	0.00575	0.00752	0.00708	0.00841	0.00531	0.00531	0.01062	0.01593	0.02257	0.76415	0.04204	0.05310	0.01150	0.00664	0.00177	0.00265	0.01018	0.00619	0.00531
11	0.01505	0.80561	0.02949	0.00963	0.01444	0.02227	0.00963	0.01685	0.01143	0.01324	0.00782	0.00903	0.00722	0.00481	0.00361	0.00120	0.00602	0.00301	0.00241	0.00722
12	0.12313	0.01241	0.01224	0.01067	0.01353	0.07307	0.00830	0.33162	0.04760	0.02524	0.01833	0.26245	0.01802	0.00997	0.00580	0.00188	0.00527	0.00822	0.00501	0.00726
13	0.01108	0.01047	0.01770	0.68431	0.13958	0.01262	0.01586	0.01478	0.01147	0.01493	0.01008	0.01485	0.00770	0.00554	0.00562	0.00185	0.00739	0.00500	0.00254	0.00662
14	0.01608	0.01157	0.01317	0.01018	0.01461	0.01104	0.00820	0.17086	0.17350	0.12901	0.01518	0.01508	0.01126	0.00583	0.00501	0.00137	0.00473	0.00466	0.00483	0.37382
15	0.24426	0.00740	0.00770	0.00782	0.00938	0.00782	0.00586	0.03691	0.01106	0.01816	0.04396	0.21457	0.05948	0.17364	0.01053	0.00277	0.00439	0.12480	0.00440	0.00507
16	0.01038	0.00961	0.01657	0.01323	0.01656	0.00865	0.24175	0.01335	0.01283	0.01778	0.11047	0.14460	0.05236	0.00955	0.00640	0.00184	0.00566	0.12817	0.00419	0.17603
17	0.01328	0.01271	0.02168	0.18178	0.62492	0.01320	0.01695	0.01671	0.01251	0.01760	0.01047	0.01414	0.00864	0.00513	0.00558	0.00171	0.00684	0.00501	0.00273	0.00839
18	0.01327	0.01252	0.01856	0.09015	0.02026	0.03724	0.19485	0.04097	0.19537	0.03977	0.03288	0.01824	0.04870	0.00696	0.00758	0.00184	0.11511	0.00599	0.00391	0.09583

[dist]
# distance from previous block
# <min> <max>
2	7

[block]
# block no. 4 follows, 42 sequences, length 10
# corresponding to MSA columns:
# 206-215
name=unknown_E
#
# <colnr> <probs for GDERKNQSTAVLIFYWHMCP>
#	G	D	E	R	K	N	Q	S	T	A	V	L	I	F	Y	W	H	M	C	P
0	0.00934	0.00793	0.01161	0.19997	0.01696	0.00967	0.00921	0.01109	0.00962	0.01329	0.01538	0.14539	0.01604	0.16222	0.18171	0.00428	0.16034	0.00755	0.00321	0.00518
1	0.04062	0.01384	0.01262	0.01155	0.01340	0.23668	0.00902	0.08097	0.01262	0.01574	0.01202	0.01637	0.01070	0.02371	0.37713	0.00522	0.09357	0.00502	0.00317	0.00603
2	0.01162	0.01077	0.01761	0.19137	0.42353	0.01115	0.01388	0.01475	0.01291	0.01776	0.12019	0.02231	0.09432	0.00702	0.00585	0.00175	0.00590	0.00645	0.00345	0.00740
3	0.01280	0.01282	0.02362	0.25335	0.37295	0.01333	0.19505	0.01661	0.01247	0.01712	0.01061	0.01455	0.00841	0.00513	0.00585	0.00179	0.00761	0.00541	0.00272	0.00781
4	0.01238	0.01179	0.02005	0.38748	0.42625	0.01296	0.01650	0.01592	0.01208	0.01651	0.01031	0.01443	0.00825	0.00530	0.00560	0.00177	0.00707	0.00501	0.00265	0.00767
5	0.01281	0.00886	0.01164	0.09381	0.11869	0.02774	0.00867	0.01578	0.05451	0.17179	0.10012	0.07707	0.25576	0.00993	0.00613	0.00183	0.00455	0.00849	0.00502	0.00679
6	0.00962	0.00785	0.01025	0.00898	0.01087	0.00768	0.03588	0.01170	0.02848	0.01635	0.14269	0.05021	0.07550	0.20344	0.01283	0.00267	0.08588	0.09118	0.00416	0.18376
7	0.01417	0.01600	0.01705	0.01394	0.01719	0.28763	0.18857	0.01667	0.01428	0.01678	0.13490	0.08623	0.05923	0.00777	0.00589	0.00165	0.00724	0.00689	0.00378	0.08416
8	0.01393	0.01337	0.02284	0.03454	0.76712	0.01337	0.01727	0.01727	0.01281	0.01839	0.01059	0.01393	0.00891	0.00501	0.00557	0.00167	0.00669	0.00501	0.00279	0.00891
9	0.01280	0.01858	0.21402	0.02184	0.02818	0.01395	0.56928	0.01798	0.01294	0.01798	0.01107	0.01437	0.00819	0.00489	0.00632	0.00187	0.00920	0.00603	0.00273	0.00777

[dist]
# distance from previous block
# <min> <max>
0	1

[block]
# block no. 5 follows, 42 sequences, length 20
# corresponding to MSA columns:
# 217-236
name=unknown_F
#
# <colnr> <probs for GDERKNQSTAVLIFYWHMCP>
#	G	D	E	R	K	N	Q	S	T	A	V	L	I	F	Y	W	H	M	C	P
0	0.01481	0.01249	0.01318	0.01162	0.01494	0.01438	0.00910	0.10868	0.67686	0.02485	0.02188	0.02018	0.01634	0.00754	0.00572	0.00188	0.00464	0.00622	0.00572	0.00898
1	0.01561	0.01173	0.01277	0.01125	0.01460	0.01318	0.00882	0.02955	0.65078	0.13066	0.02280	0.02073	0.01671	0.00754	0.00572	0.00188	0.00450	0.00626	0.00590	0.00900
2	0.01580	0.01400	0.02898	0.02084	0.02625	0.01298	0.59164	0.02000	0.01388	0.17613	0.01366	0.01601	0.00967	0.00521	0.00644	0.00186	0.00850	0.00644	0.00371	0.00801
3	0.02525	0.00958	0.01306	0.01001	0.01437	0.00827	0.00827	0.02743	0.01611	0.77102	0.02220	0.01915	0.01393	0.00697	0.00566	0.00174	0.00479	0.00566	0.00697	0.00958
4	0.00815	0.00559	0.00680	0.00680	0.00703	0.00582	0.00424	0.00861	0.00838	0.01140	0.01712	0.03346	0.01900	0.62813	0.20073	0.00628	0.00766	0.00769	0.00332	0.00378
5	0.01847	0.01883	0.01666	0.01419	0.01716	0.36662	0.07348	0.02278	0.14331	0.11910	0.01305	0.01400	0.01001	0.00677	0.00732	0.00175	0.12041	0.00482	0.00388	0.00739
6	0.01286	0.01810	0.18855	0.02211	0.02835	0.01399	0.59427	0.01798	0.01299	0.01798	0.01112	0.01449	0.00824	0.00487	0.00637	0.00187	0.00924	0.00612	0.00275	0.00774
7	0.01393	0.01337	0.02284	0.03454	0.76712	0.01337	0.01727	0.01727	0.01281	0.01839	0.01059	0.01393	0.00891	0.00501	0.00557	0.00167	0.00669	0.00501	0.00279	0.00891
8	0.01386	0.01565	0.02688	0.02001	0.02469	0.11935	0.52158	0.01870	0.06688	0.01800	0.05999	0.04159	0.01271	0.00593	0.00638	0.00184	0.00859	0.00673	0.00335	0.00730
9	0.01202	0.01382	0.09443	0.02174	0.17913	0.01186	0.33980	0.01598	0.01282	0.01761	0.01580	0.07808	0.01481	0.00771	0.00654	0.00199	0.00757	0.13761	0.00338	0.00729
10	0.01219	0.11808	0.51534	0.01704	0.02434	0.01443	0.18574	0.01775	0.01215	0.01733	0.01012	0.01230	0.00746	0.00515	0.00544	0.00174	0.00831	0.00459	0.00249	0.00802
11	0.01174	0.02592	0.60359	0.01780	0.02551	0.01334	0.18706	0.01787	0.01220	0.01787	0.01039	0.01264	0.00745	0.00521	0.00564	0.00181	0.00859	0.00473	0.00248	0.00815
12	0.01321	0.20790	0.51964	0.01439	0.02132	0.09819	0.01714	0.01810	0.01222	0.01633	0.00942	0.01104	0.00716	0.00527	0.00492	0.00161	0.00799	0.00384	0.00244	0.00787
13	0.01766	0.02025	0.17704	0.01915	0.19078	0.24993	0.06039	0.02095	0.01424	0.15820	0.01213	0.01339	0.00894	0.00568	0.00545	0.00165	0.00792	0.00463	0.00352	0.00809
14	0.01149	0.00627	0.00850	0.00881	0.01024	0.00578	0.00664	0.01304	0.01241	0.18815	0.02877	0.48194	0.03098	0.01480	0.00694	0.00222	0.00397	0.14762	0.00561	0.00583
15	0.00974	0.01289	0.18721	0.12107	0.07237	0.00971	0.05854	0.01321	0.01113	0.01545	0.01786	0.06940	0.07765	0.01868	0.24591	0.00412	0.00935	0.03618	0.00318	0.00634
16	0.01199	0.00868	0.01029	0.00984	0.01166	0.00908	0.00764	0.23829	0.01590	0.02116	0.02409	0.31649	0.02600	0.08597	0.00881	0.00246	0.00481	0.17551	0.00517	0.00615
17	0.19010	0.04463	0.01322	0.01048	0.01382	0.01369	0.00843	0.39509	0.01871	0.02758	0.01610	0.19223	0.01508	0.00885	0.00545	0.00182	0.00513	0.00706	0.00495	0.00760
18	0.08387	0.01057	0.01656	0.26005	0.30292	0.01134	0.01330	0.01583	0.01204	0.08195	0.01410	0.12674	0.01272	0.00720	0.00565	0.00183	0.00609	0.00647	0.00347	0.00728
19	0.01081	0.01052	0.01787	0.19656	0.24320	0.01064	0.13314	0.01388	0.01254	0.01642	0.02497	0.02685	0.24285	0.00797	0.00610	0.00183	0.00615	0.00741	0.00349	0.00680

[dist]
# distance from previous block
# <min> <max>
12	16

[block]
# block no. 6 follows, 42 sequences, length 43
# corresponding to MSA columns:
# 277-319
name=unknown_G
#
# <colnr> <probs for GDERKNQSTAVLIFYWHMCP>
#	G	D	E	R	K	N	Q	S	T	A	V	L	I	F	Y	W	H	M	C	P
0	0.01304	0.01429	0.02890	0.02292	0.09864	0.01445	0.53466	0.01697	0.01239	0.01722	0.01106	0.03165	0.00901	0.00592	0.00855	0.00198	0.14172	0.00640	0.00283	0.00741
1	0.01987	0.01139	0.01396	0.01127	0.01487	0.08461	0.05509	0.07058	0.04529	0.41700	0.05742	0.01937	0.01485	0.01228	0.12265	0.00283	0.00713	0.00580	0.00553	0.00821
2	0.01333	0.01197	0.01882	0.42605	0.27263	0.01353	0.01542	0.12617	0.01406	0.01887	0.01072	0.01443	0.00827	0.00560	0.00561	0.00178	0.00704	0.00502	0.00307	0.00762
3	0.10163	0.01185	0.01254	0.12802	0.01712	0.06180	0.00920	0.09235	0.31779	0.02085	0.01648	0.01922	0.01333	0.09669	0.05493	0.00266	0.00619	0.00568	0.00439	0.00728
4	0.02137	0.01268	0.01352	0.01116	0.01451	0.14005	0.00892	0.07008	0.01558	0.45563	0.01893	0.09292	0.01423	0.00805	0.00681	0.00180	0.07363	0.00622	0.00563	0.00827
5	0.01063	0.01000	0.01688	0.78870	0.03876	0.01250	0.01563	0.01438	0.01125	0.01438	0.01000	0.01500	0.00750	0.00563	0.00563	0.00188	0.00750	0.00500	0.00250	0.00625
6	0.01006	0.00832	0.00862	0.00831	0.01010	0.05637	0.00626	0.08649	0.01332	0.01686	0.03184	0.17223	0.24126	0.13205	0.00986	0.00248	0.00456	0.11611	0.00471	0.06016
7	0.01618	0.01854	0.01426	0.01262	0.01501	0.40613	0.00974	0.01883	0.06324	0.01615	0.12363	0.01620	0.01496	0.00732	0.00756	0.00164	0.14180	0.00499	0.00355	0.08765
8	0.02349	0.01089	0.01368	0.01066	0.01492	0.01041	0.00875	0.15151	0.09036	0.57153	0.02078	0.01837	0.01350	0.00699	0.00566	0.00175	0.00500	0.00563	0.00661	0.00951
9	0.01063	0.01000	0.01688	0.78870	0.03876	0.01250	0.01563	0.01438	0.01125	0.01438	0.01000	0.01500	0.00750	0.00563	0.00563	0.00188	0.00750	0.00500	0.00250	0.00625
10	0.01140	0.01082	0.01520	0.01355	0.01384	0.01461	0.01131	0.01292	0.00932	0.01399	0.01152	0.02100	0.01182	0.01388	0.09135	0.00313	0.59710	0.11442	0.00293	0.00590
11	0.01119	0.01077	0.01700	0.53205	0.03081	0.01407	0.01453	0.01410	0.01038	0.01410	0.00914	0.01411	0.00746	0.00703	0.00989	0.00207	0.26763	0.00498	0.00249	0.00622
12	0.01330	0.00938	0.01039	0.00903	0.01217	0.00937	0.00707	0.02084	0.31507	0.14819	0.03262	0.03056	0.25913	0.00934	0.00586	0.00177	0.00396	0.00774	0.00554	0.08865
13	0.00785	0.00532	0.00624	0.00656	0.00664	0.00524	0.00386	0.00810	0.00883	0.01177	0.02104	0.22639	0.02463	0.60697	0.02330	0.00467	0.00491	0.01013	0.00386	0.00370
14	0.01774	0.01791	0.01457	0.01278	0.01609	0.28438	0.00991	0.15020	0.37087	0.02214	0.01629	0.01589	0.01238	0.00684	0.00548	0.00171	0.00676	0.00518	0.00471	0.00818
15	0.01129	0.02911	0.77306	0.01604	0.02436	0.01307	0.02079	0.01782	0.01188	0.01782	0.01010	0.01188	0.00713	0.00535	0.00535	0.00178	0.00832	0.00416	0.00238	0.00832
16	0.00978	0.00489	0.00733	0.00733	0.00733	0.00489	0.00489	0.00733	0.00733	0.00978	0.00978	0.01711	0.00978	0.01955	0.02199	0.83627	0.00489	0.00489	0.00244	0.00244
17	0.02139	0.01576	0.01689	0.01295	0.01745	0.01745	0.01070	0.74835	0.02646	0.03547	0.01351	0.01351	0.00957	0.00676	0.00563	0.00169	0.00619	0.00507	0.00563	0.00957
18	0.00785	0.00730	0.00663	0.00648	0.00841	0.06343	0.00486	0.00938	0.01333	0.01572	0.11348	0.04980	0.64699	0.01338	0.00653	0.00186	0.00339	0.01111	0.00513	0.00493
19	0.01163	0.02673	0.64649	0.01735	0.02522	0.01327	0.14498	0.01786	0.01212	0.01786	0.01032	0.01245	0.00737	0.00524	0.00557	0.00180	0.00852	0.00458	0.00246	0.00819
20	0.01167	0.01000	0.01167	0.00834	0.01334	0.00750	0.00667	0.01417	0.01167	0.01834	0.01000	0.01167	0.00834	0.00417	0.00417	0.00083	0.00417	0.00333	0.00333	0.83663
21	0.01291	0.01062	0.01156	0.01068	0.01327	0.01194	0.00815	0.09523	0.49493	0.02238	0.02404	0.21813	0.02153	0.01009	0.00609	0.00198	0.00432	0.00869	0.00559	0.00787
22	0.01486	0.01397	0.01359	0.01061	0.01479	0.14195	0.00844	0.12695	0.03878	0.02000	0.01056	0.01203	0.00856	0.00533	0.00554	0.00121	0.05756	0.00385	0.00363	0.48779
23	0.01587	0.08328	0.07655	0.01089	0.01457	0.01271	0.00948	0.30057	0.04837	0.09850	0.14050	0.12594	0.02088	0.00880	0.00581	0.00176	0.00516	0.00726	0.00525	0.00784
24	0.00978	0.00489	0.00733	0.00733	0.00733	0.00489	0.00489	0.00733	0.00733	0.00978	0.00978	0.01711	0.00978	0.01955	0.02199	0.83627	0.00489	0.00489	0.00244	0.00244
25	0.01425	0.01298	0.01557	0.01291	0.01611	0.10288	0.12959	0.02186	0.29833	0.08307	0.04684	0.02372	0.12816	0.00816	0.00680	0.00187	0.05772	0.00689	0.00475	0.00754
26	0.00980	0.00715	0.00874	0.00801	0.00971	0.00703	0.00607	0.12158	0.01673	0.02316	0.52754	0.13607	0.07307	0.01169	0.00656	0.00183	0.00328	0.01023	0.00595	0.00584
27	0.00936	0.07449	0.28462	0.01059	0.01450	0.00918	0.01113	0.01288	0.01274	0.01779	0.22079	0.20362	0.07543	0.01037	0.00607	0.00186	0.00510	0.00892	0.00425	0.00633
28	0.01920	0.00919	0.01103	0.00896	0.01227	0.00892	0.00724	0.12307	0.06302	0.37739	0.01979	0.01908	0.01369	0.00685	0.00510	0.00160	0.00426	0.00549	0.27574	0.00812
29	0.01154	0.08042	0.72393	0.01562	0.02370	0.01368	0.02005	0.01776	0.01185	0.01752	0.00995	0.01169	0.00714	0.00531	0.00523	0.00174	0.00817	0.00408	0.00238	0.00824
30	0.00699	0.00571	0.00621	0.00642	0.00808	0.00494	0.00488	0.00857	0.01288	0.01580	0.10227	0.11823	0.58372	0.01447	0.00680	0.00199	0.00309	0.07886	0.00529	0.00482
31	0.01075	0.00880	0.01074	0.00891	0.01267	0.00710	0.00732	0.01322	0.01201	0.01777	0.01649	0.05326	0.01633	0.00794	0.00532	0.00140	0.00443	0.21564	0.00394	0.56596
32	0.00776	0.00528	0.00626	0.00668	0.00679	0.00517	0.00399	0.00807	0.00902	0.01202	0.02201	0.28218	0.02586	0.54950	0.02173	0.00443	0.00475	0.01070	0.00399	0.00378
33	0.02022	0.02145	0.01710	0.01434	0.01797	0.42784	0.05534	0.26635	0.06722	0.02195	0.01140	0.01228	0.00875	0.00617	0.00540	0.00159	0.00841	0.00447	0.00400	0.00777
34	0.01327	0.01888	0.26898	0.01790	0.02387	0.01344	0.32666	0.12741	0.01493	0.02068	0.05078	0.01707	0.04697	0.00604	0.00607	0.00182	0.00795	0.00602	0.00339	0.00788
35	0.00686	0.00490	0.00653	0.00784	0.00816	0.00457	0.00522	0.00784	0.01077	0.01437	0.03102	0.79855	0.03722	0.01763	0.00718	0.00229	0.00326	0.01600	0.00522	0.00457
36	0.01276	0.01037	0.01232	0.00982	0.01334	0.00993	0.00781	0.16139	0.01406	0.02043	0.01364	0.11483	0.01273	0.01016	0.07204	0.00203	0.07318	0.00569	0.00394	0.41954
37	0.01393	0.01337	0.02284	0.03454	0.76712	0.01337	0.01727	0.01727	0.01281	0.01839	0.01059	0.01393	0.00891	0.00501	0.00557	0.00167	0.00669	0.00501	0.00279	0.00891
38	0.01237	0.01259	0.02361	0.02351	0.26434	0.01269	0.30248	0.01574	0.01253	0.01757	0.06245	0.09727	0.01445	0.00718	0.00765	0.00192	0.09386	0.00712	0.00325	0.00740
39	0.01358	0.14676	0.11349	0.01084	0.01454	0.01181	0.05393	0.11985	0.02959	0.10155	0.03690	0.14620	0.08930	0.07746	0.00768	0.00209	0.00551	0.00759	0.00436	0.00698
40	0.00712	0.00549	0.00649	0.00704	0.00822	0.00493	0.00514	0.00856	0.01223	0.01556	0.10405	0.31643	0.35213	0.04024	0.00764	0.00221	0.00329	0.08325	0.00525	0.00473
41	0.01409	0.21726	0.15212	0.02031	0.26238	0.07754	0.06620	0.01741	0.01238	0.01643	0.00956	0.01192	0.00793	0.00517	0.00540	0.00154	0.03275	0.00425	0.00266	0.06270
42	0.15284	0.01023	0.03296	0.03461	0.01291	0.01037	0.00782	0.18937	0.06075	0.02304	0.09026	0.08387	0.18957	0.01008	0.00587	0.00189	0.00452	0.06744	0.00496	0.00661

[dist]
# distance from previous block
# <min> <max>
0	1

[block]
# block no. 7 follows, 42 sequences, length 35
# corresponding to MSA columns:
# 321-354,360
name=unknown_H
#
# <colnr> <probs for GDERKNQSTAVLIFYWHMCP>
#	G	D	E	R	K	N	Q	S	T	A	V	L	I	F	Y	W	H	M	C	P
0	0.01528	0.01536	0.01812	0.14598	0.17928	0.20668	0.07095	0.01825	0.03382	0.06775	0.01159	0.03462	0.00957	0.00756	0.03371	0.00200	0.08351	0.00513	0.00320	0.03765
1	0.00862	0.00629	0.00752	0.00744	0.00860	0.00606	0.00527	0.07143	0.01354	0.01820	0.25549	0.26468	0.14230	0.14626	0.01042	0.00255	0.00363	0.01138	0.00525	0.00505
2	0.01418	0.01316	0.01950	0.02289	0.34799	0.05625	0.10666	0.02041	0.18702	0.05255	0.08725	0.01848	0.01521	0.00635	0.00582	0.00176	0.00625	0.00599	0.00400	0.00829
3	0.11021	0.00646	0.00734	0.00718	0.00892	0.00621	0.00562	0.01082	0.01396	0.02025	0.39368	0.04389	0.22954	0.01196	0.00640	0.00191	0.00324	0.10168	0.00548	0.00524
4	0.01219	0.04192	0.50689	0.01810	0.10382	0.01355	0.09164	0.01924	0.10363	0.01850	0.01180	0.01349	0.00870	0.00552	0.00551	0.00178	0.00773	0.00474	0.00288	0.00836
5	0.01505	0.80561	0.02949	0.00963	0.01444	0.02227	0.00963	0.01685	0.01143	0.01324	0.00782	0.00903	0.00722	0.00481	0.00361	0.00120	0.00602	0.00301	0.00241	0.00722
6	0.00690	0.00536	0.00628	0.00679	0.00794	0.00474	0.00481	0.00828	0.01232	0.01575	0.13262	0.37472	0.36262	0.01538	0.00688	0.00205	0.00301	0.01345	0.00534	0.00474
7	0.08155	0.00937	0.09074	0.00882	0.01098	0.00784	0.00743	0.01379	0.03153	0.11326	0.01752	0.02881	0.01681	0.30623	0.14000	0.00438	0.00703	0.07475	0.02356	0.00560
8	0.00912	0.00516	0.00705	0.00705	0.00712	0.00523	0.00454	0.00781	0.00774	0.01039	0.01283	0.02410	0.01368	0.28464	0.07796	0.49794	0.00580	0.00608	0.00281	0.00295
9	0.01077	0.00989	0.01641	0.56575	0.14288	0.01172	0.01435	0.01404	0.01110	0.01461	0.01103	0.01709	0.00918	0.07501	0.05165	0.00256	0.00764	0.00533	0.00265	0.00634
10	0.84197	0.01088	0.00827	0.00740	0.01088	0.01262	0.00609	0.01654	0.00958	0.02525	0.00784	0.00914	0.00609	0.00522	0.00348	0.00174	0.00435	0.00305	0.00348	0.00609
11	0.01316	0.01429	0.10096	0.14151	0.41555	0.01334	0.01561	0.01960	0.17186	0.01882	0.01308	0.01538	0.01028	0.00570	0.00559	0.00177	0.00651	0.00521	0.00333	0.00845
12	0.00884	0.00646	0.00802	0.00843	0.00945	0.00643	0.00597	0.08658	0.04626	0.01805	0.12464	0.58306	0.03551	0.01525	0.00688	0.00214	0.00354	0.01367	0.00542	0.00538
13	0.25803	0.00849	0.01058	0.17297	0.07951	0.00941	0.00862	0.01261	0.01061	0.01786	0.01759	0.31058	0.01883	0.03290	0.00623	0.00208	0.00483	0.00868	0.00388	0.00571
14	0.01060	0.00764	0.00950	0.00879	0.01045	0.00832	0.00674	0.07529	0.09297	0.04555	0.11930	0.02745	0.07674	0.10449	0.29694	0.00487	0.02976	0.00712	0.05157	0.00589
15	0.00804	0.00603	0.00904	0.00904	0.01005	0.00703	0.00703	0.01005	0.00904	0.01306	0.01507	0.02211	0.01407	0.04221	0.77992	0.00904	0.01507	0.00603	0.00301	0.00502
16	0.01654	0.55299	0.02495	0.01090	0.01514	0.18398	0.00988	0.07096	0.01341	0.01496	0.00868	0.01005	0.00764	0.00648	0.03129	0.00157	0.00724	0.00340	0.00277	0.00717
17	0.01352	0.01296	0.02211	0.12731	0.67752	0.01326	0.01707	0.01692	0.01262	0.01789	0.01051	0.01406	0.00874	0.00509	0.00558	0.00170	0.00679	0.00501	0.00275	0.00859
18	0.01447	0.01340	0.02231	0.19356	0.33553	0.01409	0.14762	0.15217	0.01508	0.02061	0.01114	0.01431	0.00866	0.00542	0.00579	0.00176	0.00728	0.00532	0.00326	0.00821
19	0.01124	0.00663	0.00839	0.00828	0.01001	0.00617	0.00657	0.01298	0.01267	0.15195	0.06435	0.04712	0.18856	0.17133	0.01128	0.00282	0.00454	0.26436	0.00520	0.00553
20	0.01351	0.48916	0.33252	0.01224	0.01848	0.01852	0.01418	0.01725	0.01162	0.01511	0.00875	0.01019	0.00718	0.00503	0.00432	0.00144	0.00696	0.00348	0.00239	0.00767
21	0.01564	0.01811	0.01970	0.15418	0.07731	0.32570	0.15395	0.01828	0.01330	0.01497	0.00980	0.01310	0.00804	0.00784	0.04804	0.00213	0.08560	0.00480	0.00277	0.00674
22	0.00665	0.00570	0.00570	0.00570	0.00760	0.00475	0.00428	0.00808	0.01283	0.01520	0.05701	0.05416	0.76483	0.01425	0.00665	0.00190	0.00285	0.01188	0.00523	0.00475
23	0.01937	0.01931	0.01589	0.07011	0.01857	0.32719	0.01087	0.29306	0.12862	0.02333	0.01268	0.01335	0.00959	0.00641	0.00542	0.00164	0.00764	0.00466	0.00430	0.00799
24	0.01237	0.00841	0.01019	0.00862	0.01140	0.00788	0.00671	0.06890	0.09582	0.11430	0.35453	0.06931	0.03180	0.00910	0.00590	0.00162	0.00369	0.00783	0.00560	0.16602
25	0.01393	0.01337	0.02284	0.03454	0.76712	0.01337	0.01727	0.01727	0.01281	0.01839	0.01059	0.01393	0.00891	0.00501	0.00557	0.00167	0.00669	0.00501	0.00279	0.00891
26	0.01654	0.01568	0.01261	0.01153	0.01399	0.30196	0.00867	0.12724	0.05530	0.08939	0.01865	0.26626	0.01842	0.00996	0.00593	0.00181	0.00653	0.00817	0.00459	0.00677
27	0.01165	0.01455	0.18499	0.01075	0.01653	0.00906	0.04218	0.01517	0.01179	0.01821	0.01008	0.01187	0.00807	0.00446	0.00454	0.00109	0.00534	0.00367	0.00310	0.61290
28	0.01009	0.00757	0.00950	0.00832	0.01107	0.00640	0.00660	0.01250	0.01329	0.04540	0.24918	0.10312	0.02935	0.00982	0.00591	0.00160	0.00382	0.13680	0.00485	0.32481
29	0.09650	0.00956	0.01128	0.00955	0.01245	0.03036	0.03912	0.07793	0.05489	0.11338	0.07718	0.15857	0.01930	0.06806	0.04621	0.00232	0.00521	0.00736	0.00465	0.15609
30	0.00702	0.00501	0.00671	0.00802	0.00842	0.00471	0.00550	0.00811	0.01093	0.01455	0.03093	0.74515	0.03687	0.01748	0.00723	0.00231	0.00340	0.06782	0.00522	0.00462
31	0.01223	0.01066	0.01900	0.06020	0.08239	0.01028	0.27176	0.04686	0.01349	0.07265	0.10192	0.06485	0.08969	0.09099	0.00873	0.00225	0.00642	0.02488	0.00408	0.00669
32	0.01534	0.12894	0.01747	0.01307	0.01502	0.27231	0.01066	0.03661	0.01235	0.01433	0.01263	0.01502	0.07725	0.00810	0.01044	0.00187	0.32440	0.00486	0.00294	0.00639
33	0.00886	0.00753	0.01121	0.01022	0.01144	0.00775	0.08565	0.01031	0.01065	0.01468	0.04321	0.39460	0.05130	0.12498	0.01152	0.00259	0.11572	0.01115	0.00422	0.06244
34	0.13652	0.01765	0.01453	0.01218	0.01584	0.25375	0.00966	0.30316	0.08314	0.05775	0.01365	0.01391	0.03091	0.00654	0.00519	0.00165	0.00686	0.00466	0.00453	0.00793

[dist]
# distance from previous block
# <min> <max>
0	1

[block]
# block no. 8 follows, 42 sequences, length 22
# corresponding to MSA columns:
# 362-383
name=unknown_I
#
# <colnr> <probs for GDERKNQSTAVLIFYWHMCP>
#	G	D	E	R	K	N	Q	S	T	A	V	L	I	F	Y	W	H	M	C	P
0	0.07686	0.30262	0.12544	0.01318	0.01795	0.21335	0.08031	0.07875	0.01393	0.01716	0.00916	0.01066	0.00745	0.00532	0.00466	0.00149	0.00761	0.00384	0.00291	0.00734
1	0.12672	0.00900	0.00937	0.00861	0.01066	0.06897	0.00656	0.02791	0.01205	0.15981	0.05240	0.05836	0.03963	0.16395	0.12663	0.00359	0.00655	0.05544	0.04786	0.00594
2	0.01472	0.32164	0.10613	0.01117	0.01517	0.24133	0.01032	0.01692	0.01291	0.01422	0.01630	0.01732	0.12440	0.00856	0.04504	0.00186	0.00748	0.00485	0.00302	0.00665
3	0.01035	0.00937	0.00961	0.00924	0.01047	0.12609	0.00698	0.01207	0.01084	0.01425	0.06638	0.02436	0.05353	0.11639	0.39398	0.00577	0.04629	0.00637	0.06252	0.00514
4	0.00747	0.00560	0.00819	0.00872	0.00944	0.00574	0.02651	0.00893	0.01021	0.01399	0.02466	0.49359	0.02798	0.02624	0.28898	0.00474	0.00774	0.01210	0.00435	0.00482
5	0.01028	0.00678	0.01055	0.00910	0.01074	0.00631	0.09034	0.01112	0.01208	0.06955	0.25321	0.02989	0.12671	0.01372	0.01217	0.30614	0.00443	0.00775	0.00436	0.00475
6	0.01249	0.00866	0.00969	0.00814	0.01108	0.00837	0.00637	0.06886	0.14473	0.05621	0.12364	0.02104	0.01855	0.00689	0.00489	0.00141	0.00369	0.00567	0.26410	0.21552
7	0.01576	0.01365	0.01900	0.02383	0.40699	0.01451	0.01370	0.19825	0.19178	0.02376	0.01421	0.01550	0.01102	0.00606	0.00562	0.00173	0.00604	0.00535	0.00417	0.00907
8	0.01440	0.01187	0.01269	0.01123	0.01456	0.01341	0.00877	0.02901	0.68582	0.05754	0.02223	0.02045	0.01659	0.00743	0.00565	0.00185	0.00445	0.00618	0.00566	0.05023
9	0.01587	0.01525	0.01994	0.02034	0.21434	0.12072	0.11784	0.18630	0.01595	0.02088	0.01257	0.01809	0.01086	0.00713	0.00753	0.00187	0.10776	0.07530	0.00366	0.00783
10	0.01453	0.69944	0.13116	0.01051	0.01580	0.02101	0.01116	0.01698	0.01150	0.01387	0.00813	0.00942	0.00721	0.00489	0.00385	0.00128	0.00633	0.00317	0.00240	0.00737
11	0.01505	0.80561	0.02949	0.00963	0.01444	0.02227	0.00963	0.01685	0.01143	0.01324	0.00782	0.00903	0.00722	0.00481	0.00361	0.00120	0.00602	0.00301	0.00241	0.00722
12	0.01426	0.26747	0.18028	0.01724	0.07436	0.09753	0.21421	0.01789	0.01252	0.01592	0.00954	0.01186	0.00769	0.00518	0.00555	0.00161	0.03222	0.00450	0.00260	0.00756
13	0.01497	0.01173	0.01108	0.00967	0.01228	0.11503	0.00751	0.21155	0.06663	0.06062	0.09389	0.09266	0.06901	0.00862	0.00550	0.00167	0.00491	0.00699	0.18873	0.00695
14	0.00678	0.00519	0.00623	0.00706	0.00796	0.00464	0.00488	0.00792	0.01152	0.01467	0.04050	0.52707	0.30258	0.01640	0.00699	0.00215	0.00311	0.01450	0.00522	0.00464
15	0.04845	0.00786	0.01104	0.15765	0.06832	0.00810	0.00952	0.01330	0.01282	0.07892	0.06653	0.05734	0.15785	0.01136	0.00657	0.00211	0.00506	0.26659	0.00464	0.00596
16	0.01397	0.29765	0.39248	0.01381	0.02010	0.12110	0.03446	0.01813	0.01232	0.01569	0.00915	0.01074	0.00721	0.00521	0.00474	0.00154	0.00780	0.00375	0.00247	0.00767
17	0.00966	0.00693	0.00897	0.00804	0.01013	0.00653	0.03987	0.01150	0.01274	0.10232	0.10080	0.04079	0.44170	0.01662	0.11964	0.00294	0.04066	0.00962	0.00495	0.00559
18	0.00803	0.00539	0.00718	0.00819	0.00893	0.00504	0.00588	0.00935	0.01155	0.04924	0.05057	0.60740	0.06616	0.01655	0.00716	0.00228	0.00358	0.11730	0.00532	0.00491
19	0.01127	0.10244	0.01229	0.01029	0.03351	0.09197	0.00764	0.07305	0.01291	0.01633	0.02313	0.40105	0.05767	0.01246	0.00671	0.00195	0.03729	0.04326	0.00441	0.04036
20	0.03616	0.15103	0.08808	0.01357	0.01794	0.21617	0.09418	0.14566	0.06869	0.05894	0.01379	0.01456	0.04450	0.00621	0.00524	0.00161	0.00737	0.00484	0.00377	0.00769
21	0.05621	0.02155	0.40845	0.01334	0.01950	0.05275	0.01479	0.10170	0.08871	0.02052	0.01371	0.01466	0.04304	0.00603	0.00523	0.00166	0.00685	0.00466	0.00341	0.10324

[dist]
# distance from previous block
# <min> <max>
1	56

[block]
# block no. 9 follows, 42 sequences, length 93
# corresponding to MSA columns:
# 440-482,484-533
name=unknown_J
#
# <colnr> <probs for GDERKNQSTAVLIFYWHMCP>
#	G	D	E	R	K	N	Q	S	T	A	V	L	I	F	Y	W	H	M	C	P
0	0.01637	0.22510	0.09934	0.06651	0.12886	0.26074	0.01272	0.05540	0.05464	0.01638	0.00999	0.01167	0.00815	0.00552	0.00489	0.00152	0.00770	0.00404	0.00296	0.00751
1	0.08728	0.01758	0.01758	0.01705	0.14078	0.28227	0.09448	0.06883	0.04688	0.01850	0.01142	0.01321	0.02558	0.00574	0.00554	0.00156	0.02786	0.00455	0.00333	0.11001
2	0.00694	0.00559	0.00614	0.00626	0.00779	0.00483	0.00457	0.00848	0.01297	0.01625	0.17342	0.15980	0.52225	0.03034	0.00717	0.00201	0.00293	0.01211	0.00535	0.00479
3	0.00965	0.25875	0.01368	0.00742	0.00992	0.01042	0.00622	0.01135	0.01265	0.01582	0.17950	0.10028	0.29061	0.04238	0.00661	0.00183	0.00395	0.00893	0.00446	0.00558
4	0.00753	0.00560	0.00703	0.00709	0.00832	0.00510	0.00523	0.00961	0.01419	0.01929	0.45324	0.19709	0.18665	0.01341	0.00679	0.00193	0.00291	0.03818	0.00578	0.00505
5	0.12208	0.00819	0.01004	0.00837	0.01144	0.00758	0.00670	0.01902	0.01491	0.37324	0.25379	0.02825	0.09532	0.00883	0.00578	0.00177	0.00389	0.00731	0.00612	0.00736
6	0.02054	0.01158	0.01348	0.01055	0.01457	0.01161	0.00865	0.33175	0.01998	0.33269	0.02423	0.02252	0.13583	0.00808	0.00581	0.00175	0.00507	0.00643	0.00611	0.00878
7	0.01400	0.01209	0.01273	0.01145	0.01463	0.01400	0.00891	0.02990	0.75695	0.02354	0.02291	0.02100	0.01718	0.00764	0.00573	0.00191	0.00445	0.00636	0.00573	0.00891
8	0.01505	0.80561	0.02949	0.00963	0.01444	0.02227	0.00963	0.01685	0.01143	0.01324	0.00782	0.00903	0.00722	0.00481	0.00361	0.00120	0.00602	0.00301	0.00241	0.00722
9	0.01328	0.01518	0.03321	0.02372	0.02941	0.01423	0.74668	0.01803	0.01328	0.01803	0.01139	0.01518	0.00854	0.00474	0.00664	0.00190	0.00949	0.00664	0.00285	0.00759
10	0.00690	0.00571	0.00605	0.00596	0.00776	0.00486	0.00447	0.00856	0.01342	0.01661	0.19207	0.05184	0.62890	0.01373	0.00665	0.00188	0.00281	0.01155	0.00541	0.00486
11	0.00686	0.00490	0.00653	0.00784	0.00816	0.00457	0.00522	0.00784	0.01077	0.01437	0.03102	0.79855	0.03722	0.01763	0.00718	0.00229	0.00326	0.01600	0.00522	0.00457
12	0.02297	0.01230	0.01465	0.01127	0.01561	0.01240	0.00930	0.35789	0.02085	0.41115	0.04021	0.01724	0.01309	0.00700	0.00567	0.00172	0.00537	0.00552	0.00633	0.00945
13	0.00977	0.00539	0.00590	0.00577	0.00709	0.00526	0.00433	0.01240	0.01298	0.02143	0.23153	0.02700	0.02548	0.00797	0.00471	0.00144	0.00263	0.00665	0.59701	0.00526
14	0.00686	0.00490	0.00653	0.00784	0.00816	0.00457	0.00522	0.00784	0.01077	0.01437	0.03102	0.79855	0.03722	0.01763	0.00718	0.00229	0.00326	0.01600	0.00522	0.00457
15	0.00889	0.00636	0.00881	0.00982	0.01112	0.00629	0.00845	0.01149	0.01345	0.01779	0.15083	0.05995	0.03580	0.01488	0.00759	0.00246	0.00477	0.61072	0.00535	0.00520
16	0.02071	0.01286	0.01461	0.01163	0.01575	0.01366	0.00947	0.33558	0.21093	0.26516	0.01868	0.01722	0.01291	0.00705	0.00566	0.00176	0.00530	0.00559	0.00608	0.00940
17	0.02165	0.00913	0.01164	0.00920	0.01289	0.00836	0.00751	0.08409	0.01601	0.54346	0.02063	0.01909	0.01368	0.00686	0.00527	0.00164	0.00442	0.00552	0.19032	0.00862
18	0.06850	0.00885	0.01090	0.00885	0.01230	0.00807	0.00708	0.02009	0.07987	0.33071	0.21484	0.02437	0.04064	0.00785	0.00558	0.00163	0.00403	0.00653	0.00585	0.13346
19	0.01255	0.01352	0.02681	0.19664	0.05123	0.01426	0.44961	0.01651	0.01211	0.01654	0.01045	0.01468	0.00814	0.00571	0.00814	0.00197	0.12534	0.00596	0.00271	0.00711
20	0.04521	0.01562	0.01664	0.01279	0.01726	0.01731	0.01056	0.72711	0.02597	0.03517	0.01335	0.01338	0.00947	0.00671	0.00557	0.00169	0.00614	0.00501	0.00557	0.00947
21	0.01393	0.01337	0.02284	0.03454	0.76712	0.01337	0.01727	0.01727	0.01281	0.01839	0.01059	0.01393	0.00891	0.00501	0.00557	0.00167	0.00669	0.00501	0.00279	0.00891
22	0.00831	0.00642	0.00956	0.00940	0.01035	0.00767	0.00737	0.01027	0.00902	0.01309	0.01459	0.02149	0.01365	0.04018	0.73213	0.00863	0.06383	0.00596	0.00298	0.00510
23	0.02139	0.01576	0.01689	0.01295	0.01745	0.01745	0.01070	0.74835	0.02646	0.03547	0.01351	0.01351	0.00957	0.00676	0.00563	0.00169	0.00619	0.00507	0.00563	0.00957
