[name]
unknown

[dist]
# distance from previous block
# <min> <max>
0	127

[block]
# block no. 0 follows, 43 sequences, length 20
# corresponding to MSA columns:
# 127-146
name=unknown_A
#
# <colnr> <probs for GDERKNQSTAVLIFYWHMCP>
#	G	D	E	R	K	N	Q	S	T	A	V	L	I	F	Y	W	H	M	C	P
0	0.00923	0.00762	0.01266	0.01148	0.01343	0.00743	0.14187	0.01195	0.01285	0.01738	0.18724	0.07592	0.03036	0.04797	0.07100	0.00287	0.00604	0.32259	0.00466	0.00545
1	0.00905	0.00837	0.01348	0.01243	0.04634	0.00870	0.14164	0.01091	0.01117	0.01499	0.02710	0.35346	0.16294	0.01262	0.00864	0.00211	0.13535	0.01104	0.00416	0.00552
2	0.01271	0.01038	0.01419	0.16159	0.15938	0.01107	0.01063	0.20234	0.01663	0.02256	0.22917	0.02496	0.08494	0.00806	0.00589	0.00173	0.00517	0.00695	0.00456	0.00710
3	0.01594	0.01385	0.02064	0.01580	0.02019	0.01458	0.26624	0.22352	0.27269	0.05236	0.01605	0.01659	0.01179	0.00627	0.00592	0.00181	0.00658	0.00598	0.00467	0.00852
4	0.01160	0.00961	0.01232	0.01067	0.01206	0.03268	0.05446	0.13898	0.01211	0.01652	0.01479	0.08102	0.01504	0.26382	0.14370	0.00421	0.15030	0.00695	0.00359	0.00559
5	0.01461	0.01433	0.01605	0.01314	0.01663	0.14544	0.14286	0.13370	0.24272	0.02080	0.02295	0.02278	0.15373	0.00778	0.00584	0.00176	0.00622	0.00667	0.00453	0.00746
6	0.01632	0.01292	0.01239	0.01039	0.01372	0.15475	0.00811	0.11139	0.10469	0.15935	0.10735	0.08164	0.01785	0.00759	0.00544	0.00156	0.00535	0.00615	0.00491	0.15812
7	0.19045	0.10748	0.01804	0.01325	0.01690	0.31257	0.14311	0.01895	0.01341	0.05112	0.05746	0.01294	0.01027	0.00570	0.00491	0.00157	0.00751	0.00441	0.00329	0.00666
8	0.52695	0.08302	0.01145	0.00843	0.01218	0.09955	0.00694	0.01654	0.01067	0.02129	0.00819	0.00955	0.00662	0.00498	0.00374	0.00147	0.00504	0.00311	0.00324	0.15702
9	0.01340	0.01191	0.01710	0.01366	0.01689	0.08666	0.22384	0.01739	0.09363	0.11360	0.02320	0.07397	0.15477	0.01048	0.05401	0.00229	0.05467	0.00751	0.00421	0.00680
10	0.01302	0.01266	0.02168	0.07477	0.42980	0.01233	0.14764	0.01702	0.04703	0.01801	0.01099	0.01395	0.00890	0.00491	0.00546	0.00157	0.00662	0.00501	0.00296	0.14568
11	0.00801	0.00731	0.01091	0.00912	0.01154	0.00649	0.13960	0.01027	0.01338	0.01706	0.20429	0.04373	0.47362	0.01174	0.00654	0.00184	0.00395	0.01039	0.00493	0.00530
12	0.00885	0.00756	0.01321	0.01152	0.01334	0.00821	0.14160	0.01131	0.00966	0.01374	0.01418	0.02052	0.01286	0.03486	0.64274	0.00763	0.01384	0.00604	0.00294	0.00540
13	0.01741	0.19773	0.02170	0.01395	0.01811	0.13770	0.14413	0.20499	0.07259	0.06645	0.01184	0.01290	0.00907	0.00592	0.00574	0.00161	0.04175	0.00471	0.00385	0.00787
14	0.00817	0.00678	0.01118	0.01033	0.01158	0.00641	0.13994	0.00968	0.01068	0.01429	0.02483	0.51353	0.02867	0.14529	0.01048	0.00270	0.00473	0.03142	0.00442	0.00486
15	0.01726	0.01318	0.01495	0.01216	0.01520	0.01521	0.00984	0.39436	0.15908	0.05997	0.01464	0.01644	0.01143	0.06748	0.00955	0.00212	0.14855	0.00546	0.00489	0.00823
16	0.17490	0.01413	0.01326	0.07418	0.01626	0.15190	0.00916	0.22727	0.01671	0.16039	0.01359	0.04651	0.01032	0.00658	0.00504	0.00166	0.00604	0.00492	0.03959	0.00758
17	0.57753	0.00949	0.00796	0.00728	0.00985	0.01080	0.00556	0.01526	0.06564	0.02127	0.01121	0.01653	0.01027	0.20091	0.00965	0.00262	0.00456	0.00448	0.00358	0.00556
18	0.06543	0.01088	0.01648	0.22150	0.33809	0.01175	0.01302	0.07082	0.01284	0.01923	0.01170	0.01491	0.00927	0.00551	0.00508	0.00164	0.00588	0.00485	0.15382	0.00731
19	0.10442	0.01165	0.01144	0.00974	0.01237	0.06935	0.00746	0.29900	0.03250	0.02354	0.06406	0.09235	0.02571	0.16719	0.00995	0.00243	0.00537	0.00667	0.02061	0.02420

[dist]
# distance from previous block
# <min> <max>
2	29

[block]
# block no. 1 follows, 43 sequences, length 41
# corresponding to MSA columns:
# 177-217
name=unknown_B
#
# <colnr> <probs for GDERKNQSTAVLIFYWHMCP>
#	G	D	E	R	K	N	Q	S	T	A	V	L	I	F	Y	W	H	M	C	P
0	0.01603	0.20040	0.07722	0.01394	0.08126	0.15977	0.06271	0.09943	0.01462	0.09191	0.03036	0.01663	0.07832	0.00732	0.02527	0.00174	0.00694	0.00507	0.00366	0.00740
1	0.22533	0.16492	0.05852	0.01267	0.07417	0.02866	0.06175	0.11506	0.01402	0.15580	0.03239	0.01313	0.00976	0.00570	0.00470	0.00161	0.00572	0.00437	0.00402	0.00769
2	0.05252	0.06021	0.24172	0.05023	0.04087	0.12823	0.06457	0.03201	0.04991	0.01768	0.04978	0.01482	0.02378	0.00711	0.03432	0.00184	0.00723	0.00469	0.01852	0.09996
3	0.05578	0.11282	0.07843	0.01266	0.05379	0.09250	0.06178	0.12710	0.02684	0.01789	0.01222	0.01672	0.01072	0.09543	0.19768	0.00375	0.00884	0.00508	0.00331	0.00665
4	0.01505	0.08640	0.24823	0.10271	0.09211	0.08741	0.10748	0.01933	0.03230	0.13871	0.01205	0.01361	0.00875	0.00550	0.00536	0.00168	0.00741	0.00472	0.00331	0.00788
5	0.05875	0.02022	0.01847	0.05356	0.01949	0.42304	0.13587	0.06746	0.01442	0.01622	0.00916	0.01151	0.00747	0.00610	0.00702	0.00169	0.11550	0.00437	0.00297	0.00671
6	0.01533	0.14870	0.08636	0.26573	0.06105	0.01582	0.01312	0.28795	0.01677	0.02213	0.01079	0.01290	0.00812	0.00576	0.00518	0.00165	0.00669	0.00454	0.00359	0.00783
7	0.00741	0.00561	0.00684	0.00660	0.00803	0.00504	0.00492	0.00961	0.01458	0.01976	0.52940	0.07398	0.26328	0.01235	0.00656	0.00180	0.00269	0.01073	0.00578	0.00504
8	0.01137	0.10152	0.61231	0.01433	0.02145	0.01324	0.01775	0.01754	0.04921	0.01771	0.06369	0.01396	0.01070	0.00575	0.00520	0.00170	0.00739	0.00451	0.00277	0.00790
9	0.00675	0.00525	0.00614	0.00669	0.00780	0.00464	0.00472	0.00805	0.01196	0.01520	0.10527	0.39606	0.37107	0.01532	0.00678	0.00203	0.00298	0.01341	0.00522	0.00464
10	0.00670	0.00501	0.00623	0.00722	0.00790	0.00454	0.00492	0.00777	0.01108	0.01433	0.03653	0.62613	0.20838	0.01657	0.00695	0.00216	0.00312	0.01479	0.00514	0.00454
11	0.01292	0.01393	0.02312	0.01801	0.02037	0.05340	0.30424	0.01551	0.01065	0.01508	0.00889	0.01313	0.00771	0.00751	0.01292	0.00215	0.44578	0.00545	0.00259	0.00663
12	0.01518	0.60483	0.11873	0.01086	0.01581	0.10051	0.01098	0.04168	0.01226	0.01436	0.00825	0.00949	0.00718	0.00497	0.00398	0.00130	0.00663	0.00323	0.00252	0.00724
13	0.00733	0.00506	0.00625	0.00697	0.00715	0.00489	0.00435	0.00786	0.00947	0.01263	0.02471	0.46134	0.02929	0.36777	0.01646	0.00364	0.00417	0.01232	0.00435	0.00399
14	0.01180	0.17517	0.63623	0.01460	0.02214	0.01456	0.01840	0.01736	0.01161	0.01669	0.00952	0.01117	0.00703	0.00516	0.00494	0.00165	0.00776	0.00388	0.00234	0.00798
15	0.00805	0.00537	0.00604	0.00604	0.00604	0.00537	0.00336	0.00805	0.00805	0.01074	0.01745	0.03624	0.02013	0.80536	0.02819	0.00537	0.00537	0.00805	0.00336	0.00336
16	0.01621	0.01396	0.01392	0.01086	0.01517	0.09812	0.00870	0.28230	0.10075	0.02418	0.01236	0.01299	0.00949	0.00558	0.00489	0.00131	0.00551	0.00426	0.00431	0.35514
17	0.08351	0.01122	0.02026	0.01643	0.06811	0.01084	0.34389	0.01606	0.05072	0.04408	0.22150	0.02351	0.05041	0.00713	0.00612	0.00180	0.00622	0.00724	0.00412	0.00683
18	0.01822	0.01177	0.01645	0.01894	0.29378	0.01180	0.01150	0.19308	0.01659	0.23626	0.01518	0.01584	0.01092	0.00605	0.00534	0.00163	0.00549	0.00515	0.09730	0.00871
19	0.01854	0.01308	0.01393	0.01096	0.01466	0.01436	0.00897	0.57884	0.02265	0.03156	0.01442	0.01502	0.01054	0.00660	0.00515	0.00157	0.00527	0.00503	0.20043	0.00842
20	0.06197	0.25552	0.13272	0.01405	0.01911	0.09748	0.14994	0.17088	0.01510	0.01984	0.00994	0.01147	0.00776	0.00532	0.00492	0.00155	0.00726	0.00428	0.00322	0.00768
21	0.01288	0.09561	0.10950	0.07324	0.08809	0.04970	0.09250	0.01815	0.12824	0.04137	0.01550	0.01711	0.03601	0.00611	0.00505	0.00161	0.00582	0.00524	0.19115	0.00714
22	0.00690	0.00556	0.00614	0.00613	0.00773	0.00480	0.00455	0.00858	0.01325	0.01677	0.23864	0.11038	0.52396	0.01359	0.00658	0.00187	0.00279	0.01158	0.00539	0.00480
23	0.01335	0.09349	0.02015	0.26119	0.36845	0.01379	0.01467	0.03578	0.06966	0.04035	0.01131	0.01422	0.00896	0.00540	0.00532	0.00168	0.00652	0.00485	0.00303	0.00783
24	0.00722	0.00564	0.00654	0.00632	0.00789	0.00496	0.00474	0.00925	0.01421	0.01873	0.42604	0.04710	0.39628	0.01262	0.00654	0.00180	0.00271	0.01082	0.00564	0.00496
25	0.02105	0.01551	0.01662	0.01274	0.01717	0.01717	0.01053	0.75235	0.02604	0.03490	0.01330	0.01330	0.00942	0.00665	0.00554	0.00166	0.00609	0.00499	0.00554	0.00942
26	0.01346	0.26422	0.05831	0.00946	0.01445	0.01324	0.00862	0.08795	0.01286	0.01810	0.00951	0.01085	0.00791	0.00462	0.00413	0.00107	0.00509	0.00339	0.00317	0.44959
27	0.01481	0.80869	0.02902	0.00948	0.01421	0.02191	0.00948	0.01658	0.01125	0.01303	0.00770	0.00888	0.00711	0.00474	0.00355	0.00118	0.00592	0.00296	0.00237	0.00711
28	0.48041	0.02517	0.03949	0.01051	0.06959	0.01188	0.00793	0.09062	0.01168	0.02269	0.01258	0.14943	0.01204	0.00755	0.00491	0.00181	0.02583	0.00568	0.00381	0.00640
29	0.01241	0.01304	0.05075	0.43087	0.08639	0.03790	0.20748	0.06303	0.01284	0.01682	0.01043	0.01437	0.00786	0.00533	0.00577	0.00181	0.00787	0.00527	0.00278	0.00698
30	0.00794	0.00581	0.00825	0.00825	0.00902	0.00657	0.00612	0.00947	0.00871	0.01238	0.01543	0.02503	0.01527	0.21423	0.61266	0.00810	0.01269	0.00641	0.00305	0.00459
31	0.00689	0.00553	0.00600	0.00605	0.00753	0.00480	0.00438	0.00832	0.01252	0.01565	0.16083	0.11730	0.52714	0.08213	0.00846	0.00219	0.00303	0.01148	0.00514	0.00463
32	0.06112	0.00716	0.00830	0.00729	0.00975	0.00676	0.00571	0.01717	0.04224	0.26009	0.06034	0.06325	0.12076	0.00836	0.00511	0.00162	0.00349	0.00686	0.29802	0.00661
33	0.13141	0.00820	0.00974	0.00809	0.01130	0.00752	0.00651	0.01877	0.01413	0.39109	0.11710	0.02881	0.20667	0.00895	0.00563	0.00176	0.00393	0.00728	0.00586	0.00726
34	0.01678	0.01322	0.01404	0.01162	0.01529	0.01483	0.00932	0.37115	0.36593	0.02823	0.02023	0.01918	0.05977	0.00751	0.00565	0.00178	0.00510	0.00599	0.00556	0.00882
35	0.84448	0.01071	0.00814	0.00728	0.01071	0.01242	0.00600	0.01628	0.00943	0.02485	0.00771	0.00900	0.00600	0.00514	0.00343	0.00171	0.00428	0.00300	0.00343	0.00600
36	0.01048	0.00777	0.00937	0.00914	0.01110	0.00800	0.00741	0.04915	0.17298	0.04164	0.23133	0.04271	0.09768	0.01164	0.00659	0.00204	0.00405	0.24906	0.02164	0.00620
37	0.00791	0.00593	0.00890	0.00890	0.00989	0.00692	0.00692	0.00989	0.00890	0.01286	0.01483	0.02176	0.01385	0.04154	0.78341	0.00890	0.01483	0.00593	0.00297	0.00494
38	0.01148	0.00984	0.01148	0.00820	0.01312	0.00738	0.00656	0.01395	0.01148	0.01805	0.00984	0.01148	0.00820	0.00410	0.00410	0.00082	0.00410	0.00328	0.00328	0.83922
39	0.01148	0.00984	0.01148	0.00820	0.01312	0.00738	0.00656	0.01395	0.01148	0.01805	0.00984	0.01148	0.00820	0.00410	0.00410	0.00082	0.00410	0.00328	0.00328	0.83922
40	0.01243	0.01940	0.27465	0.02088	0.02733	0.01363	0.51320	0.01767	0.01262	0.01767	0.01079	0.01388	0.00795	0.00486	0.00612	0.00183	0.00896	0.00574	0.00265	0.00770

[dist]
# distance from previous block
# <min> <max>
0	13

[block]
# block no. 2 follows, 43 sequences, length 78
# corresponding to MSA columns:
# 231-308
name=unknown_C
#
# <colnr> <probs for GDERKNQSTAVLIFYWHMCP>
#	G	D	E	R	K	N	Q	S	T	A	V	L	I	F	Y	W	H	M	C	P
0	0.00722	0.00549	0.00665	0.00668	0.00798	0.00491	0.00488	0.00913	0.01374	0.01837	0.40100	0.18924	0.27793	0.01333	0.00664	0.00188	0.00279	0.01164	0.00561	0.00491
1	0.45341	0.01028	0.01191	0.33267	0.02227	0.01214	0.01001	0.01599	0.01046	0.06196	0.00938	0.01193	0.00700	0.00540	0.00442	0.00177	0.00559	0.00394	0.00322	0.00625
2	0.00738	0.00549	0.00696	0.00759	0.00867	0.00508	0.00573	0.00911	0.01256	0.01651	0.18980	0.32146	0.20474	0.01492	0.00696	0.00212	0.00338	0.16140	0.00533	0.00481
3	0.00796	0.00574	0.00793	0.00793	0.00859	0.00640	0.00572	0.00927	0.00861	0.01214	0.01572	0.02665	0.01597	0.29948	0.52838	0.00771	0.01164	0.00665	0.00310	0.00441
4	0.01472	0.70505	0.10557	0.01014	0.01522	0.02058	0.01057	0.01699	0.01143	0.03569	0.00834	0.00946	0.00729	0.00485	0.00379	0.00126	0.00612	0.00315	0.00250	0.00729
5	0.01149	0.00961	0.01049	0.00958	0.01209	0.01060	0.00738	0.02227	0.48787	0.02218	0.23309	0.02928	0.09244	0.00914	0.00596	0.00184	0.00375	0.00778	0.00572	0.00742
6	0.06332	0.01356	0.11605	0.04132	0.25574	0.03250	0.03640	0.07504	0.03506	0.01844	0.01439	0.15261	0.01371	0.00989	0.05336	0.00227	0.04890	0.00672	0.00346	0.00727
7	0.05768	0.02515	0.58845	0.01474	0.02195	0.01367	0.01777	0.15964	0.01435	0.02129	0.01047	0.01186	0.00743	0.00552	0.00522	0.00173	0.00757	0.00421	0.00302	0.00831
8	0.00739	0.00528	0.00716	0.00845	0.00905	0.00505	0.00626	0.00882	0.01124	0.01486	0.03017	0.58337	0.03522	0.01674	0.00724	0.00234	0.00377	0.22778	0.00513	0.00468
9	0.24894	0.01303	0.01299	0.01048	0.01427	0.01459	0.00858	0.42748	0.08078	0.02997	0.01289	0.01331	0.00947	0.00628	0.00482	0.00166	0.00516	0.00455	0.07265	0.00807
10	0.00716	0.00542	0.00670	0.00756	0.00860	0.00497	0.00566	0.00861	0.01174	0.01494	0.03868	0.39387	0.27643	0.01581	0.00702	0.00219	0.00349	0.17132	0.00513	0.00469
11	0.01371	0.01316	0.02248	0.03399	0.77081	0.01316	0.01700	0.01700	0.01261	0.01809	0.01042	0.01371	0.00877	0.00493	0.00548	0.00164	0.00658	0.00493	0.00274	0.00877
12	0.01043	0.00932	0.01244	0.01102	0.01102	0.01216	0.00849	0.01114	0.00830	0.01226	0.01149	0.02212	0.01260	0.33945	0.02233	0.00364	0.46788	0.00618	0.00281	0.00494
13	0.01042	0.00986	0.01726	0.59733	0.03326	0.01158	0.09876	0.01397	0.01140	0.01474	0.01272	0.06597	0.01112	0.00689	0.00590	0.00193	0.00718	0.06072	0.00286	0.00612
14	0.01046	0.00984	0.01661	0.79205	0.03814	0.01230	0.01538	0.01415	0.01107	0.01415	0.00984	0.01477	0.00738	0.00554	0.00554	0.00185	0.00738	0.00492	0.00246	0.00615
15	0.45726	0.01106	0.01219	0.11632	0.01570	0.01390	0.00929	0.01502	0.00934	0.01960	0.00786	0.01081	0.00660	0.00669	0.00857	0.00197	0.26496	0.00387	0.00297	0.00604
16	0.00730	0.00528	0.00604	0.00640	0.00696	0.00495	0.00407	0.00793	0.00994	0.01277	0.03101	0.25385	0.21672	0.38287	0.01675	0.00360	0.00411	0.01113	0.00431	0.00401
17	0.01481	0.80869	0.02902	0.00948	0.01421	0.02191	0.00948	0.01658	0.01125	0.01303	0.00770	0.00888	0.00711	0.00474	0.00355	0.00118	0.00592	0.00296	0.00237	0.00711
18	0.01340	0.01872	0.26451	0.01302	0.01684	0.12875	0.01279	0.11715	0.01303	0.01734	0.01122	0.01594	0.00978	0.11811	0.07806	0.00291	0.13361	0.00496	0.00307	0.00681
19	0.01116	0.02773	0.73457	0.01572	0.02345	0.01309	0.02000	0.01731	0.01151	0.01731	0.00979	0.01172	0.00703	0.00551	0.00598	0.00179	0.05180	0.00413	0.00234	0.00807
20	0.00897	0.00612	0.00795	0.00720	0.00889	0.00551	0.00546	0.01155	0.01543	0.06226	0.68144	0.03833	0.04749	0.01064	0.00633	0.00168	0.00282	0.00936	0.00596	0.05659
21	0.00824	0.00697	0.00933	0.06766	0.05768	0.00725	0.00715	0.01010	0.01225	0.01628	0.19292	0.17520	0.27477	0.01312	0.02868	0.00214	0.09009	0.01024	0.00465	0.00528
22	0.01571	0.35678	0.02252	0.08140	0.14681	0.16810	0.01153	0.06179	0.05768	0.01599	0.00973	0.01139	0.00814	0.00531	0.00458	0.00144	0.00688	0.00390	0.00292	0.00741
23	0.00955	0.00705	0.00773	0.00736	0.00833	0.00736	0.00486	0.05295	0.13932	0.01478	0.02228	0.07483	0.08730	0.51010	0.01997	0.00408	0.00489	0.00831	0.00413	0.00480
24	0.01024	0.01299	0.21778	0.05260	0.01561	0.00877	0.05137	0.03499	0.03624	0.03807	0.06374	0.17103	0.07490	0.01113	0.05341	0.00224	0.00584	0.00783	0.12488	0.00634
25	0.00805	0.00537	0.00604	0.00604	0.00604	0.00537	0.00336	0.00805	0.00805	0.01074	0.01745	0.03624	0.02013	0.80536	0.02819	0.00537	0.00537	0.00805	0.00336	0.00336
26	0.00675	0.00482	0.00643	0.00771	0.00803	0.00450	0.00514	0.00771	0.01060	0.01414	0.03053	0.80175	0.03663	0.01735	0.00707	0.00225	0.00321	0.01574	0.00514	0.00450
27	0.04350	0.01637	0.14202	0.01258	0.01725	0.01508	0.01149	0.38669	0.22099	0.05378	0.01535	0.01507	0.01108	0.00661	0.00545	0.00174	0.00588	0.00514	0.00501	0.00893
28	0.01705	0.02122	0.31169	0.01425	0.02005	0.07214	0.03562	0.37014	0.01903	0.04825	0.01184	0.01264	0.00842	0.00599	0.00542	0.00169	0.00725	0.00460	0.00406	0.00866
29	0.01674	0.55129	0.02464	0.01105	0.01517	0.27238	0.00988	0.01840	0.01271	0.01320	0.00798	0.00925	0.00712	0.00506	0.00403	0.00126	0.00726	0.00316	0.00253	0.00688
30	0.00792	0.00590	0.00873	0.00873	0.00965	0.00683	0.00670	0.00978	0.00885	0.01273	0.01499	0.02265	0.01423	0.08837	0.73710	0.00868	0.01425	0.00606	0.00299	0.00485
31	0.01310	0.01765	0.26686	0.16318	0.14894	0.01349	0.01544	0.10363	0.16403	0.02012	0.01292	0.01459	0.00964	0.00587	0.00546	0.00177	0.00676	0.00493	0.00346	0.00816
32	0.01371	0.01316	0.02248	0.03399	0.77081	0.01316	0.01700	0.01700	0.01261	0.01809	0.01042	0.01371	0.00877	0.00493	0.00548	0.00164	0.00658	0.00493	0.00274	0.00877
33	0.00680	0.00498	0.00627	0.00728	0.00782	0.00458	0.00488	0.00777	0.01077	0.01406	0.03378	0.63597	0.15183	0.06514	0.00828	0.00238	0.00328	0.01463	0.00503	0.00446
34	0.01774	0.00779	0.01037	0.00855	0.01139	0.00692	0.00667	0.01968	0.01461	0.45868	0.21099	0.05201	0.02508	0.11335	0.00884	0.00222	0.00422	0.00735	0.00615	0.00740
35	0.00801	0.00540	0.00617	0.00631	0.00655	0.00533	0.00383	0.00836	0.00883	0.01179	0.02120	0.07930	0.06739	0.64785	0.02389	0.00471	0.00500	0.04881	0.02762	0.00365
36	0.00675	0.00482	0.00643	0.00771	0.00803	0.00450	0.00514	0.00771	0.01060	0.01414	0.03053	0.80175	0.03663	0.01735	0.00707	0.00225	0.00321	0.01574	0.00514	0.00450
37	0.01078	0.00889	0.05896	0.01045	0.01310	0.00772	0.16781	0.01405	0.01209	0.01927	0.01761	0.02454	0.01490	0.00719	0.00505	0.00162	0.00473	0.10438	0.49104	0.00584
38	0.01432	0.05771	0.06001	0.10662	0.28683	0.06038	0.01320	0.02015	0.17606	0.07589	0.03734	0.01595	0.01180	0.00613	0.00585	0.00172	0.03311	0.00519	0.00371	0.00806
39	0.03699	0.15227	0.02211	0.01554	0.01951	0.40178	0.19906	0.05906	0.01470	0.01594	0.00933	0.01122	0.00755	0.00532	0.00514	0.00152	0.00881	0.00429	0.00292	0.00695
40	0.01046	0.00984	0.01661	0.79205	0.03814	0.01230	0.01538	0.01415	0.01107	0.01415	0.00984	0.01477	0.00738	0.00554	0.00554	0.00185	0.00738	0.00492	0.00246	0.00615
41	0.00961	0.00798	0.01016	0.00945	0.01018	0.04371	0.00725	0.01086	0.01050	0.01471	0.19668	0.02467	0.02158	0.09358	0.23234	0.10041	0.18119	0.00665	0.00358	0.00489
42	0.00665	0.00544	0.00588	0.00615	0.00764	0.00466	0.00447	0.00802	0.01232	0.01513	0.08490	0.22055	0.56969	0.01464	0.00666	0.00195	0.00289	0.01252	0.00519	0.00466
43	0.01171	0.15631	0.65431	0.01475	0.02237	0.01434	0.01866	0.01738	0.01162	0.01680	0.00957	0.01123	0.00703	0.00518	0.00498	0.00166	0.00781	0.00391	0.00234	0.00801
44	0.00763	0.00540	0.00604	0.00610	0.00660	0.00516	0.00375	0.00814	0.00962	0.01249	0.06692	0.08720	0.18683	0.54115	0.02099	0.00422	0.00453	0.00943	0.00400	0.00382
45	0.01212	0.01212	0.01696	0.01454	0.01454	0.01696	0.01212	0.01333	0.00848	0.01333	0.00727	0.01212	0.00727	0.00969	0.01818	0.00242	0.79523	0.00485	0.00242	0.00606
46	0.01999	0.08325	0.01603	0.01261	0.01608	0.40276	0.00993	0.11758	0.11517	0.13420	0.01299	0.01310	0.00973	0.00617	0.00512	0.00154	0.00761	0.00436	0.00414	0.00763
47	0.01642	0.01210	0.02292	0.17350	0.02592	0.01173	0.35849	0.02006	0.01358	0.26607	0.01443	0.01619	0.00994	0.00556	0.00602	0.00181	0.00742	0.00589	0.00407	0.00785
48	0.57479	0.01029	0.00969	0.00813	0.01184	0.01101	0.00670	0.01980	0.01154	0.27156	0.01236	0.01224	0.00854	0.00570	0.00413	0.00171	0.00443	0.00384	0.00456	0.00713
49	0.84448	0.01071	0.00814	0.00728	0.01071	0.01242	0.00600	0.01628	0.00943	0.02485	0.00771	0.00900	0.00600	0.00514	0.00343	0.00171	0.00428	0.00300	0.00343	0.00600
50	0.01237	0.01157	0.01791	0.32071	0.29287	0.01318	0.01445	0.01814	0.15977	0.01729	0.01240	0.01540	0.00975	0.00596	0.00630	0.00182	0.05414	0.00519	0.00319	0.00760
51	0.00974	0.00859	0.01229	0.01124	0.01177	0.01122	0.00905	0.01132	0.00869	0.01299	0.01165	0.01808	0.01122	0.05406	0.42612	0.00597	0.35235	0.00554	0.00274	0.00537
52	0.01070	0.00944	0.01311	0.01169	0.01214	0.01255	0.00954	0.01231	0.00902	0.01419	0.01085	0.01597	0.01005	0.01815	0.23010	0.00408	0.46940	0.00519	0.11587	0.00563
53	0.01377	0.01234	0.01917	0.29577	0.36780	0.01354	0.01513	0.13701	0.03638	0.01962	0.01105	0.01422	0.00863	0.00550	0.00552	0.00173	0.00672	0.00498	0.00319	0.00796
54	0.00750	0.00563	0.00699	0.00775	0.00888	0.00524	0.00599	0.00911	0.01194	0.01522	0.05735	0.26188	0.26478	0.05914	0.00825	0.00239	0.00380	0.24841	0.00506	0.00471
55	0.01046	0.00984	0.01661	0.79205	0.03814	0.01230	0.01538	0.01415	0.01107	0.01415	0.00984	0.01477	0.00738	0.00554	0.00554	0.00185	0.00738	0.00492	0.00246	0.00615
56	0.00695	0.00563	0.00618	0.00604	0.00773	0.00485	0.00453	0.00874	0.01359	0.01725	0.28071	0.04954	0.54253	0.01317	0.00654	0.00183	0.00274	0.01116	0.00544	0.00485
57	0.01148	0.00984	0.01148	0.00820	0.01312	0.00738	0.00656	0.01395	0.01148	0.01805	0.00984	0.01148	0.00820	0.00410	0.00410	0.00082	0.00410	0.00328	0.00328	0.83922
58	0.01359	0.01231	0.01943	0.21464	0.47032	0.03443	0.01521	0.01758	0.05838	0.05779	0.01242	0.01528	0.02302	0.00553	0.00552	0.00171	0.00657	0.00513	0.00312	0.00803
59	0.01190	0.02545	0.61145	0.01705	0.02463	0.01294	0.15979	0.01786	0.01208	0.04026	0.01054	0.01253	0.00748	0.00520	0.00551	0.00177	0.00830	0.00460	0.00256	0.00809
60	0.79906	0.01064	0.00840	0.00743	0.01090	0.01219	0.00612	0.01687	0.00978	0.06640	0.00850	0.00954	0.00643	0.00524	0.00355	0.00171	0.00431	0.00314	0.00362	0.00619
61	0.01095	0.01015	0.01600	0.67568	0.03461	0.01252	0.01439	0.01643	0.12281	0.01549	0.01174	0.01564	0.00880	0.00583	0.00555	0.00185	0.00694	0.00512	0.00293	0.00654
62	0.20384	0.23128	0.01788	0.01095	0.01491	0.17632	0.00926	0.23680	0.01617	0.02230	0.00955	0.01045	0.00755	0.00560	0.00442	0.00150	0.00645	0.00370	0.00365	0.00740
63	0.00744	0.00544	0.00715	0.00825	0.00910	0.00515	0.00627	0.00899	0.01159	0.01506	0.03358	0.45534	0.13382	0.01622	0.00719	0.00230	0.00378	0.25347	0.00513	0.00472
64	0.01120	0.01075	0.11470	0.01299	0.11630	0.00866	0.01007	0.01566	0.09832	0.06003	0.02289	0.09920	0.06736	0.00980	0.00594	0.00192	0.00489	0.18214	0.14057	0.00661
65	0.00788	0.00586	0.00865	0.00869	0.00960	0.00675	0.00665	0.00971	0.00890	0.01277	0.01549	0.04722	0.01495	0.08758	0.71268	0.00847	0.01389	0.00637	0.00306	0.00483
66	0.01158	0.01216	0.00969	0.00981	0.01123	0.26091	0.00716	0.01301	0.01311	0.01508	0.11063	0.36558	0.06983	0.01250	0.00633	0.00192	0.00546	0.05424	0.00450	0.00526
67	0.06150	0.01279	0.01647	0.04082	0.24178	0.01284	0.01125	0.26384	0.01660	0.02400	0.01106	0.01272	0.00864	0.00531	0.00501	0.00143	0.00562	0.00438	0.00386	0.24008
68	0.01508	0.17777	0.22763	0.01212	0.01683	0.09127	0.01209	0.12026	0.09854	0.06032	0.01187	0.01318	0.00917	0.00734	0.00687	0.09778	0.00661	0.00435	0.00347	0.00743
69	0.01755	0.01721	0.01385	0.01225	0.01490	0.33694	0.00943	0.16734	0.05019	0.07578	0.01489	0.14191	0.01360	0.00942	0.03285	0.00196	0.05250	0.00627	0.00418	0.00697
70	0.02214	0.01021	0.01276	0.01001	0.01397	0.00975	0.00819	0.14306	0.07156	0.53360	0.02018	0.01825	0.01329	0.00683	0.00542	0.00168	0.00472	0.00549	0.07988	0.00900
71	0.01863	0.03463	0.11935	0.01344	0.01771	0.27073	0.01171	0.31375	0.10481	0.02371	0.01223	0.01275	0.00915	0.00621	0.00530	0.00161	0.00747	0.00450	0.00417	0.00814
72	0.00824	0.00541	0.00703	0.00771	0.00863	0.00496	0.00549	0.00959	0.01181	0.06905	0.10282	0.54546	0.11815	0.01554	0.00689	0.00214	0.00333	0.05743	0.00535	0.00497
73	0.00846	0.00549	0.00696	0.00707	0.00793	0.00580	0.00512	0.01015	0.00997	0.01509	0.04112	0.09939	0.03982	0.16869	0.30851	0.00509	0.00787	0.00732	0.23547	0.00467
74	0.00922	0.00708	0.00753	0.00710	0.00920	0.00680	0.00541	0.05190	0.11997	0.04070	0.08716	0.08423	0.46828	0.01205	0.00620	0.00183	0.00326	0.01010	0.05630	0.00571
75	0.01523	0.00839	0.00979	0.00829	0.01077	0.00839	0.00642	0.13336	0.06303	0.21070	0.12019	0.02397	0.01946	0.11588	0.00834	0.00211	0.00417	0.00636	0.21825	0.00690
76	0.26626	0.01205	0.01241	0.01008	0.01397	0.03424	0.00823	0.20070	0.09857	0.26699	0.01526	0.01452	0.01054	0.00634	0.00492	0.00171	0.00504	0.00468	0.00527	0.00825
77	0.02102	0.01504	0.01626	0.01253	0.01690	0.01654	0.01033	0.68564	0.05054	0.07736	0.01411	0.01387	0.00992	0.00669	0.00555	0.00167	0.00596	0.00506	0.00562	0.00940

[dist]
# distance from previous block
# <min> <max>
0	28

[block]
# block no. 3 follows, 43 sequences, length 43
# corresponding to MSA columns:
# 337-379
name=unknown_D
#
# <colnr> <probs for GDERKNQSTAVLIFYWHMCP>
#	G	D	E	R	K	N	Q	S	T	A	V	L	I	F	Y	W	H	M	C	P
0	0.09934	0.00948	0.01033	0.00971	0.03966	0.03273	0.00704	0.11464	0.11582	0.07893	0.01609	0.02114	0.01381	0.17771	0.12578	0.00350	0.00642	0.00576	0.10570	0.00642
1	0.01757	0.18698	0.14622	0.01305	0.01753	0.34255	0.01190	0.13803	0.01562	0.01774	0.00943	0.01064	0.00752	0.00552	0.00479	0.00145	0.00799	0.00375	0.00312	0.03860
2	0.01328	0.21481	0.42396	0.05161	0.04083	0.05416	0.04063	0.06856	0.01283	0.01732	0.00961	0.01134	0.00732	0.00524	0.00492	0.00160	0.00754	0.00400	0.00263	0.00782
3	0.00810	0.00577	0.00679	0.00658	0.00822	0.00506	0.00491	0.00996	0.01377	0.06063	0.32411	0.12132	0.37875	0.01292	0.00654	0.00185	0.00288	0.01111	0.00560	0.00514
4	0.00793	0.00586	0.00853	0.00853	0.00939	0.00672	0.00646	0.00965	0.00879	0.01258	0.01517	0.02362	0.01465	0.13979	0.68627	0.00845	0.01362	0.00621	0.00302	0.00474
5	0.00912	0.00810	0.01125	0.33455	0.02129	0.03296	0.00995	0.01174	0.01223	0.01545	0.09719	0.09249	0.19240	0.01041	0.00628	0.00196	0.00530	0.11783	0.00404	0.00545
6	0.00707	0.00509	0.00673	0.00772	0.00832	0.00476	0.00542	0.00842	0.01159	0.01554	0.13923	0.60449	0.06602	0.01618	0.00702	0.00218	0.00326	0.07104	0.00528	0.00466
7	0.01809	0.37258	0.02159	0.01215	0.01584	0.44628	0.01016	0.01967	0.01373	0.01332	0.00818	0.00950	0.00712	0.00528	0.00436	0.00132	0.00819	0.00330	0.00264	0.00672
8	0.00675	0.00482	0.00643	0.00771	0.00803	0.00450	0.00514	0.00771	0.01060	0.01414	0.03053	0.80175	0.03663	0.01735	0.00707	0.00225	0.00321	0.01574	0.00514	0.00450
9	0.01270	0.02283	0.45054	0.01769	0.02437	0.02892	0.23449	0.07513	0.01317	0.01870	0.01044	0.01276	0.00763	0.00539	0.00620	0.00180	0.04165	0.00490	0.00274	0.00795
10	0.01588	0.09583	0.01922	0.06354	0.29909	0.07697	0.02817	0.14056	0.01494	0.08973	0.01301	0.07515	0.01110	0.00656	0.00572	0.00167	0.02557	0.00556	0.00373	0.00800
11	0.84448	0.01071	0.00814	0.00728	0.01071	0.01242	0.00600	0.01628	0.00943	0.02485	0.00771	0.00900	0.00600	0.00514	0.00343	0.00171	0.00428	0.00300	0.00343	0.00600
12	0.07586	0.00679	0.00818	0.00890	0.06828	0.00669	0.00623	0.01374	0.01251	0.08570	0.11144	0.06502	0.06251	0.00875	0.00514	0.00166	0.00353	0.08507	0.35816	0.00582
13	0.00802	0.00550	0.00670	0.00670	0.00693	0.00573	0.00418	0.00848	0.00825	0.01123	0.01685	0.03289	0.01868	0.62870	0.20287	0.00619	0.00756	0.00756	0.00327	0.00372
14	0.01064	0.07546	0.34409	0.01266	0.01718	0.07092	0.05104	0.01426	0.01165	0.01567	0.01723	0.29919	0.01789	0.00963	0.00584	0.00187	0.00641	0.00834	0.00343	0.00659
15	0.01536	0.01861	0.19319	0.01384	0.05870	0.18841	0.01217	0.07410	0.14516	0.08092	0.03918	0.01785	0.07067	0.00703	0.00601	0.00172	0.04007	0.00539	0.00400	0.00765
16	0.01464	0.01167	0.01315	0.00977	0.01445	0.01064	0.00794	0.26145	0.01639	0.02367	0.01142	0.01320	0.00912	0.00520	0.00466	0.00114	0.00479	0.01965	0.00408	0.54297
17	0.00745	0.00515	0.00666	0.00738	0.00804	0.00484	0.00519	0.00803	0.01043	0.01354	0.03100	0.40685	0.17989	0.03698	0.04035	0.15216	0.00405	0.06329	0.00452	0.00419
18	0.01354	0.01585	0.15867	0.03099	0.25693	0.05531	0.04149	0.08727	0.14032	0.02012	0.03602	0.01805	0.04767	0.00647	0.00555	0.00172	0.00632	0.01823	0.03145	0.00803
19	0.01604	0.01278	0.01354	0.01147	0.01495	0.01450	0.00912	0.26987	0.48000	0.02696	0.01924	0.01820	0.01428	0.00717	0.00552	0.00178	0.00487	0.00578	0.04510	0.00881
20	0.05485	0.03351	0.01628	0.07230	0.29690	0.03157	0.01162	0.12124	0.03197	0.09445	0.09634	0.01880	0.04377	0.00661	0.00542	0.00166	0.00552	0.00568	0.04371	0.00779
21	0.01745	0.01551	0.01258	0.01093	0.01367	0.27497	0.00839	0.21360	0.01691	0.08005	0.01483	0.07998	0.01264	0.05150	0.00645	0.00177	0.00643	0.00563	0.14981	0.00691
22	0.04697	0.08286	0.37758	0.01315	0.01932	0.01394	0.01449	0.21266	0.01547	0.05046	0.01110	0.01224	0.00811	0.00626	0.02027	0.00174	0.00695	0.00422	0.00350	0.07871
23	0.01265	0.01554	0.23800	0.01288	0.01694	0.02353	0.07794	0.09013	0.01294	0.07946	0.05021	0.01885	0.04083	0.05667	0.13063	0.00313	0.08713	0.00569	0.01984	0.00700
24	0.08539	0.01647	0.01121	0.01060	0.01288	0.39326	0.00790	0.01639	0.03848	0.01524	0.02290	0.15203	0.17684	0.00946	0.00556	0.00170	0.00663	0.00740	0.00387	0.00576
25	0.01961	0.02460	0.01487	0.01357	0.01618	0.71674	0.01007	0.02092	0.01504	0.01331	0.00932	0.01223	0.00824	0.07396	0.00697	0.00176	0.00959	0.00395	0.00290	0.00616
26	0.01083	0.00697	0.00739	0.00691	0.00824	0.00736	0.00488	0.07143	0.11463	0.01858	0.01809	0.02564	0.01631	0.29175	0.01292	0.00286	0.00410	0.00633	0.35943	0.00535
27	0.12297	0.00610	0.00621	0.00622	0.00788	0.00590	0.00465	0.01051	0.01207	0.01845	0.13129	0.14616	0.29247	0.01121	0.00558	0.00176	0.00299	0.00938	0.19318	0.00501
28	0.01375	0.00855	0.01043	0.03317	0.09311	0.00879	0.00720	0.15003	0.01416	0.09840	0.01640	0.02098	0.01354	0.14923	0.00893	0.00219	0.00452	0.00566	0.33449	0.00648
29	0.01136	0.01397	0.16751	0.09800	0.19138	0.01155	0.01304	0.04336	0.09001	0.01796	0.06117	0.03955	0.13409	0.00789	0.00681	0.00183	0.07315	0.00651	0.00363	0.00722
30	0.02080	0.02304	0.01598	0.01380	0.01714	0.54673	0.01065	0.24749	0.01889	0.02014	0.01002	0.01101	0.00784	0.00600	0.00516	0.00150	0.00879	0.00401	0.00368	0.00735
31	0.04055	0.01225	0.09232	0.01248	0.08848	0.01004	0.00992	0.11889	0.04475	0.03804	0.05627	0.03370	0.01480	0.00702	0.00529	0.00152	0.00512	0.10237	0.00406	0.30212
32	0.01178	0.01038	0.01606	0.01290	0.01580	0.01072	0.19753	0.07333	0.11672	0.04755	0.11698	0.09280	0.15402	0.00940	0.00752	0.00192	0.08505	0.00831	0.00455	0.00670
33	0.00673	0.00491	0.00634	0.00748	0.00797	0.00452	0.00504	0.00774	0.01082	0.01423	0.03329	0.72076	0.11583	0.01699	0.00701	0.00221	0.00317	0.01531	0.00514	0.00452
34	0.01148	0.00984	0.01148	0.00820	0.01312	0.00738	0.00656	0.01395	0.01148	0.01805	0.00984	0.01148	0.00820	0.00410	0.00410	0.00082	0.00410	0.00328	0.00328	0.83922
35	0.00690	0.00537	0.00627	0.00658	0.00783	0.00474	0.00473	0.00844	0.01267	0.01633	0.20783	0.28803	0.37554	0.01447	0.00671	0.00196	0.00289	0.01260	0.00536	0.00474
36	0.00743	0.00540	0.00646	0.00682	0.00759	0.00506	0.00468	0.00856	0.01116	0.01464	0.14087	0.23529	0.19119	0.25964	0.01346	0.00308	0.00385	0.06575	0.00473	0.00434
37	0.01860	0.00958	0.01157	0.00956	0.01280	0.00946	0.00763	0.16796	0.07496	0.35232	0.02083	0.12594	0.01633	0.00825	0.00553	0.00173	0.00445	0.00685	0.12758	0.00807
38	0.01262	0.00882	0.01007	0.00914	0.01162	0.00917	0.00703	0.04810	0.29905	0.12425	0.14921	0.13568	0.13149	0.01029	0.00610	0.00188	0.00382	0.00880	0.00574	0.00714
39	0.78022	0.01061	0.00851	0.00748	0.01098	0.01209	0.00617	0.01712	0.00993	0.08364	0.00882	0.00977	0.00660	0.00528	0.00360	0.00171	0.00432	0.00320	0.00370	0.00627
40	0.84448	0.01071	0.00814	0.00728	0.01071	0.01242	0.00600	0.01628	0.00943	0.02485	0.00771	0.00900	0.00600	0.00514	0.00343	0.00171	0.00428	0.00300	0.00343	0.00600
41	0.01600	0.05163	0.25750	0.01407	0.01926	0.14318	0.05556	0.22142	0.10627	0.02223	0.01234	0.01323	0.00915	0.00596	0.00531	0.00166	0.00729	0.00463	0.02516	0.00814
42	0.15504	0.14570	0.07991	0.05668	0.09886	0.16773	0.01131	0.14081	0.06000	0.02035	0.01030	0.01165	0.00809	0.00559	0.00473	0.00158	0.00673	0.00404	0.00341	0.00749

[dist]
# distance from previous block
# <min> <max>
0	1

[block]
# block no. 4 follows, 43 sequences, length 10
# corresponding to MSA columns:
# 381-390
name=unknown_E
#
# <colnr> <probs for GDERKNQSTAVLIFYWHMCP>
#	G	D	E	R	K	N	Q	S	T	A	V	L	I	F	Y	W	H	M	C	P
0	0.00930	0.00816	0.03718	0.01138	0.12075	0.00742	0.00753	0.05818	0.01289	0.01717	0.14434	0.07769	0.24312	0.12373	0.07109	0.00289	0.00514	0.03198	0.00444	0.00563
1	0.00706	0.00516	0.00665	0.00727	0.00805	0.00474	0.00507	0.00858	0.01238	0.01672	0.26118	0.49012	0.11625	0.01515	0.00685	0.00205	0.00299	0.01356	0.00544	0.00474
2	0.01111	0.02865	0.77667	0.01579	0.02397	0.01286	0.02046	0.01754	0.01169	0.01754	0.00994	0.01169	0.00702	0.00526	0.00526	0.00175	0.00818	0.00409	0.00234	0.00818
3	0.01065	0.00791	0.00811	0.00769	0.00959	0.03512	0.00586	0.12381	0.04681	0.01964	0.03119	0.17290	0.24210	0.01107	0.00576	0.00177	0.00374	0.03633	0.21421	0.00574
4	0.00923	0.00495	0.00692	0.00692	0.00692	0.00495	0.00444	0.00743	0.00743	0.00990	0.01159	0.02172	0.01227	0.21703	0.02329	0.62916	0.00495	0.00563	0.00264	0.00264
5	0.01481	0.80869	0.02902	0.00948	0.01421	0.02191	0.00948	0.01658	0.01125	0.01303	0.00770	0.00888	0.00711	0.00474	0.00355	0.00118	0.00592	0.00296	0.00237	0.00711
6	0.01066	0.01541	0.27918	0.01223	0.01566	0.01084	0.01232	0.01461	0.05912	0.04944	0.01846	0.24343	0.04593	0.01026	0.00862	0.00205	0.17334	0.00813	0.00369	0.00662
7	0.01046	0.00984	0.01661	0.79205	0.03814	0.01230	0.01538	0.01415	0.01107	0.01415	0.00984	0.01477	0.00738	0.00554	0.00554	0.00185	0.00738	0.00492	0.00246	0.00615
8	0.01325	0.09380	0.07325	0.00988	0.01311	0.07775	0.00852	0.06977	0.21982	0.04853	0.11144	0.02342	0.10221	0.00788	0.00533	0.00165	0.00485	0.00634	0.10209	0.00711
9	0.10230	0.04866	0.04025	0.05381	0.35189	0.08200	0.04860	0.01951	0.07646	0.10588	0.01220	0.01390	0.00940	0.00548	0.00521	0.00166	0.00643	0.00476	0.00351	0.00809

[dist]
# distance from previous block
# <min> <max>
0	1

[block]
# block no. 5 follows, 43 sequences, length 9
# corresponding to MSA columns:
# 392-400
name=unknown_F
#
# <colnr> <probs for GDERKNQSTAVLIFYWHMCP>
#	G	D	E	R	K	N	Q	S	T	A	V	L	I	F	Y	W	H	M	C	P
0	0.01386	0.01355	0.05913	0.13031	0.44779	0.01324	0.05296	0.12244	0.01448	0.02015	0.04984	0.01518	0.01081	0.00560	0.00560	0.00170	0.00664	0.00524	0.00326	0.00823
1	0.01766	0.03521	0.01471	0.01132	0.01513	0.01424	0.00937	0.52794	0.02209	0.03001	0.08031	0.01988	0.01508	0.00755	0.00558	0.00166	0.00543	0.06525	0.04171	0.05986
2	0.01169	0.00647	0.00815	0.00747	0.00953	0.00570	0.00569	0.01357	0.01401	0.21336	0.25317	0.17064	0.23481	0.01195	0.00638	0.00186	0.00331	0.01032	0.00587	0.00604
3	0.02172	0.01585	0.01465	0.01185	0.01570	0.20924	0.00950	0.29644	0.01944	0.27031	0.01509	0.01459	0.01045	0.00647	0.00534	0.00160	0.00648	0.00482	0.04200	0.00847
4	0.01308	0.00979	0.01304	0.03633	0.12951	0.01011	0.04902	0.19383	0.01484	0.03953	0.04551	0.05609	0.04840	0.18287	0.01047	0.00248	0.00528	0.00672	0.12652	0.00658
5	0.00689	0.00495	0.00646	0.00762	0.00804	0.00462	0.00515	0.00788	0.01065	0.01409	0.03101	0.69846	0.07021	0.05782	0.00816	0.00240	0.00338	0.04267	0.00505	0.00447
6	0.01562	0.15997	0.06454	0.06598	0.12299	0.25512	0.03342	0.05647	0.06000	0.01624	0.01194	0.03350	0.03150	0.00625	0.00568	0.00159	0.04419	0.00471	0.00311	0.00717
7	0.00911	0.00578	0.00688	0.00672	0.00822	0.00531	0.00508	0.01116	0.01327	0.06718	0.27056	0.08727	0.21090	0.05239	0.00721	0.00196	0.00315	0.06146	0.16118	0.00520
8	0.07464	0.05762	0.03544	0.01345	0.01686	0.16881	0.08849	0.13209	0.07870	0.12809	0.01238	0.01347	0.00934	0.00662	0.00740	0.00177	0.13846	0.00477	0.00400	0.00761

[dist]
# distance from previous block
# <min> <max>
1	41

[block]
# block no. 6 follows, 43 sequences, length 59
# corresponding to MSA columns:
# 443-474,476-502
name=unknown_G
#
# <colnr> <probs for GDERKNQSTAVLIFYWHMCP>
#	G	D	E	R	K	N	Q	S	T	A	V	L	I	F	Y	W	H	M	C	P
0	0.08047	0.17481	0.10842	0.01225	0.01608	0.06736	0.10226	0.07424	0.01241	0.04867	0.01173	0.01581	0.01006	0.05808	0.14505	0.00313	0.03050	0.01872	0.00320	0.00676
1	0.04031	0.16560	0.33840	0.01193	0.01724	0.05937	0.01311	0.04875	0.01325	0.01850	0.16957	0.01731	0.01672	0.00648	0.00510	0.00158	0.00630	0.00507	0.00339	0.04201
2	0.01461	0.09027	0.28487	0.01613	0.05076	0.01478	0.15387	0.23047	0.01607	0.02209	0.01188	0.04736	0.00936	0.00602	0.00552	0.00172	0.00731	0.00526	0.00350	0.00817
3	0.00722	0.00539	0.00672	0.00690	0.00803	0.00488	0.00498	0.00907	0.01346	0.01817	0.38780	0.27657	0.20297	0.01375	0.00670	0.00192	0.00284	0.01213	0.00560	0.00488
4	0.01335	0.01147	0.01215	0.01106	0.01402	0.01322	0.00855	0.02812	0.71551	0.02262	0.02302	0.06782	0.01810	0.00811	0.00572	0.00190	0.00431	0.00683	0.00561	0.00851
5	0.01650	0.02519	0.01169	0.02859	0.01305	0.01066	0.00769	0.18665	0.14969	0.18971	0.01808	0.01878	0.01337	0.03501	0.03538	0.00201	0.00491	0.00549	0.21984	0.00771
6	0.28904	0.00944	0.00898	0.00776	0.01057	0.01033	0.00623	0.15912	0.03999	0.05856	0.01404	0.01528	0.01063	0.00611	0.00419	0.00154	0.00399	0.00447	0.33317	0.00658
7	0.05082	0.01062	0.03900	0.01107	0.05892	0.01010	0.00857	0.11261	0.12331	0.31805	0.04144	0.01848	0.01407	0.00675	0.00521	0.00166	0.00462	0.00547	0.15099	0.00824
8	0.00801	0.00553	0.00687	0.00687	0.00716	0.00582	0.00439	0.00859	0.00830	0.01135	0.01669	0.03203	0.01831	0.58327	0.24778	0.00640	0.00812	0.00744	0.00324	0.00382
9	0.02057	0.04550	0.01695	0.01257	0.01697	0.01724	0.01043	0.70003	0.05027	0.03368	0.01340	0.01338	0.00958	0.00661	0.00547	0.00165	0.00603	0.00495	0.00542	0.00931
10	0.01487	0.22964	0.07473	0.01327	0.11658	0.02949	0.01036	0.09189	0.01371	0.08576	0.04057	0.01308	0.01022	0.00529	0.00462	0.00131	0.00555	0.00413	0.00354	0.23140
11	0.04728	0.16182	0.01794	0.01261	0.01628	0.36934	0.01019	0.22858	0.05089	0.02033	0.01035	0.01117	0.00818	0.00586	0.00487	0.00148	0.00771	0.00396	0.00367	0.00748
12	0.74627	0.01128	0.00915	0.00793	0.01148	0.01299	0.00654	0.10408	0.01141	0.02605	0.00838	0.00951	0.00641	0.00532	0.00368	0.00171	0.00450	0.00324	0.00368	0.00641
13	0.00704	0.00503	0.00676	0.00804	0.00849	0.00475	0.00564	0.00821	0.01089	0.01446	0.03037	0.70411	0.03600	0.01708	0.00715	0.00229	0.00346	0.11055	0.00514	0.00458
14	0.01290	0.01432	0.08990	0.13221	0.47196	0.01326	0.12661	0.01666	0.01226	0.01732	0.01032	0.01381	0.00833	0.00515	0.00602	0.00174	0.03141	0.00509	0.00267	0.00809
15	0.00756	0.00558	0.00692	0.00741	0.00845	0.00521	0.00554	0.00916	0.01215	0.01591	0.17029	0.21556	0.20983	0.12104	0.00982	0.00255	0.00372	0.17356	0.00507	0.00466
16	0.11865	0.00893	0.01072	0.00872	0.01215	0.00854	0.00707	0.04319	0.05571	0.44835	0.05719	0.01908	0.01489	0.00683	0.00506	0.00165	0.00419	0.00544	0.15566	0.00800
17	0.00756	0.00557	0.00707	0.00688	0.00815	0.00508	0.00509	0.00985	0.01475	0.02044	0.60015	0.12347	0.14075	0.01230	0.00659	0.00181	0.00270	0.01083	0.00588	0.00508
18	0.84448	0.01071	0.00814	0.00728	0.01071	0.01242	0.00600	0.01628	0.00943	0.02485	0.00771	0.00900	0.00600	0.00514	0.00343	0.00171	0.00428	0.00300	0.00343	0.00600
19	0.01352	0.05915	0.01283	0.01058	0.01350	0.01302	0.00830	0.10182	0.50520	0.02248	0.02155	0.12428	0.01806	0.00853	0.00562	0.00184	0.00442	0.00716	0.04012	0.00801
20	0.03471	0.01908	0.23483	0.02516	0.01889	0.05371	0.01311	0.42406	0.01988	0.05574	0.01236	0.01309	0.00883	0.00677	0.01899	0.00180	0.00692	0.00466	0.01877	0.00864
21	0.01536	0.03642	0.01592	0.05082	0.19098	0.09666	0.01101	0.17633	0.14459	0.04695	0.05951	0.01758	0.01360	0.04021	0.05757	0.00229	0.00668	0.00548	0.00421	0.00783
22	0.84448	0.01071	0.00814	0.00728	0.01071	0.01242	0.00600	0.01628	0.00943	0.02485	0.00771	0.00900	0.00600	0.00514	0.00343	0.00171	0.00428	0.00300	0.00343	0.00600
23	0.01218	0.01089	0.01052	0.01026	0.04488	0.11292	0.00750	0.12058	0.10811	0.01934	0.06014	0.09912	0.23612	0.01146	0.03545	0.00206	0.00516	0.03372	0.05325	0.00634
24	0.00811	0.00538	0.00634	0.00637	0.00761	0.00500	0.00467	0.01025	0.01325	0.01926	0.32698	0.15977	0.16144	0.01144	0.00591	0.00172	0.00273	0.00991	0.22885	0.00500
25	0.01066	0.00967	0.01616	0.09043	0.35448	0.00970	0.05486	0.01327	0.01212	0.01680	0.08027	0.26803	0.02117	0.00948	0.00614	0.00188	0.00540	0.00891	0.00377	0.00680
26	0.00727	0.00544	0.00681	0.00757	0.00843	0.00512	0.00536	0.00922	0.04464	0.01573	0.11963	0.51788	0.15701	0.01557	0.00689	0.00213	0.00323	0.05197	0.00527	0.00483
27	0.00795	0.00578	0.00813	0.00813	0.00886	0.00651	0.00597	0.00940	0.00867	0.01229	0.01554	0.02564	0.01553	0.24631	0.58095	0.00795	0.01230	0.00650	0.00307	0.00452
28	0.01481	0.80869	0.02902	0.00948	0.01421	0.02191	0.00948	0.01658	0.01125	0.01303	0.00770	0.00888	0.00711	0.00474	0.00355	0.00118	0.00592	0.00296	0.00237	0.00711
29	0.00680	0.00544	0.00608	0.00630	0.00773	0.00472	0.00458	0.00829	0.01265	0.01593	0.16372	0.22122	0.48835	0.01435	0.00666	0.00194	0.00287	0.01234	0.00529	0.00472
30	0.01046	0.00984	0.01661	0.79205	0.03814	0.01230	0.01538	0.01415	0.01107	0.01415	0.00984	0.01477	0.00738	0.00554	0.00554	0.00185	0.00738	0.00492	0.00246	0.00615
31	0.01766	0.01653	0.01605	0.01335	0.01587	0.19305	0.01074	0.32529	0.01749	0.02232	0.01054	0.01318	0.00871	0.04250	0.01028	0.00200	0.24837	0.00475	0.00387	0.00743
32	0.01784	0.01586	0.01660	0.09698	0.01952	0.14376	0.05526	0.37261	0.09138	0.02547	0.01260	0.01355	0.00937	0.00611	0.00539	0.00160	0.00674	0.00481	0.00441	0.08015
