[name]
unknown

[dist]
# distance from previous block
# <min> <max>
0	789

[block]
# block no. 0 follows, 45 sequences, length 19
# corresponding to MSA columns:
# 801-819
name=unknown_A
#
# <colnr> <probs for GDERKNQSTAVLIFYWHMCP>
#	G	D	E	R	K	N	Q	S	T	A	V	L	I	F	Y	W	H	M	C	P
0	0.10180	0.18906	0.01544	0.00982	0.01353	0.06418	0.00826	0.07544	0.19285	0.13025	0.03129	0.01591	0.01206	0.00622	0.00469	0.00151	0.00505	0.03063	0.00430	0.08771
1	0.17883	0.01071	0.01082	0.00948	0.01235	0.06634	0.00741	0.13377	0.10369	0.18962	0.01836	0.20266	0.01636	0.00870	0.00530	0.00178	0.00468	0.00711	0.00498	0.00707
2	0.20562	0.01456	0.01205	0.01028	0.01337	0.21992	0.00811	0.19693	0.01627	0.08062	0.15445	0.01661	0.01591	0.00674	0.00495	0.00158	0.00578	0.00499	0.00441	0.00684
3	0.07715	0.06470	0.15769	0.00986	0.01492	0.01015	0.00948	0.04248	0.04941	0.12064	0.01155	0.01228	0.00867	0.00491	0.00441	0.00125	0.00501	0.00378	0.00361	0.38806
4	0.01134	0.00770	0.00926	0.00803	0.01017	0.00761	0.00626	0.15269	0.03303	0.08287	0.51049	0.03358	0.08551	0.00987	0.00606	0.00168	0.00338	0.00848	0.00580	0.00619
5	0.00792	0.00640	0.00840	0.15585	0.01357	0.00650	0.00684	0.04605	0.01208	0.01555	0.09010	0.32856	0.25667	0.01271	0.00630	0.00193	0.00385	0.01114	0.00459	0.00500
6	0.01680	0.01265	0.01705	0.01300	0.01692	0.01318	0.14980	0.41997	0.02019	0.08686	0.15835	0.01879	0.01718	0.00696	0.00574	0.00167	0.00575	0.00609	0.00507	0.00800
7	0.00811	0.00652	0.00836	0.00800	0.00864	0.00727	0.00588	0.00929	0.01013	0.01388	0.13783	0.11986	0.14912	0.22107	0.11013	0.00364	0.15509	0.00869	0.00393	0.00455
8	0.56156	0.01325	0.01013	0.00883	0.01218	0.15802	0.00708	0.04459	0.01162	0.11622	0.00952	0.01023	0.00706	0.00534	0.00394	0.00161	0.00531	0.00339	0.00370	0.00642
9	0.10585	0.02309	0.01453	0.01300	0.01596	0.64204	0.00989	0.08515	0.01546	0.01607	0.00861	0.00986	0.00699	0.00555	0.00473	0.00143	0.00878	0.00352	0.00305	0.00643
10	0.00638	0.00529	0.00559	0.00582	0.00735	0.00450	0.00425	0.00766	0.01187	0.01435	0.04971	0.19393	0.63643	0.01420	0.00644	0.00188	0.00279	0.01207	0.00498	0.00450
11	0.16846	0.01016	0.01537	0.53978	0.13822	0.01207	0.01342	0.01450	0.01065	0.01621	0.00923	0.01311	0.00710	0.00521	0.00497	0.00174	0.00648	0.00442	0.00260	0.00630
12	0.53197	0.01041	0.01096	0.09091	0.04960	0.01121	0.03826	0.01523	0.00996	0.02119	0.00834	0.01020	0.00657	0.00481	0.00387	0.00151	0.00473	0.00338	0.00314	0.16374
13	0.01159	0.00815	0.00942	0.00830	0.01029	0.00801	0.00603	0.18183	0.01336	0.05327	0.01869	0.24663	0.01965	0.23921	0.01186	0.00268	0.00455	0.00844	0.00438	0.13366
14	0.56443	0.23993	0.05762	0.00813	0.01207	0.01468	0.00757	0.01593	0.00976	0.02043	0.00759	0.00884	0.00617	0.00488	0.00346	0.00152	0.00482	0.00296	0.00297	0.00624
15	0.26760	0.00879	0.00996	0.14762	0.01490	0.00988	0.00767	0.07498	0.05523	0.02074	0.19339	0.07057	0.02023	0.03342	0.04172	0.00215	0.00488	0.00626	0.00414	0.00587
16	0.03064	0.16463	0.01617	0.01078	0.01395	0.18578	0.06510	0.09326	0.01349	0.01716	0.01485	0.01617	0.08776	0.00641	0.00547	0.00144	0.05680	0.00478	0.11786	0.07749
17	0.01542	0.66614	0.02570	0.01006	0.01431	0.16583	0.00941	0.01708	0.01172	0.01272	0.00762	0.00881	0.00689	0.00477	0.00371	0.00119	0.00648	0.00298	0.00238	0.00676
18	0.01055	0.00850	0.01118	0.00962	0.01194	0.00866	0.06372	0.09612	0.12173	0.01890	0.16067	0.06262	0.05019	0.09250	0.13364	0.00314	0.00608	0.03722	0.00441	0.08860

[dist]
# distance from previous block
# <min> <max>
1	19

[block]
# block no. 1 follows, 45 sequences, length 16
# corresponding to MSA columns:
# 840-855
name=unknown_B
#
# <colnr> <probs for GDERKNQSTAVLIFYWHMCP>
#	G	D	E	R	K	N	Q	S	T	A	V	L	I	F	Y	W	H	M	C	P
0	0.24536	0.00974	0.01007	0.00869	0.01161	0.01028	0.00688	0.21592	0.01481	0.10656	0.02033	0.18295	0.09923	0.00897	0.00519	0.00175	0.00429	0.00723	0.00477	0.02536
1	0.24051	0.00664	0.00642	0.00619	0.00711	0.00710	0.00396	0.01001	0.00817	0.01419	0.01430	0.02782	0.01573	0.58836	0.02068	0.00422	0.00491	0.00645	0.00327	0.00396
2	0.01266	0.23355	0.02187	0.25095	0.34921	0.01486	0.01400	0.01555	0.01142	0.01506	0.00921	0.01229	0.00766	0.00490	0.00481	0.00153	0.00643	0.00425	0.00248	0.00731
3	0.01368	0.01186	0.01081	0.01064	0.01268	0.22300	0.00870	0.01580	0.01379	0.11357	0.09142	0.03918	0.02385	0.01085	0.00634	0.00199	0.00598	0.37537	0.00465	0.00584
4	0.02031	0.01795	0.01586	0.01276	0.01663	0.23046	0.01025	0.55573	0.02247	0.02811	0.01162	0.01200	0.00852	0.00619	0.00522	0.00155	0.00695	0.00445	0.00465	0.00833
5	0.20275	0.01392	0.01130	0.03476	0.07446	0.25161	0.00786	0.01629	0.06877	0.01594	0.01171	0.01772	0.01101	0.22832	0.01082	0.00257	0.00644	0.00488	0.00321	0.00566
6	0.01225	0.35444	0.46991	0.01276	0.01931	0.01611	0.01541	0.01662	0.01116	0.01519	0.00873	0.01020	0.00684	0.00489	0.00441	0.00147	0.00702	0.00351	0.00228	0.00750
7	0.00687	0.00492	0.00603	0.00677	0.00718	0.00462	0.00439	0.00760	0.00982	0.01288	0.02908	0.49815	0.12204	0.23925	0.01253	0.00298	0.00365	0.01269	0.00450	0.00407
8	0.00737	0.00519	0.00674	0.00712	0.00749	0.00536	0.00475	0.00820	0.00880	0.01200	0.02015	0.27122	0.02279	0.35137	0.23190	0.00521	0.00709	0.00955	0.00369	0.00402
9	0.84927	0.01038	0.00789	0.00706	0.01038	0.01204	0.00581	0.01578	0.00914	0.02408	0.00747	0.00872	0.00581	0.00498	0.00332	0.00166	0.00415	0.00291	0.00332	0.00581
10	0.01229	0.01045	0.00927	0.00888	0.00965	0.22179	0.00624	0.01099	0.00927	0.01038	0.00904	0.01448	0.00866	0.01502	0.01652	0.61085	0.00605	0.00433	0.00245	0.00341
11	0.01312	0.01323	0.02452	0.03009	0.57051	0.01298	0.22164	0.01667	0.01235	0.01744	0.01031	0.01362	0.00840	0.00471	0.00560	0.00165	0.00712	0.00521	0.00267	0.00815
12	0.01748	0.02619	0.22769	0.01424	0.01843	0.57484	0.01299	0.02021	0.01414	0.01421	0.00867	0.01014	0.00688	0.00541	0.00491	0.00147	0.00920	0.00360	0.00263	0.00670
13	0.01178	0.01093	0.01719	0.24841	0.35105	0.01097	0.01322	0.01485	0.01149	0.01641	0.00978	0.01299	0.00796	0.00473	0.00496	0.00143	0.00594	0.00434	0.00272	0.23886
14	0.01198	0.01212	0.02271	0.30293	0.28972	0.01270	0.23741	0.01570	0.01182	0.01607	0.01013	0.01401	0.00792	0.00491	0.00564	0.00173	0.00745	0.00524	0.00258	0.00722
15	0.01603	0.01715	0.01337	0.01208	0.01501	0.32355	0.00925	0.02569	0.46735	0.01873	0.01643	0.01589	0.01260	0.00658	0.00521	0.00165	0.00642	0.00503	0.00438	0.00759

[dist]
# distance from previous block
# <min> <max>
0	6

[block]
# block no. 2 follows, 45 sequences, length 21
# corresponding to MSA columns:
# 862-882
name=unknown_C
#
# <colnr> <probs for GDERKNQSTAVLIFYWHMCP>
#	G	D	E	R	K	N	Q	S	T	A	V	L	I	F	Y	W	H	M	C	P
0	0.41409	0.01669	0.01257	0.01307	0.11186	0.31913	0.00899	0.01810	0.01193	0.01892	0.00814	0.00969	0.00659	0.00517	0.00418	0.00154	0.00662	0.00337	0.00302	0.00632
1	0.01824	0.01784	0.22238	0.01437	0.08726	0.11454	0.01269	0.16815	0.01593	0.25516	0.01370	0.01374	0.00943	0.00587	0.00523	0.00162	0.00658	0.00459	0.00433	0.00837
2	0.00839	0.00646	0.00780	0.00748	0.00899	0.00641	0.00559	0.01288	0.14886	0.02011	0.48528	0.13652	0.10192	0.01128	0.00624	0.00179	0.00293	0.00991	0.00563	0.00554
3	0.00874	0.00761	0.01205	0.01057	0.01197	0.00849	0.10377	0.01071	0.00989	0.01387	0.07075	0.05706	0.08375	0.07824	0.36732	0.00524	0.12454	0.00699	0.00329	0.00514
4	0.01250	0.01399	0.02895	0.02110	0.02556	0.01409	0.62497	0.01643	0.01187	0.01643	0.01018	0.01399	0.00795	0.00540	0.00835	0.00191	0.15065	0.00604	0.00265	0.00700
5	0.00914	0.00809	0.01318	0.01154	0.01288	0.00956	0.10471	0.01124	0.00907	0.01316	0.01245	0.01835	0.01145	0.02942	0.53318	0.00648	0.17243	0.00561	0.00275	0.00533
6	0.01289	0.01275	0.01979	0.24074	0.52368	0.06541	0.01563	0.01606	0.01202	0.01619	0.00982	0.01332	0.00803	0.00499	0.00530	0.00163	0.00681	0.00469	0.00259	0.00765
7	0.01389	0.01002	0.01307	0.08047	0.01549	0.01038	0.06082	0.11665	0.11098	0.10769	0.01451	0.01614	0.01106	0.02325	0.01606	0.00168	0.05915	0.00496	0.15707	0.15668
8	0.01915	0.07642	0.09643	0.01267	0.01727	0.08593	0.06158	0.35683	0.01890	0.18190	0.01329	0.01333	0.00931	0.00599	0.00522	0.00159	0.00639	0.00469	0.00466	0.00844
9	0.01371	0.67399	0.16310	0.01028	0.01547	0.01967	0.01109	0.01624	0.01098	0.01341	0.00785	0.00910	0.00687	0.00468	0.00374	0.00125	0.00613	0.00307	0.00229	0.00708
10	0.00864	0.00665	0.00751	0.00694	0.00878	0.00629	0.00529	0.10567	0.01491	0.01959	0.31879	0.08582	0.36134	0.01187	0.00624	0.00176	0.00308	0.01011	0.00538	0.00532
11	0.01640	0.05507	0.01721	0.01286	0.01660	0.05765	0.13640	0.32136	0.01838	0.09397	0.10192	0.02129	0.01611	0.00737	0.00573	0.00171	0.00604	0.08156	0.00474	0.00762
12	0.07117	0.17997	0.19728	0.05386	0.01836	0.06934	0.03992	0.18428	0.01496	0.10607	0.01103	0.01190	0.00808	0.00549	0.00478	0.00155	0.00653	0.00412	0.00359	0.00773
13	0.18373	0.01022	0.00964	0.00831	0.01124	0.10850	0.00657	0.01729	0.01332	0.26313	0.10749	0.02561	0.19718	0.00830	0.00524	0.00166	0.00448	0.00654	0.00500	0.00654
14	0.01289	0.01717	0.25225	0.01527	0.02054	0.01266	0.23375	0.14133	0.09924	0.02046	0.01537	0.01670	0.06136	0.00604	0.00557	0.00172	0.00687	0.00560	0.04761	0.00760
15	0.11708	0.00551	0.00682	0.00684	0.00740	0.00564	0.00465	0.00831	0.00800	0.01209	0.01458	0.10015	0.05677	0.10377	0.01712	0.50846	0.00439	0.00625	0.00298	0.00322
16	0.00822	0.00801	0.00687	0.00670	0.00854	0.10589	0.00500	0.00966	0.01279	0.01486	0.10582	0.07357	0.59016	0.01246	0.00617	0.00176	0.00362	0.01033	0.00477	0.00479
17	0.01351	0.01394	0.01838	0.07955	0.26660	0.13677	0.08970	0.01781	0.10967	0.01644	0.01239	0.01725	0.01068	0.00662	0.00712	0.00179	0.10943	0.06202	0.00316	0.00720
18	0.01138	0.00880	0.00967	0.00908	0.01129	0.00962	0.00689	0.02058	0.43337	0.04849	0.08155	0.16567	0.06577	0.00953	0.00567	0.00182	0.00368	0.00818	0.08200	0.00697
19	0.40349	0.01364	0.01424	0.01134	0.01521	0.07547	0.10472	0.26064	0.01536	0.02552	0.00975	0.01091	0.00729	0.00545	0.00450	0.00164	0.00580	0.00402	0.00387	0.00712
20	0.22896	0.01038	0.01145	0.00966	0.01258	0.06846	0.05806	0.07495	0.01218	0.13453	0.01314	0.03082	0.01058	0.02920	0.17470	0.00316	0.00720	0.00482	0.05912	0.04607

[dist]
# distance from previous block
# <min> <max>
0	39

[block]
# block no. 3 follows, 45 sequences, length 15
# corresponding to MSA columns:
# 922-936
name=unknown_D
#
# <colnr> <probs for GDERKNQSTAVLIFYWHMCP>
#	G	D	E	R	K	N	Q	S	T	A	V	L	I	F	Y	W	H	M	C	P
0	0.16089	0.17881	0.01601	0.01069	0.01437	0.30961	0.00872	0.08628	0.01360	0.01750	0.00860	0.00982	0.00708	0.00509	0.00421	0.00131	0.00671	0.00333	0.00307	0.13429
1	0.01535	0.01456	0.01359	0.01185	0.01435	0.24536	0.04208	0.14214	0.04358	0.06470	0.13036	0.05510	0.01861	0.00843	0.00672	0.00175	0.07299	0.08758	0.00431	0.00659
2	0.01278	0.01298	0.01139	0.01061	0.01239	0.24423	0.00818	0.01656	0.12661	0.01492	0.01343	0.01670	0.01147	0.01936	0.30450	0.00426	0.06825	0.00496	0.08051	0.00589
3	0.13944	0.01237	0.02336	0.25401	0.02805	0.01284	0.41964	0.01593	0.01155	0.01720	0.00995	0.01355	0.00749	0.00485	0.00558	0.00178	0.00773	0.00534	0.00271	0.00664
4	0.00689	0.00487	0.00631	0.00712	0.00753	0.00459	0.00473	0.00792	0.01063	0.01436	0.13807	0.57634	0.03531	0.13707	0.00989	0.00257	0.00335	0.01330	0.00486	0.00430
5	0.01128	0.01369	0.13369	0.34459	0.12280	0.03765	0.01474	0.01452	0.01049	0.01446	0.00909	0.01311	0.00739	0.00709	0.02730	0.00204	0.20249	0.00461	0.00242	0.00655
6	0.00701	0.00518	0.00628	0.00655	0.00745	0.00474	0.00455	0.00839	0.01187	0.01581	0.26314	0.28417	0.20673	0.13196	0.00961	0.00239	0.00315	0.01155	0.00501	0.00445
7	0.01062	0.04644	0.12741	0.01646	0.24334	0.00963	0.02938	0.01339	0.01141	0.01621	0.07681	0.07797	0.05040	0.11120	0.00812	0.00200	0.00540	0.00625	0.00329	0.13426
8	0.00710	0.00508	0.00644	0.00731	0.00783	0.00482	0.00508	0.00810	0.01025	0.01344	0.02906	0.46661	0.09976	0.18157	0.01115	0.00282	0.00378	0.12095	0.00462	0.00423
9	0.22714	0.01510	0.01231	0.06161	0.07650	0.28281	0.00888	0.05568	0.01353	0.01875	0.12759	0.01679	0.04941	0.00657	0.00485	0.00157	0.00623	0.00490	0.00359	0.00619
10	0.01538	0.04393	0.32522	0.01235	0.04366	0.01021	0.01276	0.01923	0.01262	0.26567	0.01331	0.01352	0.00920	0.00535	0.00492	0.00148	0.00591	0.00426	0.00389	0.17711
11	0.01540	0.01309	0.01757	0.01646	0.13141	0.04457	0.09576	0.19610	0.13009	0.07375	0.01338	0.04093	0.01069	0.00703	0.00799	0.00183	0.16665	0.00549	0.00404	0.00779
12	0.01188	0.01128	0.01867	0.11346	0.57841	0.01141	0.01441	0.01483	0.01206	0.01665	0.01679	0.01925	0.12531	0.00619	0.00548	0.00165	0.00591	0.00578	0.00298	0.00762
13	0.19878	0.33141	0.08723	0.01102	0.01519	0.21652	0.04096	0.01752	0.01174	0.01585	0.00801	0.00940	0.00670	0.00496	0.00404	0.00140	0.00674	0.00327	0.00266	0.00659
14	0.01408	0.17648	0.01490	0.01042	0.01269	0.29240	0.00836	0.01571	0.01174	0.01367	0.01078	0.01424	0.00960	0.04613	0.15969	0.00296	0.06461	0.00426	0.11152	0.00577

[dist]
# distance from previous block
# <min> <max>
0	10

[block]
# block no. 4 follows, 45 sequences, length 7
# corresponding to MSA columns:
# 947-953
name=unknown_E
#
# <colnr> <probs for GDERKNQSTAVLIFYWHMCP>
#	G	D	E	R	K	N	Q	S	T	A	V	L	I	F	Y	W	H	M	C	P
0	0.00860	0.00637	0.00738	0.00717	0.00884	0.00609	0.00534	0.01225	0.12227	0.05395	0.25250	0.17592	0.28864	0.01216	0.00626	0.00184	0.00304	0.01051	0.00540	0.00545
1	0.00877	0.00727	0.01050	0.24340	0.01693	0.00852	0.00847	0.01052	0.00942	0.01258	0.01667	0.02665	0.07005	0.25747	0.15711	0.00416	0.08130	0.04238	0.00305	0.00476
2	0.00781	0.00520	0.00585	0.00585	0.00585	0.00520	0.00325	0.00781	0.00781	0.01041	0.01691	0.03513	0.01952	0.81135	0.02732	0.00520	0.00520	0.00781	0.00325	0.00325
3	0.13489	0.46059	0.01997	0.00887	0.01271	0.01692	0.00811	0.05641	0.11975	0.01754	0.01081	0.01162	0.00890	0.00530	0.00385	0.00135	0.00498	0.00365	0.08689	0.00689
4	0.84927	0.01038	0.00789	0.00706	0.01038	0.01204	0.00581	0.01578	0.00914	0.02408	0.00747	0.00872	0.00581	0.00498	0.00332	0.00166	0.00415	0.00291	0.00332	0.00581
5	0.00803	0.00513	0.00602	0.00602	0.00602	0.00513	0.00346	0.00769	0.00769	0.01025	0.01582	0.03241	0.01804	0.69666	0.02640	0.12654	0.00513	0.00735	0.00312	0.00312
6	0.01295	0.01150	0.01548	0.07924	0.17368	0.01231	0.01088	0.10442	0.09221	0.01876	0.01086	0.01310	0.00885	0.00596	0.00737	0.00155	0.16162	0.00444	0.00335	0.25147

[dist]
# distance from previous block
# <min> <max>
2	16

[block]
# block no. 5 follows, 45 sequences, length 35
# corresponding to MSA columns:
# 1045-1062,1064-1080
name=unknown_F
#
# <colnr> <probs for GDERKNQSTAVLIFYWHMCP>
#	G	D	E	R	K	N	Q	S	T	A	V	L	I	F	Y	W	H	M	C	P
0	0.07131	0.16345	0.01674	0.01202	0.01525	0.47876	0.00959	0.02049	0.01388	0.11441	0.00975	0.01061	0.00768	0.00559	0.00493	0.00142	0.03062	0.00361	0.00321	0.00669
1	0.00800	0.00615	0.00760	0.00750	0.00859	0.00640	0.00554	0.01049	0.07026	0.01481	0.13331	0.07088	0.17853	0.18700	0.18935	0.00413	0.03142	0.05106	0.00422	0.00477
2	0.04956	0.06597	0.11846	0.01083	0.01508	0.04930	0.00983	0.17336	0.07093	0.24125	0.01594	0.08181	0.01234	0.00690	0.00516	0.00162	0.00543	0.00549	0.00476	0.05596
3	0.01111	0.24717	0.42980	0.01192	0.01775	0.01358	0.01408	0.01529	0.01164	0.01595	0.08287	0.01673	0.07836	0.00624	0.00485	0.00155	0.00636	0.00483	0.00285	0.00708
4	0.00648	0.00520	0.00579	0.00616	0.00746	0.00451	0.00442	0.00777	0.01179	0.01466	0.08841	0.28932	0.50029	0.01446	0.00650	0.00192	0.00283	0.01247	0.00504	0.00451
5	0.01381	0.01379	0.08342	0.14799	0.19316	0.03307	0.01268	0.13269	0.27171	0.02088	0.01435	0.01543	0.01087	0.00603	0.00535	0.00171	0.00593	0.00512	0.00395	0.00806
6	0.01291	0.01284	0.02338	0.20327	0.15766	0.01339	0.32548	0.08466	0.05705	0.01816	0.01114	0.01434	0.00852	0.00523	0.00609	0.00176	0.02822	0.00551	0.00302	0.00737
7	0.01174	0.01174	0.01644	0.01409	0.01409	0.01644	0.01174	0.01292	0.00822	0.01292	0.00705	0.01174	0.00705	0.00940	0.01762	0.00235	0.80153	0.00470	0.00235	0.00587
8	0.00773	0.00517	0.00588	0.00596	0.00598	0.00515	0.00336	0.00779	0.00796	0.01061	0.01771	0.08358	0.02052	0.76153	0.02604	0.00501	0.00507	0.00827	0.00336	0.00332
9	0.01369	0.11230	0.26442	0.01688	0.08749	0.01342	0.20440	0.08415	0.01324	0.08226	0.01194	0.05040	0.00942	0.00567	0.00537	0.00166	0.00713	0.00525	0.00320	0.00772
10	0.01318	0.08539	0.17402	0.01914	0.27631	0.01351	0.01357	0.02092	0.26987	0.03909	0.01408	0.01491	0.01083	0.00573	0.00516	0.00166	0.00586	0.00490	0.00361	0.00826
11	0.01007	0.00937	0.01231	0.01124	0.01188	0.05281	0.00905	0.01164	0.00881	0.01269	0.01093	0.01649	0.01035	0.02524	0.41874	0.00556	0.34966	0.00518	0.00265	0.00533
12	0.00783	0.00534	0.00656	0.00656	0.00685	0.00560	0.00418	0.00841	0.00812	0.01121	0.01626	0.03100	0.01775	0.58540	0.22835	0.00600	0.00756	0.00719	0.02613	0.00371
13	0.09250	0.01801	0.01753	0.02179	0.35714	0.34594	0.01273	0.01842	0.01310	0.01610	0.00899	0.01127	0.00753	0.00527	0.00532	0.00153	0.03283	0.00404	0.00275	0.00720
14	0.00688	0.00532	0.00630	0.00653	0.00781	0.00474	0.00482	0.00855	0.01267	0.01647	0.25970	0.22097	0.35354	0.01362	0.00651	0.00189	0.00287	0.05088	0.00525	0.00467
15	0.01363	0.06035	0.01728	0.18287	0.12989	0.15850	0.07893	0.08103	0.01344	0.01674	0.01362	0.01572	0.07515	0.00583	0.00514	0.00151	0.00670	0.00493	0.00311	0.11565
16	0.00731	0.00535	0.00667	0.00734	0.00826	0.00501	0.00521	0.00917	0.04033	0.01524	0.07822	0.52598	0.12113	0.01457	0.00647	0.00201	0.00318	0.05531	0.04980	0.03344
17	0.06233	0.05910	0.11368	0.01486	0.08416	0.14832	0.11057	0.03901	0.12616	0.08454	0.03272	0.01405	0.01040	0.00571	0.00536	0.00159	0.02302	0.00473	0.00360	0.05608
18	0.01370	0.01490	0.08171	0.15599	0.08407	0.16685	0.01155	0.09364	0.15257	0.01857	0.06949	0.03939	0.01448	0.00709	0.00549	0.00172	0.00642	0.05152	0.00383	0.00702
19	0.10108	0.12985	0.04691	0.21355	0.21676	0.01292	0.01204	0.01466	0.01068	0.03239	0.01049	0.03696	0.00933	0.07642	0.00752	0.00197	0.05224	0.00484	0.00278	0.00660
20	0.01391	0.01914	0.27634	0.01992	0.23476	0.08303	0.07536	0.14173	0.01433	0.01951	0.01113	0.04591	0.00900	0.00572	0.00536	0.00166	0.00720	0.00497	0.00309	0.00793
21	0.00764	0.00635	0.00952	0.00861	0.01024	0.00579	0.09742	0.00970	0.01282	0.01718	0.30634	0.25653	0.20626	0.01243	0.00648	0.00187	0.00354	0.01123	0.00504	0.00501
22	0.02196	0.01312	0.01345	0.01083	0.01466	0.14969	0.00872	0.13066	0.07834	0.47464	0.01774	0.01610	0.01180	0.00647	0.00530	0.00162	0.00565	0.00502	0.00567	0.00856
23	0.01325	0.01120	0.01341	0.01166	0.01360	0.01376	0.00940	0.08689	0.34046	0.04037	0.01533	0.01656	0.01216	0.00957	0.05036	0.00230	0.27796	0.00540	0.04906	0.00729
24	0.01215	0.01112	0.01761	0.15477	0.31180	0.01181	0.07809	0.04577	0.14988	0.01772	0.01435	0.09869	0.01257	0.00707	0.00608	0.02749	0.00594	0.00625	0.00347	0.00735
25	0.84927	0.01038	0.00789	0.00706	0.01038	0.01204	0.00581	0.01578	0.00914	0.02408	0.00747	0.00872	0.00581	0.00498	0.00332	0.00166	0.00415	0.00291	0.00332	0.00581
26	0.01005	0.00579	0.00793	0.03151	0.00878	0.00592	0.00541	0.07339	0.00919	0.01208	0.01376	0.01918	0.07925	0.01671	0.01779	0.66721	0.00467	0.00529	0.00284	0.00324
27	0.01548	0.01796	0.01589	0.01397	0.01522	0.36383	0.01113	0.01674	0.01136	0.01302	0.00761	0.01082	0.00699	0.00766	0.01188	0.00191	0.44583	0.00414	0.00254	0.00603
28	0.00932	0.00466	0.00699	0.00699	0.00699	0.00466	0.00466	0.00699	0.00699	0.00932	0.00932	0.01632	0.00932	0.01865	0.02098	0.84382	0.00466	0.00466	0.00233	0.00233
29	0.84927	0.01038	0.00789	0.00706	0.01038	0.01204	0.00581	0.01578	0.00914	0.02408	0.00747	0.00872	0.00581	0.00498	0.00332	0.00166	0.00415	0.00291	0.00332	0.00581
30	0.01310	0.27537	0.30396	0.01211	0.01737	0.08345	0.01298	0.01901	0.15289	0.01644	0.03734	0.01293	0.01013	0.00558	0.00466	0.00152	0.00651	0.00416	0.00304	0.00746
31	0.00902	0.00574	0.00767	0.00742	0.00844	0.00579	0.00536	0.01054	0.01086	0.08195	0.21398	0.10116	0.02660	0.22126	0.25507	0.00477	0.00712	0.00813	0.00428	0.00482
32	0.06629	0.04612	0.13006	0.01900	0.29209	0.06882	0.01276	0.11801	0.05958	0.01969	0.01484	0.01620	0.07600	0.00609	0.00511	0.00161	0.00605	0.00504	0.02900	0.00765
33	0.00748	0.00538	0.00659	0.00719	0.00790	0.00515	0.00519	0.00857	0.01033	0.01335	0.02946	0.21867	0.16155	0.28324	0.01380	0.00321	0.00422	0.20018	0.00439	0.00417
34	0.01190	0.23044	0.47307	0.01402	0.02022	0.01518	0.05921	0.01640	0.01102	0.01550	0.00890	0.01084	0.00692	0.00533	0.00588	0.00162	0.07992	0.00389	0.00231	0.00743

[dist]
# distance from previous block
# <min> <max>
0	35

[block]
# block no. 6 follows, 45 sequences, length 34
# corresponding to MSA columns:
# 1116-1149
name=unknown_G
#
# <colnr> <probs for GDERKNQSTAVLIFYWHMCP>
#	G	D	E	R	K	N	Q	S	T	A	V	L	I	F	Y	W	H	M	C	P
0	0.00961	0.00981	0.00798	0.00765	0.00952	0.17484	0.00575	0.01121	0.01341	0.01557	0.18122	0.05707	0.43772	0.01144	0.00605	0.00172	0.00425	0.02550	0.00468	0.00501
1	0.05565	0.52049	0.11635	0.01076	0.01533	0.17496	0.01055	0.01725	0.01174	0.01382	0.00790	0.00916	0.00683	0.00486	0.00392	0.00129	0.00673	0.00312	0.00244	0.00683
2	0.29603	0.12355	0.10012	0.01362	0.11806	0.19745	0.01054	0.05355	0.01225	0.01878	0.00852	0.01004	0.00685	0.00512	0.00426	0.00152	0.00647	0.00350	0.00295	0.00681
3	0.01351	0.04497	0.01759	0.02351	0.48241	0.11273	0.01266	0.01625	0.01235	0.01730	0.01135	0.01407	0.00936	0.00519	0.00484	0.00148	0.00595	0.00458	0.18252	0.00739
4	0.01124	0.00774	0.00968	0.00831	0.01092	0.00738	0.00654	0.04651	0.06536	0.10996	0.14141	0.02409	0.09077	0.01710	0.23051	0.00350	0.00678	0.00629	0.00438	0.19155
5	0.12783	0.00858	0.01080	0.00911	0.01240	0.00803	0.00745	0.02126	0.03384	0.49641	0.02109	0.09734	0.01665	0.00841	0.00551	0.00181	0.00441	0.09553	0.00581	0.00772
6	0.00760	0.00538	0.00645	0.00688	0.00746	0.00520	0.00478	0.00847	0.00978	0.01268	0.02666	0.14626	0.13625	0.41436	0.01716	0.00371	0.00450	0.16837	0.00411	0.00396
7	0.01369	0.24146	0.18361	0.01153	0.01568	0.14988	0.01125	0.08742	0.02498	0.01582	0.01033	0.01269	0.00866	0.01282	0.17473	0.00298	0.00877	0.00407	0.00284	0.00679
8	0.00666	0.00540	0.00592	0.00589	0.00747	0.00465	0.00438	0.00828	0.01283	0.01617	0.22970	0.09785	0.54970	0.01316	0.00637	0.00181	0.00270	0.01119	0.00521	0.00465
9	0.01370	0.23949	0.01713	0.00991	0.01384	0.15247	0.00836	0.01560	0.01154	0.01493	0.00851	0.01022	0.00738	0.00492	0.00522	0.00114	0.07772	0.00328	0.00278	0.38187
10	0.01886	0.01062	0.01256	0.01030	0.01392	0.01092	0.00829	0.11560	0.30423	0.36930	0.05148	0.01919	0.01550	0.00704	0.00546	0.00172	0.00452	0.00576	0.00601	0.00872
11	0.01452	0.01608	0.01916	0.01806	0.14686	0.25095	0.20364	0.01915	0.12229	0.01729	0.10441	0.01671	0.01418	0.00606	0.00558	0.00163	0.00731	0.00556	0.00350	0.00706
12	0.01767	0.15006	0.08865	0.01370	0.01784	0.33897	0.08217	0.19369	0.01628	0.01866	0.00961	0.01087	0.00754	0.00546	0.00490	0.00147	0.00794	0.00401	0.00325	0.00727
13	0.00653	0.00545	0.00570	0.00563	0.00736	0.00461	0.00422	0.00806	0.01267	0.01554	0.16125	0.04994	0.66817	0.01321	0.00634	0.00179	0.00269	0.01109	0.00512	0.00461
14	0.01929	0.01729	0.01355	0.01167	0.01481	0.37158	0.00905	0.13229	0.04503	0.19755	0.03135	0.05383	0.04501	0.00701	0.00527	0.00156	0.00693	0.00527	0.00444	0.00724
15	0.01267	0.01448	0.03167	0.02262	0.02805	0.01357	0.75837	0.01719	0.01267	0.01719	0.01086	0.01448	0.00814	0.00452	0.00633	0.00181	0.00905	0.00633	0.00271	0.00724
16	0.00854	0.00558	0.00701	0.00693	0.00831	0.00501	0.00509	0.01032	0.01316	0.08793	0.33534	0.26092	0.19997	0.01282	0.00640	0.00185	0.00293	0.01125	0.00551	0.00512
17	0.01760	0.01504	0.01309	0.01146	0.01466	0.23499	0.00890	0.02598	0.38895	0.18429	0.01781	0.01668	0.01300	0.00664	0.00527	0.00166	0.00588	0.00517	0.00494	0.00798
18	0.00869	0.00678	0.00810	0.00792	0.00955	0.00684	0.00610	0.01362	0.17551	0.01938	0.35557	0.11288	0.13626	0.01156	0.00633	0.00188	0.00327	0.09865	0.00548	0.00565
19	0.01157	0.01096	0.01703	0.01216	0.01712	0.00900	0.22217	0.01457	0.01157	0.01741	0.00992	0.01209	0.00801	0.00413	0.00465	0.00109	0.00543	0.00409	0.00305	0.60399
20	0.01617	0.01131	0.01231	0.00997	0.01340	0.01192	0.00806	0.39980	0.08476	0.10973	0.02607	0.03775	0.21794	0.00864	0.00567	0.00170	0.00471	0.00693	0.00541	0.00775
21	0.01319	0.01265	0.02161	0.05677	0.75481	0.01273	0.01643	0.01639	0.01218	0.01742	0.01008	0.01332	0.00846	0.00480	0.00532	0.00160	0.00640	0.00478	0.00265	0.00842
22	0.05075	0.01526	0.01348	0.01170	0.01496	0.18057	0.00916	0.18498	0.41440	0.02299	0.01641	0.01579	0.01235	0.00663	0.00522	0.00167	0.00577	0.00511	0.00478	0.00804
23	0.01357	0.64408	0.19183	0.01051	0.01583	0.01934	0.01149	0.01627	0.01100	0.01358	0.00793	0.00920	0.00687	0.00470	0.00380	0.00127	0.00622	0.00311	0.00229	0.00711
24	0.00668	0.00503	0.00623	0.00712	0.00795	0.00458	0.00507	0.00789	0.01104	0.01416	0.03659	0.51973	0.24748	0.01570	0.00676	0.00210	0.00317	0.08326	0.00498	0.00446
25	0.02051	0.00834	0.01131	0.00894	0.01247	0.00728	0.00728	0.02269	0.01533	0.61688	0.18454	0.02300	0.02138	0.00758	0.00560	0.00167	0.00413	0.00633	0.00648	0.00825
26	0.00704	0.00543	0.00652	0.00698	0.00827	0.00491	0.00536	0.00871	0.01227	0.01569	0.15056	0.21563	0.35534	0.01416	0.00667	0.00201	0.00323	0.16142	0.00511	0.00466
27	0.01077	0.02777	0.78354	0.01530	0.02323	0.01247	0.01983	0.01700	0.01133	0.01700	0.00963	0.01133	0.00680	0.00510	0.00510	0.00170	0.00793	0.00397	0.00227	0.00793
28	0.00694	0.00487	0.00608	0.00688	0.00715	0.00464	0.00439	0.00759	0.00956	0.01268	0.02650	0.53141	0.05927	0.27060	0.01337	0.00313	0.00377	0.01272	0.00443	0.00401
29	0.01339	0.01290	0.01704	0.03885	0.43228	0.10586	0.01257	0.08619	0.01416	0.01869	0.10896	0.01963	0.08303	0.00661	0.00548	0.00161	0.00594	0.00583	0.00354	0.00745
30	0.09508	0.01894	0.11172	0.01490	0.01932	0.26975	0.19960	0.08519	0.03750	0.01817	0.00996	0.01173	0.00768	0.00519	0.00510	0.00154	0.00782	0.00438	0.00310	0.07333
31	0.11549	0.28951	0.27066	0.01149	0.01673	0.08261	0.01226	0.01826	0.07301	0.04992	0.01002	0.01096	0.00778	0.00520	0.00434	0.00149	0.00644	0.00366	0.00290	0.00727
32	0.01212	0.22825	0.23724	0.01370	0.09830	0.04781	0.01243	0.01660	0.08380	0.01650	0.10396	0.04790	0.01445	0.00653	0.00543	0.00158	0.03794	0.00514	0.00320	0.00712
33	0.08271	0.05118	0.01392	0.01175	0.01484	0.40279	0.00912	0.03246	0.17589	0.07036	0.01264	0.01372	0.00998	0.00656	0.01647	0.00162	0.00723	0.01949	0.00374	0.04354

[dist]
# distance from previous block
# <min> <max>
0	2

[block]
# block no. 7 follows, 45 sequences, length 15
# corresponding to MSA columns:
# 1152-1166
name=unknown_H
#
# <colnr> <probs for GDERKNQSTAVLIFYWHMCP>
#	G	D	E	R	K	N	Q	S	T	A	V	L	I	F	Y	W	H	M	C	P
0	0.11794	0.20687	0.06169	0.04251	0.17668	0.10165	0.04575	0.03785	0.01191	0.01648	0.01129	0.07619	0.01049	0.00727	0.02829	0.00178	0.00648	0.02910	0.00298	0.00680
1	0.08173	0.01468	0.12692	0.01363	0.01784	0.07008	0.19021	0.03576	0.20002	0.06105	0.01766	0.01840	0.07991	0.00790	0.03861	0.00203	0.00668	0.00578	0.00387	0.00726
2	0.01825	0.10321	0.01744	0.01320	0.01671	0.38876	0.06546	0.14804	0.11432	0.04703	0.01143	0.01214	0.00885	0.00578	0.00500	0.00150	0.00768	0.00426	0.00366	0.00727
3	0.12040	0.08443	0.46924	0.01206	0.01792	0.01208	0.01428	0.04372	0.01169	0.01875	0.04254	0.01307	0.00943	0.00548	0.00464	0.00159	0.00632	0.00414	0.10106	0.00715
4	0.01435	0.81458	0.02813	0.00918	0.01378	0.02124	0.00918	0.01607	0.01091	0.01263	0.00746	0.00861	0.00689	0.00459	0.00344	0.00115	0.00574	0.00287	0.00230	0.00689
5	0.01032	0.07670	0.18235	0.01305	0.05824	0.01006	0.11777	0.03108	0.01161	0.01583	0.06398	0.06324	0.03343	0.15594	0.00982	0.00246	0.00612	0.12848	0.00346	0.00604
6	0.00654	0.00467	0.00623	0.00747	0.00779	0.00436	0.00498	0.00747	0.01028	0.01370	0.02959	0.80785	0.03550	0.01682	0.00685	0.00218	0.00311	0.01526	0.00498	0.00436
7	0.01264	0.00831	0.01006	0.00912	0.01125	0.00843	0.00715	0.21346	0.01626	0.10270	0.20008	0.24067	0.02907	0.01133	0.00624	0.00189	0.00410	0.09539	0.00548	0.00639
8	0.01077	0.02777	0.78354	0.01530	0.02323	0.01247	0.01983	0.01700	0.01133	0.01700	0.00963	0.01133	0.00680	0.00510	0.00510	0.00170	0.00793	0.00397	0.00227	0.00793
9	0.00650	0.00544	0.00566	0.00560	0.00735	0.00460	0.00420	0.00801	0.01261	0.01539	0.14573	0.05019	0.68378	0.01326	0.00634	0.00180	0.00270	0.01112	0.00510	0.00460
10	0.01014	0.00954	0.01610	0.79845	0.03697	0.01193	0.01491	0.01371	0.01073	0.01371	0.00954	0.01431	0.00716	0.00537	0.00537	0.00179	0.00716	0.00477	0.00239	0.00596
11	0.00753	0.00509	0.00593	0.00620	0.00627	0.00502	0.00362	0.00773	0.00834	0.01112	0.01963	0.20095	0.02295	0.64085	0.02293	0.00456	0.00476	0.00941	0.00362	0.00349
12	0.00837	0.00536	0.00669	0.00669	0.00741	0.00573	0.00473	0.00981	0.00909	0.01388	0.01610	0.02547	0.01555	0.28795	0.31643	0.00543	0.00801	0.00623	0.23675	0.00434
13	0.00881	0.00782	0.01357	0.01144	0.01366	0.00778	0.18739	0.01145	0.01149	0.01571	0.14667	0.03018	0.10851	0.02112	0.30095	0.00442	0.00882	0.08102	0.00380	0.00541
14	0.01113	0.00954	0.01113	0.00795	0.01272	0.00716	0.00636	0.01352	0.01113	0.01749	0.00954	0.01113	0.00795	0.00398	0.00398	0.00080	0.00398	0.00318	0.00318	0.84417

[dist]
# distance from previous block
# <min> <max>
5	10

[block]
# block no. 8 follows, 45 sequences, length 9
# corresponding to MSA columns:
# 1177-1185
name=unknown_I
#
# <colnr> <probs for GDERKNQSTAVLIFYWHMCP>
#	G	D	E	R	K	N	Q	S	T	A	V	L	I	F	Y	W	H	M	C	P
0	0.01440	0.12179	0.25074	0.01258	0.01690	0.27227	0.01226	0.07408	0.01348	0.01594	0.01229	0.13525	0.01152	0.00712	0.00510	0.00159	0.00733	0.00549	0.00310	0.00676
1	0.08989	0.01197	0.01707	0.01378	0.03700	0.01251	0.19712	0.27409	0.06136	0.02337	0.03915	0.12019	0.03730	0.00860	0.03002	0.00198	0.00615	0.00686	0.00433	0.00727
2	0.01513	0.01472	0.01655	0.01614	0.14013	0.17895	0.06536	0.13305	0.03687	0.04078	0.01195	0.07784	0.01055	0.00697	0.00728	0.00167	0.13421	0.00538	0.00350	0.08297
3	0.00971	0.00562	0.00713	0.00718	0.00816	0.00521	0.00491	0.01071	0.01087	0.13365	0.08353	0.36794	0.07001	0.23569	0.01225	0.00288	0.00386	0.01100	0.00483	0.00486
4	0.01169	0.02130	0.41737	0.01887	0.02558	0.01301	0.37951	0.01709	0.01198	0.01709	0.01023	0.01287	0.00745	0.00482	0.00570	0.00175	0.00848	0.00512	0.00248	0.00760
5	0.01506	0.21067	0.01991	0.01582	0.14890	0.20365	0.07817	0.10142	0.01390	0.01659	0.01199	0.11681	0.01135	0.00668	0.00505	0.00153	0.00678	0.00553	0.00322	0.00696
6	0.00676	0.00478	0.00624	0.00724	0.00757	0.00450	0.00478	0.00767	0.01027	0.01377	0.07234	0.66904	0.03447	0.11230	0.00929	0.00252	0.00333	0.01403	0.00483	0.00427
7	0.01237	0.01182	0.02014	0.25441	0.56352	0.01251	0.01602	0.01568	0.01179	0.01643	0.00994	0.01358	0.00811	0.00495	0.00533	0.00165	0.00660	0.00478	0.00258	0.00777
8	0.01670	0.02048	0.11133	0.01651	0.02099	0.31716	0.24653	0.15030	0.01573	0.01853	0.01007	0.01195	0.00768	0.00533	0.00543	0.00159	0.00861	0.00467	0.00315	0.00726

[dist]
# distance from previous block
# <min> <max>
0	14

[block]
# block no. 9 follows, 45 sequences, length 11
# corresponding to MSA columns:
# 1206-1216
name=unknown_J
#
# <colnr> <probs for GDERKNQSTAVLIFYWHMCP>
#	G	D	E	R	K	N	Q	S	T	A	V	L	I	F	Y	W	H	M	C	P
0	0.01414	0.30206	0.07008	0.01618	0.16609	0.09319	0.07452	0.01931	0.16228	0.01626	0.01135	0.01257	0.00920	0.00528	0.00470	0.00148	0.00638	0.00430	0.00308	0.00755
1	0.00679	0.00478	0.00615	0.00715	0.00740	0.00453	0.00464	0.00754	0.00979	0.01305	0.02707	0.65426	0.03233	0.17474	0.01092	0.00278	0.00353	0.01378	0.00464	0.00414
2	0.00732	0.00541	0.00691	0.00762	0.00835	0.00526	0.00530	0.00977	0.07523	0.01598	0.17546	0.59042	0.03687	0.01486	0.00663	0.00205	0.00310	0.01339	0.00521	0.00485
3	0.01047	0.06316	0.29870	0.03889	0.18527	0.01081	0.01368	0.01462	0.04062	0.01644	0.05329	0.19890	0.01645	0.00812	0.00554	0.00176	0.00590	0.00711	0.00330	0.00699
4	0.01236	0.01197	0.01835	0.06534	0.55752	0.05995	0.01399	0.01506	0.01199	0.01640	0.01339	0.15319	0.01310	0.00698	0.00556	0.00169	0.00605	0.00655	0.00306	0.00750
5	0.01536	0.01038	0.01192	0.00976	0.01277	0.01089	0.00782	0.31925	0.08849	0.11943	0.30330	0.02450	0.02602	0.00826	0.00575	0.00167	0.00431	0.00686	0.00574	0.00753
6	0.53530	0.01614	0.01066	0.00962	0.01273	0.30653	0.00754	0.01792	0.01144	0.01994	0.00779	0.00908	0.00623	0.00519	0.00390	0.00156	0.00625	0.00312	0.00311	0.00597
7	0.00738	0.00582	0.00675	0.00695	0.00833	0.00546	0.00513	0.01014	0.07954	0.01646	0.18529	0.24654	0.33279	0.01343	0.00645	0.00192	0.00303	0.04841	0.00521	0.00496
8	0.46802	0.18111	0.01350	0.00827	0.01207	0.01341	0.00716	0.05540	0.01155	0.17104	0.01044	0.01078	0.00768	0.00530	0.00386	0.00155	0.00466	0.00349	0.00386	0.00686
9	0.01382	0.32343	0.36222	0.01246	0.01849	0.01653	0.01410	0.14763	0.01362	0.01831	0.00939	0.01058	0.00724	0.00514	0.00452	0.00148	0.00675	0.00370	0.00282	0.00775
10	0.01533	0.01090	0.01225	0.01049	0.01345	0.01178	0.00832	0.30894	0.20043	0.09250	0.05745	0.16002	0.01910	0.00915	0.00581	0.00181	0.00467	0.04440	0.00544	0.00772

[dist]
# distance from previous block
# <min> <max>
0	1

[block]
# block no. 10 follows, 45 sequences, length 91
# corresponding to MSA columns:
# 1218-1279,1285-1313
name=unknown_K
#
# <colnr> <probs for GDERKNQSTAVLIFYWHMCP>
#	G	D	E	R	K	N	Q	S	T	A	V	L	I	F	Y	W	H	M	C	P
0	0.01457	0.01317	0.02077	0.02924	0.64076	0.01346	0.01534	0.15039	0.01457	0.02047	0.01060	0.01321	0.00862	0.00508	0.00532	0.00160	0.00629	0.00479	0.00315	0.00862
1	0.01556	0.01154	0.01302	0.01113	0.01423	0.01256	0.00925	0.43394	0.07965	0.02697	0.07318	0.02903	0.01892	0.00923	0.00603	0.00188	0.00526	0.21573	0.00529	0.00759
2	0.01191	0.24335	0.52918	0.01335	0.02007	0.01493	0.01622	0.01744	0.05678	0.01613	0.00977	0.01111	0.00740	0.00509	0.00467	0.00156	0.00711	0.00379	0.00247	0.00768
3	0.01495	0.01132	0.01406	0.01540	0.20647	0.01210	0.00984	0.28348	0.10331	0.02462	0.01447	0.01575	0.01107	0.00607	0.00492	0.00153	0.00491	0.00501	0.23296	0.00777
4	0.00680	0.00542	0.00610	0.00601	0.00755	0.00471	0.00448	0.00856	0.01319	0.01697	0.31010	0.08640	0.47908	0.01283	0.00637	0.00179	0.00267	0.01095	0.00531	0.00471
5	0.02118	0.00847	0.01110	0.00878	0.01237	0.00756	0.00717	0.02378	0.04061	0.61821	0.02054	0.01864	0.01348	0.00660	0.00510	0.00159	0.00418	0.00535	0.15691	0.00837
6	0.01237	0.00941	0.01166	0.15170	0.01626	0.01031	0.00865	0.28753	0.01582	0.02106	0.01936	0.34454	0.02009	0.03735	0.00672	0.00200	0.00495	0.00926	0.00460	0.00638
7	0.00702	0.00470	0.00632	0.00731	0.00755	0.00445	0.00483	0.00742	0.00965	0.01287	0.02589	0.64657	0.03075	0.06492	0.01013	0.12438	0.00346	0.01327	0.00449	0.00400
8	0.01809	0.01698	0.01391	0.01211	0.01529	0.30886	0.00952	0.17644	0.19636	0.09631	0.01524	0.01740	0.01202	0.00693	0.00534	0.00164	0.00675	0.05873	0.00449	0.00756
9	0.01646	0.52213	0.02334	0.01091	0.01482	0.30612	0.00962	0.01806	0.01250	0.01282	0.00777	0.00901	0.00690	0.00494	0.00396	0.00124	0.00720	0.00309	0.00247	0.00664
10	0.00682	0.00546	0.00609	0.00593	0.00754	0.00473	0.00445	0.00862	0.01335	0.01714	0.32523	0.04731	0.50319	0.01261	0.00634	0.00177	0.00265	0.01072	0.00533	0.00473
11	0.01124	0.00994	0.01209	0.00906	0.01297	0.00883	0.00733	0.01341	0.01061	0.01667	0.00909	0.01124	0.00779	0.00495	0.00643	0.00107	0.14763	0.00345	0.00303	0.69317
12	0.00737	0.00530	0.00682	0.00777	0.00832	0.00510	0.00530	0.05278	0.01118	0.01491	0.02858	0.75999	0.03392	0.01619	0.00676	0.00215	0.00328	0.01463	0.00501	0.00465
13	0.00648	0.00492	0.00598	0.00682	0.00761	0.00442	0.00469	0.00755	0.01090	0.01396	0.03753	0.56541	0.27281	0.01578	0.00669	0.00206	0.00299	0.01400	0.00498	0.00442
14	0.00760	0.00549	0.00718	0.00675	0.00802	0.00506	0.00506	0.01013	0.01519	0.02153	0.77503	0.04010	0.05065	0.01097	0.00633	0.00169	0.00253	0.00971	0.00591	0.00506
15	0.01113	0.00954	0.01113	0.00795	0.01272	0.00716	0.00636	0.01352	0.01113	0.01749	0.00954	0.01113	0.00795	0.00398	0.00398	0.00080	0.00398	0.00318	0.00318	0.84417
16	0.01014	0.00954	0.01610	0.79845	0.03697	0.01193	0.01491	0.01371	0.01073	0.01371	0.00954	0.01431	0.00716	0.00537	0.00537	0.00179	0.00716	0.00477	0.00239	0.00596
17	0.84927	0.01038	0.00789	0.00706	0.01038	0.01204	0.00581	0.01578	0.00914	0.02408	0.00747	0.00872	0.00581	0.00498	0.00332	0.00166	0.00415	0.00291	0.00332	0.00581
18	0.01014	0.00954	0.01610	0.79845	0.03697	0.01193	0.01491	0.01371	0.01073	0.01371	0.00954	0.01431	0.00716	0.00537	0.00537	0.00179	0.00716	0.00477	0.00239	0.00596
19	0.00769	0.00566	0.00814	0.00814	0.00893	0.00645	0.00611	0.00927	0.00848	0.01210	0.01482	0.02354	0.01449	0.17510	0.65669	0.00803	0.01277	0.00611	0.00294	0.00452
20	0.01107	0.09394	0.72000	0.01479	0.02244	0.01320	0.01894	0.01692	0.01130	0.01663	0.00945	0.01110	0.00681	0.00506	0.00496	0.00165	0.00775	0.00387	0.00227	0.00785
21	0.00638	0.00539	0.00552	0.00559	0.00730	0.00453	0.00415	0.00774	0.01217	0.01459	0.06691	0.09696	0.71701	0.01374	0.00637	0.00183	0.00274	0.01153	0.00500	0.00453
22	0.01170	0.23327	0.58624	0.01370	0.02076	0.01476	0.01705	0.01676	0.01122	0.01586	0.00907	0.01062	0.00682	0.00497	0.00467	0.00156	0.00736	0.00368	0.00227	0.00766
23	0.00768	0.00559	0.00692	0.00730	0.00831	0.00531	0.00556	0.00925	0.01161	0.01521	0.16532	0.08712	0.18155	0.21172	0.01192	0.00286	0.00403	0.24361	0.00471	0.00443
24	0.22858	0.00797	0.00879	0.00849	0.01038	0.00904	0.00656	0.03873	0.12716	0.01798	0.01642	0.15913	0.01573	0.02059	0.29598	0.00436	0.00783	0.00674	0.00386	0.00570
25	0.01258	0.01025	0.01408	0.30778	0.07793	0.01140	0.01102	0.18027	0.06033	0.03551	0.15058	0.02004	0.04046	0.00692	0.00552	0.00168	0.00551	0.00591	0.00408	0.03814
26	0.01400	0.01413	0.01813	0.29615	0.31697	0.15275	0.01430	0.07893	0.01333	0.01677	0.00981	0.01296	0.00780	0.00526	0.00525	0.00163	0.00721	0.00454	0.00281	0.00725
27	0.06751	0.01140	0.01292	0.01059	0.01372	0.01266	0.00861	0.25343	0.16921	0.17733	0.01587	0.01580	0.01149	0.00688	0.00650	0.00171	0.09606	0.00508	0.09524	0.00798
28	0.00711	0.00517	0.00607	0.00654	0.00718	0.00485	0.00438	0.00792	0.01000	0.01285	0.03096	0.27963	0.21299	0.31038	0.01435	0.00323	0.00392	0.06409	0.00434	0.00403
29	0.01329	0.01275	0.02179	0.03295	0.77787	0.01275	0.01647	0.01647	0.01222	0.01754	0.01010	0.01329	0.00850	0.00478	0.00531	0.00159	0.00638	0.00478	0.00266	0.00850
30	0.00691	0.00485	0.00621	0.00709	0.00734	0.00466	0.00459	0.00763	0.00958	0.01280	0.02577	0.57984	0.03059	0.22511	0.03827	0.00318	0.00404	0.01300	0.00446	0.00409
31	0.01174	0.01174	0.01644	0.01409	0.01409	0.01644	0.01174	0.01292	0.00822	0.01292	0.00705	0.01174	0.00705	0.00940	0.01762	0.00235	0.80153	0.00470	0.00235	0.00587
32	0.84927	0.01038	0.00789	0.00706	0.01038	0.01204	0.00581	0.01578	0.00914	0.02408	0.00747	0.00872	0.00581	0.00498	0.00332	0.00166	0.00415	0.00291	0.00332	0.00581
33	0.01329	0.01275	0.02179	0.03295	0.77787	0.01275	0.01647	0.01647	0.01222	0.01754	0.01010	0.01329	0.00850	0.00478	0.00531	0.00159	0.00638	0.00478	0.00266	0.00850
34	0.02041	0.01504	0.01611	0.01235	0.01665	0.01665	0.01020	0.75997	0.02524	0.03383	0.01289	0.01289	0.00913	0.00644	0.00537	0.00161	0.00591	0.00483	0.00537	0.00913
35	0.00769	0.00565	0.00813	0.00813	0.00891	0.00644	0.00609	0.00926	0.00848	0.01209	0.01483	0.02362	0.01452	0.17915	0.65269	0.00801	0.01273	0.00612	0.00294	0.00452
36	0.01435	0.81458	0.02813	0.00918	0.01378	0.02124	0.00918	0.01607	0.01091	0.01263	0.00746	0.00861	0.00689	0.00459	0.00344	0.00115	0.00574	0.00287	0.00230	0.00689
37	0.00773	0.00552	0.00743	0.00743	0.00798	0.00606	0.00522	0.00882	0.00827	0.01158	0.01547	0.02714	0.01605	0.37250	0.46143	0.00715	0.01043	0.00664	0.00304	0.00413
38	0.01472	0.01371	0.01281	0.01142	0.01449	0.12236	0.00886	0.07157	0.61792	0.02183	0.01941	0.01815	0.01462	0.00699	0.00537	0.00175	0.00511	0.00563	0.00508	0.00822
39	0.00679	0.00547	0.00610	0.00628	0.00784	0.00478	0.00480	0.00841	0.01251	0.01558	0.14749	0.10659	0.53747	0.01362	0.00650	0.00190	0.00298	0.09515	0.00511	0.00464
40	0.00991	0.00989	0.01957	0.01526	0.01823	0.00930	0.40106	0.01263	0.01125	0.01516	0.01828	0.30194	0.01928	0.10146	0.00893	0.00233	0.00648	0.00971	0.00359	0.00575
41	0.00771	0.00559	0.00781	0.00781	0.00848	0.00626	0.00569	0.00906	0.00838	0.01185	0.01513	0.02524	0.01522	0.26835	0.56446	0.00761	0.01166	0.00636	0.00299	0.00434
42	0.01392	0.01199	0.01539	0.04026	0.01681	0.01322	0.11747	0.16222	0.42925	0.02298	0.03603	0.06558	0.01545	0.00732	0.00567	0.00180	0.00525	0.00647	0.00492	0.00802
43	0.01975	0.02183	0.01527	0.01325	0.01645	0.53025	0.01021	0.22513	0.06331	0.01939	0.01038	0.01119	0.00809	0.00589	0.00502	0.00147	0.00831	0.00399	0.00364	0.00716
44	0.00645	0.00544	0.00558	0.00554	0.00731	0.00457	0.00416	0.00790	0.01247	0.01507	0.11257	0.05073	0.71714	0.01338	0.00634	0.00180	0.00270	0.01120	0.00506	0.00457
45	0.01916	0.02097	0.01478	0.01284	0.01594	0.50426	0.00989	0.23813	0.01789	0.01931	0.01227	0.03698	0.04120	0.00649	0.00512	0.00149	0.00807	0.00456	0.00370	0.00695
