[name]
unknown

[dist]
# distance from previous block
# <min> <max>
2	50

[block]
# block no. 0 follows, 43 sequences, length 55
# corresponding to MSA columns:
# 50-104
name=unknown_A
#
# <colnr> <probs for GDERKNQSTAVLIFYWHMCP>
#	G	D	E	R	K	N	Q	S	T	A	V	L	I	F	Y	W	H	M	C	P
0	0.04034	0.02668	0.07160	0.01487	0.15720	0.06586	0.01049	0.08916	0.06536	0.16491	0.01748	0.09734	0.04675	0.00732	0.00543	0.00164	0.00551	0.00613	0.00441	0.10152
1	0.12798	0.11048	0.14258	0.01428	0.09511	0.02531	0.07562	0.07373	0.03343	0.17255	0.03935	0.01430	0.01063	0.00576	0.00503	0.00163	0.00605	0.00470	0.00398	0.03750
2	0.01714	0.05930	0.10939	0.01103	0.01511	0.10579	0.00986	0.12879	0.10069	0.21891	0.04870	0.02117	0.11484	0.00757	0.00552	0.00169	0.00569	0.00597	0.00495	0.00790
3	0.04687	0.04024	0.06449	0.01262	0.09985	0.01078	0.00950	0.11195	0.11578	0.18483	0.18610	0.02316	0.05441	0.00777	0.00565	0.00172	0.00476	0.00649	0.00521	0.00781
4	0.10023	0.03352	0.24827	0.01335	0.08144	0.02560	0.01227	0.01944	0.09076	0.15655	0.01540	0.01597	0.03884	0.00629	0.00553	0.00170	0.03439	0.00488	0.06341	0.03216
5	0.01558	0.06878	0.05305	0.02673	0.17787	0.14197	0.01148	0.13251	0.14916	0.03189	0.03871	0.01498	0.01152	0.00667	0.01788	0.00170	0.01711	0.00488	0.01815	0.05938
6	0.01505	0.11806	0.11364	0.01698	0.16732	0.15429	0.06034	0.07969	0.05793	0.04728	0.08154	0.01649	0.03496	0.00629	0.00533	0.00161	0.00679	0.00520	0.00360	0.00761
7	0.06801	0.19076	0.11199	0.03859	0.01440	0.01257	0.00957	0.11514	0.03886	0.01933	0.08244	0.13035	0.04660	0.00875	0.00536	0.00173	0.00516	0.06063	0.03308	0.00667
8	0.09293	0.06437	0.02807	0.01245	0.12311	0.01056	0.00878	0.09308	0.01367	0.06828	0.07919	0.01645	0.04454	0.00588	0.00478	0.00134	0.00474	0.00476	0.00393	0.31909
9	0.04559	0.01192	0.03888	0.05776	0.05632	0.10957	0.00887	0.12932	0.02508	0.09448	0.08412	0.07860	0.07270	0.03647	0.03594	0.00212	0.00581	0.03301	0.06673	0.00670
10	0.01662	0.28628	0.08990	0.01317	0.06687	0.11500	0.01120	0.23272	0.02808	0.02088	0.03397	0.01219	0.00950	0.00571	0.00475	0.00145	0.00655	0.00415	0.00358	0.03743
11	0.01622	0.06741	0.01462	0.06281	0.10107	0.01133	0.00952	0.14416	0.08420	0.21199	0.14356	0.02287	0.05493	0.00770	0.00567	0.00171	0.00496	0.02219	0.00520	0.00789
12	0.00903	0.00665	0.00769	0.00704	0.00820	0.00646	0.00461	0.01075	0.06254	0.01307	0.01628	0.02959	0.01730	0.54203	0.09137	0.00467	0.00595	0.00692	0.00347	0.14640
13	0.00956	0.00753	0.01131	0.13012	0.14475	0.00759	0.00884	0.01203	0.01322	0.04489	0.30723	0.20422	0.05543	0.01064	0.00629	0.00186	0.00423	0.00956	0.00475	0.00595
14	0.01332	0.09845	0.12910	0.01296	0.03244	0.20105	0.07784	0.05945	0.01364	0.01662	0.06919	0.21696	0.01822	0.00888	0.00571	0.00174	0.00666	0.00756	0.00370	0.00650
15	0.01289	0.01503	0.07741	0.01109	0.01334	0.26178	0.00884	0.04184	0.08562	0.01586	0.02015	0.36982	0.02151	0.01115	0.00604	0.00188	0.00608	0.00944	0.00421	0.00604
16	0.00700	0.00510	0.00662	0.00772	0.00822	0.00482	0.00522	0.00849	0.03409	0.01472	0.05642	0.72443	0.06307	0.01672	0.00699	0.00221	0.00321	0.01511	0.00519	0.00466
17	0.01072	0.00756	0.00915	0.00857	0.01046	0.00760	0.03408	0.08938	0.10405	0.05337	0.02869	0.30528	0.14460	0.01170	0.00602	0.00188	0.00378	0.01021	0.14691	0.00600
18	0.01391	0.01205	0.04510	0.01226	0.01506	0.01295	0.05783	0.13689	0.24391	0.06418	0.06926	0.07411	0.04195	0.00873	0.00822	0.00196	0.15268	0.01665	0.00474	0.00757
19	0.01934	0.01257	0.01376	0.01079	0.01456	0.01350	0.00884	0.50357	0.02171	0.12993	0.01541	0.01555	0.01097	0.00664	0.00520	0.00159	0.00519	0.00510	0.17725	0.00854
20	0.00778	0.00623	0.00707	0.00724	0.00882	0.00588	0.00545	0.01095	0.09688	0.01681	0.13773	0.19736	0.38123	0.01371	0.00664	0.00199	0.00324	0.07445	0.00532	0.00521
21	0.01761	0.14445	0.09328	0.01293	0.01705	0.26622	0.06369	0.12178	0.01587	0.10363	0.08018	0.01466	0.01238	0.00621	0.00518	0.00155	0.00731	0.00475	0.00384	0.00743
22	0.00989	0.00943	0.01295	0.01171	0.01345	0.08656	0.13377	0.01190	0.01143	0.01470	0.02200	0.30818	0.05076	0.01785	0.15135	0.00336	0.03921	0.08210	0.00399	0.00541
23	0.00670	0.00528	0.00605	0.00657	0.00776	0.00463	0.00466	0.00799	0.01195	0.01502	0.08507	0.36711	0.42106	0.01527	0.00676	0.00202	0.00297	0.01330	0.00520	0.00463
24	0.01483	0.02017	0.20911	0.19353	0.11577	0.23875	0.04309	0.03249	0.01326	0.04139	0.01004	0.01254	0.00768	0.00554	0.00553	0.00168	0.02013	0.00440	0.00280	0.00728
25	0.01698	0.08843	0.01881	0.13732	0.02101	0.25291	0.13663	0.03085	0.01410	0.15029	0.03992	0.04436	0.01135	0.00628	0.00546	0.00164	0.00757	0.00531	0.00370	0.00708
26	0.29438	0.00997	0.01138	0.00906	0.01307	0.00972	0.00748	0.03747	0.01393	0.51374	0.01703	0.01550	0.01109	0.00629	0.00486	0.00171	0.00460	0.00471	0.00570	0.00830
27	0.00742	0.00564	0.00682	0.00653	0.00802	0.00505	0.00489	0.00964	0.01468	0.01985	0.53623	0.04525	0.28540	0.01220	0.00654	0.00178	0.00268	0.01056	0.00579	0.00505
28	0.01298	0.01615	0.30287	0.01139	0.01591	0.03723	0.01192	0.04442	0.01394	0.15336	0.20317	0.09886	0.02273	0.02259	0.00622	0.00184	0.00562	0.00707	0.00451	0.00720
29	0.01130	0.01027	0.01653	0.20842	0.04992	0.01148	0.13675	0.07830	0.05396	0.01686	0.01558	0.01955	0.06450	0.02604	0.19933	0.00366	0.06174	0.00605	0.00330	0.00646
30	0.03517	0.01256	0.02096	0.05807	0.23058	0.01244	0.20540	0.12094	0.01525	0.15749	0.06382	0.01670	0.01245	0.00591	0.00581	0.00174	0.00662	0.00577	0.00412	0.00821
31	0.01443	0.72819	0.10618	0.01013	0.01522	0.02098	0.01061	0.01668	0.01130	0.01350	0.00793	0.00917	0.00710	0.00479	0.00373	0.00124	0.00616	0.00308	0.00237	0.00722
32	0.11117	0.15434	0.01956	0.01364	0.01750	0.32269	0.11552	0.12197	0.04170	0.01865	0.00985	0.01123	0.00785	0.00553	0.00489	0.00153	0.00782	0.00412	0.00330	0.00714
33	0.01046	0.00984	0.01661	0.79205	0.03814	0.01230	0.01538	0.01415	0.01107	0.01415	0.00984	0.01477	0.00738	0.00554	0.00554	0.00185	0.00738	0.00492	0.00246	0.00615
34	0.00873	0.00694	0.00967	0.00897	0.01009	0.00742	0.03118	0.01013	0.00934	0.01331	0.01657	0.14664	0.01757	0.21584	0.29231	0.00526	0.08494	0.00764	0.00338	0.09410
35	0.00753	0.00599	0.00686	0.00697	0.00865	0.00544	0.00548	0.00991	0.03980	0.01708	0.19948	0.05138	0.45139	0.01347	0.00672	0.00197	0.00326	0.14827	0.00535	0.00502
36	0.14122	0.00707	0.00775	0.00782	0.00948	0.00723	0.00575	0.01302	0.11082	0.04700	0.11212	0.35289	0.13211	0.01257	0.00611	0.00198	0.00347	0.01087	0.00511	0.00560
37	0.01046	0.00984	0.01661	0.79205	0.03814	0.01230	0.01538	0.01415	0.01107	0.01415	0.00984	0.01477	0.00738	0.00554	0.00554	0.00185	0.00738	0.00492	0.00246	0.00615
38	0.01090	0.00647	0.00892	0.00952	0.01103	0.00618	0.00785	0.01299	0.01270	0.13610	0.02844	0.24189	0.03019	0.01448	0.00717	0.00234	0.00456	0.43726	0.00539	0.00563
39	0.00734	0.00524	0.00689	0.00800	0.00855	0.00499	0.00574	0.00856	0.01089	0.01436	0.02994	0.53942	0.06164	0.09467	0.00926	0.00261	0.00382	0.16862	0.00496	0.00452
40	0.01170	0.01118	0.01857	0.45861	0.27571	0.01309	0.01555	0.01499	0.01129	0.01535	0.00975	0.01413	0.00783	0.00579	0.00690	0.00184	0.09322	0.00492	0.00255	0.00700
41	0.01099	0.01008	0.01617	0.08450	0.01733	0.01185	0.13600	0.06544	0.01107	0.01562	0.01298	0.08460	0.01222	0.01880	0.25087	0.00422	0.22164	0.00644	0.00312	0.00607
42	0.00759	0.00550	0.00620	0.00625	0.00725	0.00526	0.00429	0.00867	0.01038	0.01369	0.03291	0.06878	0.31491	0.28902	0.11995	0.00400	0.00533	0.00924	0.07651	0.00429
43	0.01514	0.01310	0.02128	0.03042	0.65116	0.01315	0.01580	0.08167	0.01401	0.07365	0.01149	0.01404	0.00918	0.00522	0.00549	0.00165	0.00640	0.00498	0.00328	0.00888
44	0.07247	0.01299	0.01382	0.01160	0.01472	0.11042	0.07587	0.17613	0.18013	0.04824	0.07030	0.08576	0.01643	0.00769	0.00550	0.00173	0.00554	0.00642	0.07689	0.00738
45	0.00858	0.00622	0.00790	0.00861	0.00963	0.00613	0.00648	0.07349	0.01257	0.01653	0.03005	0.46782	0.08164	0.03875	0.00767	0.00234	0.00399	0.20143	0.00511	0.00506
46	0.01046	0.00984	0.01661	0.79205	0.03814	0.01230	0.01538	0.01415	0.01107	0.01415	0.00984	0.01477	0.00738	0.00554	0.00554	0.00185	0.00738	0.00492	0.00246	0.00615
47	0.01280	0.00918	0.01091	0.06549	0.01370	0.00972	0.00783	0.19687	0.11490	0.07522	0.04116	0.31699	0.07928	0.01141	0.00623	0.00195	0.00444	0.00988	0.00526	0.00678
48	0.01687	0.01346	0.01510	0.01233	0.01563	0.09146	0.07651	0.35153	0.04377	0.07367	0.01682	0.12766	0.01508	0.06755	0.00756	0.00206	0.00615	0.03433	0.00487	0.00761
49	0.00805	0.00610	0.00836	0.00792	0.00946	0.00559	0.07261	0.00990	0.01193	0.01647	0.07253	0.29626	0.26006	0.01261	0.00618	0.00187	0.00348	0.01118	0.17444	0.00500
50	0.04235	0.01407	0.02105	0.05866	0.48813	0.07041	0.08193	0.06562	0.03864	0.01906	0.01081	0.01355	0.00876	0.00517	0.00543	0.00164	0.00684	0.00490	0.00307	0.03993
51	0.01657	0.01797	0.05649	0.08075	0.04584	0.36425	0.01043	0.03167	0.01402	0.09348	0.01349	0.12303	0.01218	0.00725	0.00535	0.00158	0.00738	0.00568	0.00361	0.08898
52	0.01302	0.18410	0.10830	0.01627	0.11122	0.07045	0.08550	0.01565	0.01097	0.01475	0.00938	0.01277	0.00822	0.01026	0.09426	0.00257	0.21827	0.00457	0.00257	0.00691
53	0.01471	0.06581	0.01444	0.01204	0.06480	0.06739	0.00899	0.18016	0.16217	0.03841	0.01604	0.04618	0.03877	0.00972	0.07286	0.00215	0.00617	0.00541	0.00430	0.16947
54	0.04247	0.04416	0.04851	0.05423	0.01497	0.09084	0.04496	0.10117	0.02344	0.12687	0.08588	0.15563	0.08926	0.00947	0.00610	0.00182	0.01949	0.02937	0.00467	0.00672

[dist]
# distance from previous block
# <min> <max>
3	5

[block]
# block no. 1 follows, 43 sequences, length 9
# corresponding to MSA columns:
# 110-118
name=unknown_B
#
# <colnr> <probs for GDERKNQSTAVLIFYWHMCP>
#	G	D	E	R	K	N	Q	S	T	A	V	L	I	F	Y	W	H	M	C	P
0	0.01030	0.00611	0.00775	0.00802	0.00935	0.00575	0.00592	0.04048	0.01239	0.11876	0.02942	0.45631	0.08926	0.01398	0.00651	0.00206	0.00362	0.08193	0.08658	0.00550
1	0.01436	0.11216	0.01591	0.11645	0.09316	0.08233	0.01014	0.21989	0.03573	0.02081	0.04673	0.02235	0.17173	0.00776	0.00549	0.00166	0.00578	0.00622	0.00415	0.00719
2	0.05568	0.01449	0.01637	0.11641	0.01945	0.17462	0.11023	0.16930	0.01526	0.05370	0.01351	0.10486	0.01190	0.00951	0.05463	0.00222	0.04099	0.00612	0.00382	0.00694
3	0.00910	0.00651	0.00809	0.00830	0.00940	0.00650	0.00599	0.08179	0.01272	0.04503	0.06789	0.52977	0.12180	0.01485	0.00728	0.00211	0.03938	0.01303	0.00517	0.00529
4	0.00859	0.01023	0.10793	0.00843	0.01058	0.07564	0.00716	0.01041	0.01180	0.01461	0.03477	0.28427	0.31083	0.06955	0.00795	0.00219	0.00447	0.01101	0.00444	0.00514
5	0.01514	0.01159	0.01457	0.01714	0.24043	0.09097	0.01031	0.06310	0.08841	0.11913	0.01342	0.03376	0.01101	0.00983	0.00990	0.22964	0.00587	0.00523	0.00374	0.00682
6	0.14551	0.08276	0.04113	0.03990	0.22794	0.04330	0.01021	0.01416	0.01215	0.01799	0.09196	0.09290	0.10716	0.00835	0.00543	0.00175	0.00516	0.04191	0.00375	0.00657
7	0.01118	0.00846	0.01159	0.01017	0.01263	0.00863	0.07955	0.04634	0.14179	0.08556	0.02853	0.06404	0.20827	0.01769	0.18797	0.00355	0.00701	0.05602	0.00466	0.00637
8	0.01439	0.11658	0.08349	0.01076	0.01415	0.01094	0.08079	0.07732	0.03953	0.17040	0.01763	0.02426	0.04235	0.22489	0.01168	0.00271	0.00587	0.04131	0.00420	0.00675

[dist]
# distance from previous block
# <min> <max>
29	143

[block]
# block no. 2 follows, 43 sequences, length 33
# corresponding to MSA columns:
# 304-314,316-337
name=unknown_C
#
# <colnr> <probs for GDERKNQSTAVLIFYWHMCP>
#	G	D	E	R	K	N	Q	S	T	A	V	L	I	F	Y	W	H	M	C	P
0	0.04231	0.00933	0.11201	0.00932	0.01164	0.00688	0.05374	0.01052	0.01137	0.01541	0.03085	0.26482	0.21720	0.08954	0.00861	0.00237	0.00462	0.08985	0.00437	0.00524
1	0.01632	0.15455	0.16814	0.11086	0.02045	0.29282	0.03720	0.01928	0.01339	0.07882	0.01033	0.01195	0.00794	0.00552	0.00494	0.00154	0.00794	0.00405	0.02685	0.00710
2	0.01303	0.17860	0.09819	0.00932	0.01238	0.01075	0.00843	0.01470	0.01110	0.14289	0.03905	0.02058	0.05769	0.12041	0.08359	0.09442	0.03854	0.00553	0.00364	0.03717
3	0.01403	0.01259	0.01570	0.05515	0.28617	0.09568	0.01148	0.13083	0.04090	0.04166	0.08602	0.09825	0.07179	0.00796	0.00578	0.00173	0.00581	0.00690	0.00412	0.00746
4	0.01610	0.07858	0.05952	0.01092	0.01479	0.03072	0.00934	0.21950	0.24019	0.09977	0.06288	0.01901	0.04542	0.00716	0.00538	0.00167	0.00512	0.00570	0.03234	0.03590
5	0.00970	0.00824	0.01157	0.03828	0.11374	0.03978	0.03032	0.01156	0.01015	0.01379	0.01604	0.04922	0.01624	0.18839	0.30732	0.00534	0.03568	0.08602	0.00327	0.00534
6	0.01572	0.12103	0.01530	0.01285	0.09627	0.11567	0.00931	0.08175	0.09405	0.14655	0.08020	0.07318	0.05756	0.00817	0.00556	0.00170	0.00553	0.04756	0.00464	0.00739
7	0.01672	0.01572	0.01386	0.01160	0.01468	0.22495	0.00913	0.23055	0.06361	0.02154	0.01218	0.01405	0.00977	0.03134	0.01937	0.00176	0.07704	0.00455	0.08539	0.12220
8	0.01535	0.01120	0.01277	0.01043	0.01330	0.11313	0.10813	0.10751	0.01470	0.12129	0.01577	0.01729	0.01180	0.00619	0.00482	0.00149	0.00522	0.00517	0.39773	0.00674
9	0.00951	0.00627	0.00845	0.00870	0.00988	0.00595	0.02649	0.05400	0.01226	0.08357	0.02909	0.59127	0.05955	0.01518	0.00684	0.00216	0.00378	0.05644	0.00525	0.00535
10	0.06799	0.11287	0.01498	0.01173	0.09614	0.01100	0.00857	0.03820	0.03415	0.05320	0.01126	0.01397	0.00948	0.00629	0.02722	0.00146	0.03038	0.02891	0.00345	0.41878
11	0.01111	0.02865	0.77667	0.01579	0.02397	0.01286	0.02046	0.01754	0.01169	0.01754	0.00994	0.01169	0.00702	0.00526	0.00526	0.00175	0.00818	0.00409	0.00234	0.00818
12	0.01113	0.00757	0.00843	0.00781	0.00998	0.00764	0.00598	0.01683	0.21614	0.09267	0.14506	0.07622	0.21266	0.01006	0.00578	0.00176	0.00337	0.00849	0.14602	0.00640
13	0.01112	0.02055	0.44182	0.01909	0.22388	0.01159	0.01684	0.01592	0.01228	0.01769	0.06025	0.01856	0.09354	0.00649	0.00554	0.00174	0.00683	0.00551	0.00298	0.00778
14	0.01020	0.00721	0.00856	0.00783	0.00984	0.00708	0.00599	0.01516	0.16388	0.08311	0.43258	0.03748	0.16790	0.01067	0.00628	0.00179	0.00317	0.00919	0.00590	0.00618
15	0.00773	0.00534	0.00668	0.00737	0.00771	0.00523	0.00498	0.00852	0.00980	0.01300	0.02429	0.32056	0.02820	0.38006	0.01690	0.00374	0.00453	0.13695	0.00431	0.00408
16	0.00717	0.00502	0.00642	0.00736	0.00764	0.00480	0.00481	0.00794	0.01001	0.01333	0.02703	0.57217	0.03210	0.22508	0.01266	0.00308	0.00385	0.04062	0.00467	0.00422
17	0.15337	0.00822	0.00966	0.00881	0.01103	0.00879	0.00690	0.10704	0.01264	0.12976	0.01742	0.15511	0.01597	0.01951	0.25538	0.00409	0.00767	0.00694	0.05542	0.00628
18	0.01014	0.00824	0.00909	0.00884	0.01080	0.00871	0.00658	0.06010	0.28808	0.01888	0.03236	0.29771	0.19363	0.01234	0.00633	0.00199	0.00372	0.01069	0.00535	0.00640
19	0.00712	0.00508	0.00685	0.00813	0.00862	0.00482	0.00578	0.00835	0.01097	0.01455	0.03032	0.67667	0.03583	0.01700	0.00717	0.00230	0.00353	0.13718	0.00513	0.00460
20	0.01286	0.00700	0.00865	0.00772	0.00990	0.00633	0.00585	0.04436	0.01395	0.23690	0.16883	0.14378	0.21098	0.08719	0.00836	0.00218	0.00376	0.00956	0.00566	0.00620
21	0.00689	0.00495	0.00657	0.00782	0.00825	0.00463	0.00537	0.00797	0.01080	0.01433	0.03115	0.73089	0.05651	0.01712	0.00709	0.00226	0.00333	0.06437	0.00514	0.00454
22	0.00683	0.00530	0.00622	0.00667	0.00783	0.00469	0.00474	0.00825	0.01230	0.01578	0.15837	0.35195	0.36141	0.01493	0.00675	0.00200	0.00294	0.01305	0.00529	0.00469
23	0.00914	0.00783	0.01186	0.18394	0.01685	0.00973	0.00959	0.01126	0.00947	0.01335	0.01385	0.09385	0.01340	0.02534	0.39481	0.00550	0.15543	0.00646	0.00296	0.00537
24	0.00701	0.00501	0.00672	0.00797	0.00842	0.00472	0.00556	0.00819	0.01096	0.01460	0.04849	0.70217	0.03649	0.01698	0.00712	0.00227	0.00340	0.09417	0.00516	0.00458
25	0.00698	0.00532	0.00662	0.00730	0.00828	0.00496	0.00528	0.00835	0.01137	0.01468	0.06060	0.40380	0.27071	0.01860	0.09190	0.00286	0.00445	0.05835	0.00493	0.00467
26	0.01549	0.72188	0.02766	0.00983	0.01454	0.02140	0.00959	0.09712	0.01287	0.01542	0.00831	0.00937	0.00736	0.00495	0.00377	0.00124	0.00594	0.00318	0.00272	0.00736
27	0.01443	0.01315	0.05915	0.01680	0.19195	0.02395	0.04139	0.19024	0.13547	0.03512	0.09680	0.04703	0.01591	0.00688	0.00559	0.00165	0.00554	0.00597	0.00442	0.08856
28	0.06905	0.01159	0.01871	0.28771	0.39482	0.01265	0.01497	0.01647	0.01192	0.06464	0.01064	0.01402	0.00837	0.00545	0.00584	0.00175	0.03598	0.00484	0.00294	0.00764
29	0.01249	0.05365	0.06400	0.12163	0.04516	0.03625	0.05594	0.02470	0.01215	0.09943	0.01731	0.09296	0.05779	0.01928	0.03756	0.00198	0.02914	0.00628	0.12529	0.08700
30	0.00880	0.00986	0.12236	0.05746	0.05844	0.00820	0.00952	0.01140	0.00982	0.01387	0.01639	0.02269	0.06023	0.09981	0.45894	0.00624	0.01130	0.00610	0.00300	0.00556
31	0.01760	0.16331	0.17297	0.01388	0.04608	0.18365	0.05605	0.06446	0.04010	0.17191	0.01239	0.01294	0.00906	0.00570	0.00507	0.00157	0.00721	0.00438	0.00373	0.00793
32	0.01220	0.03629	0.34269	0.01722	0.14213	0.01150	0.08207	0.01656	0.01186	0.06466	0.01204	0.04006	0.00969	0.00951	0.09052	0.00245	0.00795	0.00504	0.00298	0.08259

[dist]
# distance from previous block
# <min> <max>
10	128

[block]
# block no. 3 follows, 43 sequences, length 30
# corresponding to MSA columns:
# 468-497
name=unknown_D
#
# <colnr> <probs for GDERKNQSTAVLIFYWHMCP>
#	G	D	E	R	K	N	Q	S	T	A	V	L	I	F	Y	W	H	M	C	P
0	0.04611	0.00947	0.06718	0.30782	0.02163	0.00940	0.01072	0.01296	0.01046	0.04727	0.01385	0.08425	0.01265	0.07265	0.20679	0.00388	0.00845	0.00613	0.00314	0.04519
1	0.04509	0.04456	0.00842	0.00728	0.00918	0.00727	0.00574	0.01304	0.09972	0.01957	0.27148	0.03762	0.20678	0.01057	0.00586	0.00176	0.00330	0.06987	0.12727	0.00561
2	0.01240	0.01246	0.01397	0.14636	0.09855	0.15374	0.03689	0.01600	0.08662	0.01610	0.01598	0.20418	0.01567	0.00830	0.00562	0.00169	0.00603	0.00722	0.00367	0.13857
3	0.01260	0.04743	0.06961	0.16828	0.27651	0.01251	0.08417	0.07587	0.02886	0.01808	0.01302	0.10464	0.01170	0.00663	0.00562	0.00173	0.00648	0.00615	0.00324	0.04688
4	0.01018	0.00776	0.01006	0.13923	0.01420	0.00851	0.00750	0.11855	0.01223	0.01628	0.03529	0.20232	0.06233	0.20873	0.05871	0.03579	0.03438	0.00871	0.00400	0.00524
5	0.01580	0.09335	0.01692	0.19484	0.06912	0.31483	0.01165	0.02101	0.17639	0.01603	0.01194	0.01355	0.00942	0.00592	0.00515	0.00161	0.00756	0.00450	0.00332	0.00708
6	0.01325	0.01276	0.01737	0.46490	0.13431	0.08977	0.01436	0.09940	0.01327	0.01695	0.01001	0.01379	0.00778	0.00589	0.00638	0.00180	0.06345	0.00479	0.00289	0.00691
7	0.01131	0.01124	0.02063	0.55807	0.10036	0.01275	0.17578	0.01518	0.01164	0.01528	0.01019	0.01471	0.00773	0.00529	0.00575	0.00183	0.00774	0.00527	0.00256	0.00667
8	0.01545	0.01210	0.01391	0.13803	0.01832	0.01345	0.00987	0.38151	0.12876	0.02589	0.02130	0.05476	0.12600	0.00817	0.00577	0.00178	0.00543	0.00664	0.00498	0.00786
9	0.00748	0.00541	0.00723	0.00842	0.00917	0.00515	0.00637	0.00902	0.01148	0.01503	0.03189	0.49615	0.08592	0.01642	0.00723	0.00233	0.00383	0.26162	0.00513	0.00472
10	0.01481	0.80869	0.02902	0.00948	0.01421	0.02191	0.00948	0.01658	0.01125	0.01303	0.00770	0.00888	0.00711	0.00474	0.00355	0.00118	0.00592	0.00296	0.00237	0.00711
11	0.00927	0.00790	0.01322	0.11972	0.01616	0.00843	0.13577	0.01151	0.01042	0.01457	0.01737	0.20005	0.01772	0.10783	0.18381	0.00391	0.03962	0.00829	0.06912	0.00533
12	0.00690	0.00526	0.00636	0.00697	0.00800	0.00472	0.00496	0.00829	0.01205	0.01556	0.13485	0.41333	0.29576	0.01533	0.00684	0.00206	0.00306	0.03977	0.00526	0.00468
13	0.20453	0.01467	0.01192	0.01025	0.01346	0.23128	0.00807	0.11449	0.01535	0.15316	0.07979	0.01868	0.08764	0.00720	0.00510	0.00164	0.00594	0.00532	0.00453	0.00697
14	0.02422	0.01043	0.01348	0.01033	0.01464	0.00963	0.00853	0.14684	0.01753	0.65242	0.02044	0.01793	0.01300	0.00682	0.00556	0.00171	0.00494	0.00547	0.00664	0.00942
15	0.01371	0.01316	0.02248	0.03399	0.77081	0.01316	0.01700	0.01700	0.01261	0.01809	0.01042	0.01371	0.00877	0.00493	0.00548	0.00164	0.00658	0.00493	0.00274	0.00877
16	0.01066	0.00628	0.00769	0.00702	0.00882	0.00587	0.00537	0.01360	0.04298	0.11815	0.43005	0.03440	0.09750	0.00982	0.00583	0.00166	0.00296	0.00844	0.17705	0.00584
17	0.00758	0.00558	0.00754	0.00770	0.00873	0.00577	0.00575	0.00889	0.01016	0.01363	0.05889	0.14076	0.19822	0.02810	0.38134	0.08532	0.00883	0.00877	0.00388	0.00459
18	0.00803	0.00545	0.00646	0.00646	0.00661	0.00560	0.00388	0.00832	0.00818	0.01105	0.01707	0.03412	0.01921	0.69325	0.13904	0.00589	0.00676	0.00774	0.00330	0.00359
19	0.00794	0.00583	0.00836	0.00836	0.00916	0.00663	0.00624	0.00954	0.00874	0.01245	0.01533	0.02451	0.01504	0.18669	0.63989	0.00823	0.01304	0.00634	0.00304	0.00464
20	0.00868	0.00624	0.00904	0.00881	0.00940	0.00729	0.00663	0.00949	0.00843	0.01202	0.01330	0.02126	0.01297	0.10980	0.47831	0.17888	0.08644	0.00581	0.00284	0.00437
21	0.07710	0.01295	0.01428	0.01145	0.01509	0.01436	0.00937	0.51778	0.02092	0.05950	0.01356	0.01496	0.01026	0.01374	0.16561	0.00316	0.00771	0.00506	0.00491	0.00825
22	0.01022	0.00840	0.01392	0.56765	0.02930	0.01016	0.01236	0.01217	0.00997	0.01286	0.00978	0.01536	0.00802	0.00946	0.01014	0.24117	0.00665	0.00489	0.00244	0.00508
23	0.01499	0.00774	0.00969	0.00814	0.01093	0.00699	0.00646	0.06342	0.01569	0.31406	0.26254	0.03363	0.20277	0.00992	0.00610	0.00176	0.00370	0.00836	0.00613	0.00700
24	0.01107	0.01069	0.01387	0.17255	0.01758	0.06718	0.01056	0.01269	0.00971	0.01323	0.01191	0.09170	0.01216	0.11121	0.06781	0.00303	0.34833	0.00629	0.00288	0.00554
25	0.01111	0.02865	0.77667	0.01579	0.02397	0.01286	0.02046	0.01754	0.01169	0.01754	0.00994	0.01169	0.00702	0.00526	0.00526	0.00175	0.00818	0.00409	0.00234	0.00818
26	0.00672	0.00494	0.00631	0.00740	0.00795	0.00452	0.00500	0.00775	0.01090	0.01426	0.03428	0.69189	0.14407	0.01686	0.00699	0.00219	0.00315	0.01515	0.00514	0.00452
27	0.35750	0.04277	0.06933	0.06113	0.01397	0.01212	0.00825	0.15245	0.01335	0.02407	0.01132	0.01292	0.00863	0.00573	0.00420	0.00160	0.00482	0.00405	0.18511	0.00667
28	0.53297	0.01112	0.01288	0.11831	0.14718	0.01247	0.04436	0.01612	0.01041	0.02182	0.00883	0.01109	0.00693	0.00516	0.00422	0.00172	0.00531	0.00380	0.01874	0.00655
29	0.01495	0.01624	0.13117	0.11892	0.27651	0.08092	0.08531	0.08509	0.04632	0.07351	0.01180	0.01397	0.00893	0.00551	0.00553	0.00170	0.00721	0.00495	0.00334	0.00813

[dist]
# distance from previous block
# <min> <max>
4	12

[block]
# block no. 4 follows, 43 sequences, length 27
# corresponding to MSA columns:
# 511-537
name=unknown_E
#
# <colnr> <probs for GDERKNQSTAVLIFYWHMCP>
#	G	D	E	R	K	N	Q	S	T	A	V	L	I	F	Y	W	H	M	C	P
0	0.00808	0.00620	0.00942	0.06149	0.01179	0.00728	0.00749	0.01018	0.00905	0.01294	0.01450	0.02129	0.01341	0.03912	0.73118	0.00843	0.01433	0.00587	0.00293	0.00503
1	0.01110	0.01029	0.01621	0.64232	0.06286	0.01256	0.01442	0.01662	0.12672	0.01569	0.01182	0.01563	0.00890	0.00582	0.00555	0.00184	0.00689	0.00513	0.00296	0.00666
2	0.01580	0.01587	0.01481	0.04668	0.18485	0.30662	0.01074	0.01803	0.01453	0.08928	0.13113	0.02147	0.06303	0.00740	0.00562	0.00164	0.00684	0.03486	0.00393	0.00688
3	0.02485	0.00943	0.01285	0.00985	0.01414	0.00814	0.00814	0.02699	0.01585	0.77465	0.02185	0.01885	0.01371	0.00685	0.00557	0.00171	0.00471	0.00557	0.00685	0.00943
4	0.01339	0.00863	0.00917	0.00793	0.01024	0.00919	0.00625	0.22835	0.06240	0.02510	0.09449	0.02066	0.01691	0.00708	0.00474	0.00148	0.00372	0.00568	0.45796	0.00663
5	0.00937	0.00560	0.00743	0.00783	0.00889	0.00511	0.00554	0.01077	0.01216	0.11896	0.14375	0.55652	0.05685	0.01490	0.00677	0.00209	0.00331	0.01336	0.00552	0.00529
6	0.01292	0.01372	0.01921	0.12174	0.02024	0.09509	0.12628	0.01503	0.01029	0.01414	0.00836	0.01269	0.00745	0.00794	0.01330	0.00216	0.48560	0.00499	0.00253	0.00633
7	0.01143	0.01117	0.01682	0.33891	0.02439	0.01502	0.01348	0.01367	0.00956	0.01367	0.00834	0.01322	0.00732	0.00796	0.01290	0.00218	0.46654	0.00488	0.00244	0.00610
8	0.01522	0.56262	0.13893	0.01121	0.01616	0.14618	0.01133	0.01764	0.01205	0.01379	0.00818	0.00949	0.00710	0.00498	0.00405	0.00131	0.00693	0.00323	0.00244	0.00716
9	0.01042	0.00897	0.00969	0.04159	0.01214	0.03516	0.00661	0.06348	0.09672	0.01845	0.08503	0.07799	0.27481	0.00953	0.00566	0.00158	0.00401	0.00796	0.00461	0.22560
10	0.00939	0.00691	0.00927	0.01030	0.01176	0.00709	0.00891	0.01320	0.08463	0.01721	0.02867	0.05845	0.03044	0.01455	0.00746	0.00249	0.00503	0.66365	0.00515	0.00545
11	0.01377	0.01174	0.01243	0.01118	0.01424	0.01352	0.00868	0.05764	0.69910	0.02325	0.02251	0.05378	0.01745	0.00790	0.00569	0.00189	0.00440	0.00662	0.00561	0.00861
12	0.01278	0.01699	0.14424	0.02221	0.02820	0.01383	0.64120	0.01771	0.01287	0.01771	0.01101	0.01445	0.00820	0.00476	0.00634	0.00185	0.00916	0.00617	0.00273	0.00758
13	0.02174	0.01012	0.01276	0.01025	0.01421	0.00972	0.00832	0.02768	0.22521	0.56346	0.02204	0.01936	0.01461	0.00704	0.00559	0.00176	0.00462	0.00576	0.00651	0.00924
14	0.01169	0.00825	0.00977	0.00878	0.01104	0.00854	0.00677	0.01884	0.27796	0.10034	0.42841	0.03175	0.03583	0.00952	0.00612	0.00179	0.00345	0.00823	0.00601	0.00691
15	0.00992	0.00737	0.00847	0.00809	0.00982	0.00774	0.00608	0.01630	0.24261	0.02115	0.31538	0.13514	0.03302	0.01017	0.00589	0.00178	0.00323	0.00884	0.14281	0.00620
16	0.00704	0.00506	0.00633	0.00713	0.00762	0.00473	0.00472	0.00798	0.01067	0.01412	0.07911	0.53143	0.11025	0.16385	0.01093	0.00276	0.00353	0.01351	0.00487	0.00435
17	0.02069	0.02640	0.01569	0.01427	0.01712	0.78313	0.01070	0.02212	0.01569	0.01355	0.00856	0.00999	0.00713	0.00571	0.00499	0.00143	0.00999	0.00357	0.00285	0.00642
18	0.00790	0.00506	0.00633	0.00728	0.00795	0.00485	0.00517	0.00944	0.01108	0.01609	0.02713	0.52481	0.03026	0.01428	0.00628	0.00203	0.00323	0.08193	0.22418	0.00473
19	0.00680	0.00539	0.00612	0.00642	0.00776	0.00471	0.00463	0.00825	0.01249	0.01581	0.15541	0.26881	0.44865	0.01459	0.00670	0.00196	0.00289	0.01262	0.00529	0.00471
20	0.00699	0.00500	0.00669	0.00785	0.00831	0.00470	0.00544	0.00820	0.01114	0.01492	0.08441	0.68935	0.03741	0.01675	0.00707	0.00224	0.00331	0.07042	0.00521	0.00460
21	0.01046	0.00984	0.01661	0.79205	0.03814	0.01230	0.01538	0.01415	0.01107	0.01415	0.00984	0.01477	0.00738	0.00554	0.00554	0.00185	0.00738	0.00492	0.00246	0.00615
22	0.01607	0.25617	0.01797	0.01143	0.01446	0.34170	0.00928	0.06257	0.01378	0.01474	0.01207	0.11857	0.01180	0.00981	0.06462	0.00205	0.00798	0.00531	0.00319	0.00644
23	0.00762	0.00556	0.00786	0.00820	0.00888	0.00607	0.00597	0.00907	0.00923	0.01291	0.01933	0.22934	0.02071	0.13917	0.47593	0.00667	0.01048	0.00881	0.00359	0.00461
24	0.00700	0.00561	0.00626	0.00613	0.00777	0.00486	0.00459	0.00882	0.01364	0.01747	0.30423	0.06677	0.50102	0.01316	0.00655	0.00183	0.00275	0.01120	0.00548	0.00486
25	0.01340	0.01069	0.01647	0.01822	0.22665	0.01142	0.06777	0.07419	0.01280	0.10363	0.01667	0.21984	0.01635	0.00940	0.00836	0.00197	0.15302	0.00794	0.00401	0.00718
26	0.01363	0.04568	0.06318	0.01328	0.01542	0.06298	0.04267	0.12157	0.06377	0.01788	0.01219	0.01504	0.03550	0.01001	0.05544	0.00240	0.36051	0.00515	0.03686	0.00684

[dist]
# distance from previous block
# <min> <max>
1	1

[block]
# block no. 5 follows, 43 sequences, length 33
# corresponding to MSA columns:
# 540-556,605-620
name=unknown_F
#
# <colnr> <probs for GDERKNQSTAVLIFYWHMCP>
#	G	D	E	R	K	N	Q	S	T	A	V	L	I	F	Y	W	H	M	C	P
0	0.00861	0.00769	0.01352	0.10708	0.01637	0.00757	0.17237	0.01073	0.01121	0.01494	0.02370	0.53038	0.02677	0.01308	0.00676	0.00211	0.00509	0.01237	0.00429	0.00536
1	0.00791	0.00593	0.00890	0.00890	0.00989	0.00692	0.00692	0.00989	0.00890	0.01286	0.01483	0.02176	0.01385	0.04154	0.78341	0.00890	0.01483	0.00593	0.00297	0.00494
2	0.01552	0.50474	0.13464	0.01106	0.01624	0.01921	0.01122	0.17440	0.01449	0.01850	0.00928	0.01031	0.00762	0.00521	0.00424	0.00136	0.00624	0.00357	0.00307	0.02908
3	0.01051	0.00727	0.00938	0.00921	0.01072	0.00724	0.02407	0.13112	0.01408	0.05904	0.08360	0.47738	0.03102	0.01407	0.00675	0.00211	0.00406	0.08732	0.00531	0.00575
4	0.17590	0.00966	0.01198	0.00938	0.01351	0.00893	0.00775	0.02502	0.01467	0.63647	0.01924	0.01703	0.01229	0.00654	0.00517	0.00171	0.00463	0.00510	0.00622	0.00879
5	0.01011	0.00594	0.00783	0.00769	0.00899	0.00547	0.00559	0.01185	0.01319	0.13317	0.31014	0.30128	0.03752	0.08215	0.00850	0.00226	0.00346	0.03382	0.00561	0.00545
6	0.01347	0.01272	0.02052	0.08720	0.60050	0.01319	0.01562	0.01868	0.12678	0.01857	0.01223	0.01485	0.00991	0.00537	0.00551	0.00170	0.00630	0.00514	0.00316	0.00858
7	0.01060	0.00589	0.00746	0.00744	0.00837	0.00552	0.00498	0.01140	0.01056	0.15294	0.02372	0.35294	0.02584	0.32890	0.01519	0.00339	0.00435	0.01081	0.00475	0.00495
8	0.00750	0.00604	0.00681	0.00705	0.00824	0.03042	0.00507	0.00916	0.01305	0.01701	0.27931	0.30022	0.26194	0.01399	0.00667	0.00194	0.00312	0.01224	0.00538	0.00485
9	0.01673	0.01607	0.15617	0.01316	0.01784	0.01398	0.06868	0.40118	0.04349	0.04937	0.01456	0.01748	0.01119	0.00684	0.00557	0.00173	0.00626	0.05410	0.07724	0.00836
10	0.01371	0.01316	0.02248	0.03399	0.77081	0.01316	0.01700	0.01700	0.01261	0.01809	0.01042	0.01371	0.00877	0.00493	0.00548	0.00164	0.00658	0.00493	0.00274	0.00877
11	0.01403	0.01050	0.01174	0.01075	0.01362	0.01164	0.00849	0.02560	0.53648	0.10889	0.02379	0.07402	0.01959	0.00900	0.00596	0.00196	0.00444	0.09568	0.00568	0.00813
12	0.03861	0.01076	0.01172	0.00995	0.01291	0.01165	0.00787	0.27631	0.18933	0.06268	0.11095	0.08141	0.03931	0.00839	0.00558	0.00173	0.00444	0.00690	0.10185	0.00766
13	0.00803	0.00547	0.00657	0.00657	0.00675	0.00566	0.00401	0.00839	0.00821	0.01113	0.01697	0.03357	0.01898	0.66459	0.16737	0.00602	0.00711	0.00766	0.00328	0.00365
14	0.01148	0.00984	0.01148	0.00820	0.01312	0.00738	0.00656	0.01395	0.01148	0.01805	0.00984	0.01148	0.00820	0.00410	0.00410	0.00082	0.00410	0.00328	0.00328	0.83922
15	0.01164	0.14134	0.66865	0.01487	0.02256	0.01417	0.01888	0.01740	0.01163	0.01689	0.00962	0.01129	0.00703	0.00519	0.00502	0.00167	0.00786	0.00393	0.00234	0.00803
16	0.08248	0.02118	0.01570	0.01368	0.01666	0.50940	0.05594	0.09266	0.01527	0.01674	0.00964	0.01164	0.00794	0.00894	0.07335	0.00218	0.03273	0.00409	0.00316	0.00661
17	0.00846	0.00609	0.00775	0.00849	0.00934	0.00601	0.00609	0.08564	0.01243	0.01655	0.02861	0.64289	0.03330	0.01602	0.00697	0.00222	0.00371	0.08916	0.00518	0.00507
18	0.01821	0.01412	0.01734	0.12660	0.02063	0.01561	0.06806	0.55085	0.02203	0.02944	0.01319	0.03513	0.01002	0.02557	0.00619	0.00181	0.00644	0.00546	0.00482	0.00852
19	0.02131	0.01510	0.01637	0.01255	0.01697	0.01657	0.01037	0.70348	0.02535	0.08474	0.01387	0.01367	0.00971	0.00666	0.00554	0.00167	0.00600	0.00503	0.00563	0.00942
20	0.12143	0.02374	0.01483	0.01331	0.01634	0.63731	0.01011	0.07060	0.01563	0.01637	0.00878	0.01009	0.00715	0.00570	0.00484	0.00148	0.00903	0.00359	0.00310	0.00657
21	0.02010	0.00873	0.01138	0.00913	0.01273	0.00779	0.00740	0.02311	0.06563	0.55302	0.10355	0.02552	0.11021	0.00824	0.00579	0.00175	0.00424	0.00683	0.00648	0.00836
22	0.01299	0.01470	0.03132	0.02258	0.02770	0.01426	0.68696	0.01736	0.01268	0.01736	0.01086	0.01470	0.00831	0.00510	0.00754	0.00192	0.07716	0.00639	0.00277	0.00735
23	0.01078	0.01058	0.01858	0.01501	0.01707	0.01221	0.23183	0.01333	0.01002	0.01447	0.01136	0.01668	0.01014	0.02045	0.30940	0.00475	0.25876	0.00577	0.00275	0.00605
24	0.02485	0.00943	0.01285	0.00985	0.01414	0.00814	0.00814	0.02699	0.01585	0.77465	0.02185	0.01885	0.01371	0.00685	0.00557	0.00171	0.00471	0.00557	0.00685	0.00943
25	0.01046	0.00984	0.01661	0.79205	0.03814	0.01230	0.01538	0.01415	0.01107	0.01415	0.00984	0.01477	0.00738	0.00554	0.00554	0.00185	0.00738	0.00492	0.00246	0.00615
26	0.00840	0.00665	0.00984	0.00955	0.01043	0.00809	0.00752	0.01029	0.00885	0.01291	0.01396	0.02064	0.01308	0.03785	0.69473	0.00815	0.10527	0.00581	0.00290	0.00507
27	0.00675	0.00482	0.00643	0.00771	0.00803	0.00450	0.00514	0.00771	0.01060	0.01414	0.03053	0.80175	0.03663	0.01735	0.00707	0.00225	0.00321	0.01574	0.00514	0.00450
28	0.00793	0.00588	0.00861	0.00861	0.00949	0.00676	0.00655	0.00970	0.00881	0.01264	0.01510	0.02325	0.01449	0.12033	0.70550	0.00854	0.01386	0.00615	0.00301	0.00478
29	0.00791	0.00593	0.00890	0.00890	0.00989	0.00692	0.00692	0.00989	0.00890	0.01286	0.01483	0.02176	0.01385	0.04154	0.78341	0.00890	0.01483	0.00593	0.00297	0.00494
30	0.00975	0.00731	0.00834	0.00787	0.00972	0.00737	0.00600	0.14576	0.01400	0.01850	0.03359	0.18280	0.30621	0.01755	0.14040	0.00308	0.00555	0.00980	0.06082	0.00559
31	0.84448	0.01071	0.00814	0.00728	0.01071	0.01242	0.00600	0.01628	0.00943	0.02485	0.00771	0.00900	0.00600	0.00514	0.00343	0.00171	0.00428	0.00300	0.00343	0.00600
32	0.01359	0.01302	0.01948	0.11923	0.41561	0.06433	0.07089	0.06389	0.03557	0.01845	0.01406	0.01667	0.05616	0.00587	0.00553	0.00168	0.00658	0.00544	0.04617	0.00779

[dist]
# distance from previous block
# <min> <max>
0	69

[block]
# block no. 6 follows, 43 sequences, length 27
# corresponding to MSA columns:
# 690-716
name=unknown_G
#
# <colnr> <probs for GDERKNQSTAVLIFYWHMCP>
#	G	D	E	R	K	N	Q	S	T	A	V	L	I	F	Y	W	H	M	C	P
0	0.00671	0.00553	0.00589	0.00598	0.00763	0.00472	0.00442	0.00820	0.01275	0.01568	0.13228	0.12925	0.61369	0.01407	0.00660	0.00190	0.00283	0.01192	0.00525	0.00472
1	0.00844	0.00736	0.01291	0.01151	0.01317	0.00720	0.17331	0.01048	0.01076	0.01465	0.02251	0.44235	0.02495	0.02015	0.18847	0.00372	0.00731	0.01138	0.00411	0.00527
2	0.02402	0.01075	0.01367	0.01048	0.01480	0.01010	0.00866	0.18456	0.01806	0.61396	0.01999	0.01764	0.01278	0.00681	0.00556	0.00170	0.00501	0.00544	0.00657	0.00942
3	0.01130	0.00653	0.00813	0.00735	0.00951	0.00577	0.00576	0.01341	0.01456	0.18852	0.32697	0.04138	0.27595	0.01142	0.00638	0.00182	0.00329	0.05007	0.00590	0.00598
4	0.01255	0.01361	0.02801	0.19740	0.10760	0.01354	0.50951	0.01686	0.01257	0.01697	0.01082	0.01477	0.00821	0.00489	0.00620	0.00184	0.00861	0.00601	0.00272	0.00731
5	0.00675	0.00482	0.00643	0.00771	0.00803	0.00450	0.00514	0.00771	0.01060	0.01414	0.03053	0.80175	0.03663	0.01735	0.00707	0.00225	0.00321	0.01574	0.00514	0.00450
6	0.01283	0.27656	0.50796	0.01354	0.02047	0.01556	0.01647	0.01761	0.01172	0.04620	0.00970	0.01108	0.00731	0.00516	0.00473	0.00157	0.00733	0.00379	0.00253	0.00789
7	0.00791	0.00593	0.00890	0.00890	0.00989	0.00692	0.00692	0.00989	0.00890	0.01286	0.01483	0.02176	0.01385	0.04154	0.78341	0.00890	0.01483	0.00593	0.00297	0.00494
8	0.09742	0.01499	0.01792	0.01361	0.01810	0.01631	0.10675	0.58723	0.02278	0.03172	0.01250	0.01311	0.00896	0.00625	0.00547	0.00169	0.00635	0.00500	0.00498	0.00884
9	0.01496	0.02095	0.42757	0.01599	0.09789	0.01244	0.01611	0.12510	0.01459	0.14394	0.01334	0.01570	0.00981	0.00616	0.00549	0.00176	0.00700	0.03900	0.00371	0.00848
10	0.02394	0.01089	0.01376	0.01055	0.01487	0.01031	0.00871	0.20156	0.01830	0.59662	0.01979	0.01751	0.01268	0.00681	0.00556	0.00170	0.00505	0.00543	0.00654	0.00942
11	0.00971	0.00818	0.01100	0.01003	0.01028	0.01033	0.00764	0.01070	0.00851	0.01252	0.01284	0.02303	0.01347	0.29941	0.18689	0.00484	0.32280	0.00623	0.02678	0.00483
12	0.02003	0.01620	0.01552	0.07467	0.01811	0.17721	0.01043	0.40101	0.04642	0.12474	0.01449	0.01466	0.02787	0.00660	0.00546	0.00165	0.00670	0.00496	0.00489	0.00839
13	0.01423	0.01272	0.02037	0.02695	0.52328	0.01303	0.05968	0.11252	0.01415	0.02038	0.01153	0.01439	0.00935	0.00545	0.00580	0.00165	0.03200	0.00506	0.08914	0.00832
14	0.00686	0.00511	0.00615	0.00692	0.00762	0.00466	0.00465	0.00782	0.01082	0.01392	0.03575	0.49891	0.23288	0.11934	0.00968	0.00255	0.00338	0.01364	0.00491	0.00440
15	0.01274	0.01152	0.01632	0.01360	0.01696	0.01234	0.17556	0.04159	0.42229	0.02107	0.04721	0.02674	0.03322	0.00827	0.00618	0.00196	0.00556	0.11421	0.00492	0.00774
16	0.01184	0.01280	0.02699	0.02004	0.02454	0.01203	0.58328	0.01581	0.01270	0.01714	0.01545	0.12706	0.01434	0.00734	0.00671	0.00198	0.00812	0.07163	0.00332	0.00685
17	0.02413	0.01057	0.01356	0.01040	0.01471	0.00984	0.00859	0.16376	0.01777	0.63517	0.02024	0.01780	0.01290	0.00682	0.00556	0.00170	0.00497	0.00546	0.00661	0.00942
18	0.00668	0.00507	0.00617	0.00704	0.00786	0.00455	0.00484	0.00779	0.01125	0.01440	0.03866	0.56381	0.26932	0.01629	0.00690	0.00213	0.00308	0.01446	0.00514	0.00455
19	0.01046	0.00984	0.01661	0.79205	0.03814	0.01230	0.01538	0.01415	0.01107	0.01415	0.00984	0.01477	0.00738	0.00554	0.00554	0.00185	0.00738	0.00492	0.00246	0.00615
20	0.01357	0.01302	0.02224	0.06532	0.74054	0.01312	0.01693	0.01688	0.01255	0.01793	0.01039	0.01375	0.00872	0.00496	0.00549	0.00165	0.00661	0.00493	0.00273	0.00866
21	0.02340	0.00975	0.01281	0.01004	0.01417	0.00888	0.00822	0.02731	0.11312	0.67653	0.02194	0.01909	0.01413	0.00694	0.00558	0.00174	0.00467	0.00566	0.00670	0.00934
22	0.01148	0.00984	0.01148	0.00820	0.01312	0.00738	0.00656	0.01395	0.01148	0.01805	0.00984	0.01148	0.00820	0.00410	0.00410	0.00082	0.00410	0.00328	0.00328	0.83922
23	0.01297	0.01465	0.03106	0.02243	0.02746	0.01431	0.67445	0.01728	0.01260	0.01728	0.01080	0.01465	0.00829	0.00519	0.00774	0.00192	0.09047	0.00636	0.00276	0.00732
24	0.01678	0.01838	0.01886	0.01546	0.01888	0.31376	0.17680	0.05918	0.18927	0.03404	0.01284	0.01412	0.00997	0.00629	0.00658	0.00173	0.07090	0.00508	0.00368	0.00739
25	0.01409	0.15793	0.01759	0.01540	0.19075	0.06667	0.01020	0.06347	0.10276	0.03778	0.02888	0.01600	0.05745	0.00592	0.00490	0.00141	0.00549	0.00480	0.00364	0.19489
26	0.20792	0.01402	0.03403	0.10181	0.14559	0.08351	0.19365	0.01767	0.05770	0.01869	0.01025	0.01295	0.00809	0.00557	0.00617	0.00179	0.06563	0.00481	0.00304	0.00709

[dist]
# distance from previous block
# <min> <max>
0	1

[block]
# block no. 7 follows, 43 sequences, length 8
# corresponding to MSA columns:
# 718-725
name=unknown_H
#
# <colnr> <probs for GDERKNQSTAVLIFYWHMCP>
#	G	D	E	R	K	N	Q	S	T	A	V	L	I	F	Y	W	H	M	C	P
0	0.14885	0.01090	0.01162	0.00980	0.01307	0.01170	0.00788	0.23184	0.15177	0.11708	0.09076	0.04800	0.08838	0.00830	0.00551	0.00178	0.00457	0.02518	0.00537	0.00764
1	0.12760	0.01056	0.01286	0.00999	0.01419	0.01013	0.00825	0.14196	0.01667	0.56147	0.01870	0.01672	0.01205	0.00661	0.00529	0.00171	0.00488	0.00515	0.00621	0.00899
2	0.01122	0.00811	0.01233	0.06858	0.21292	0.00815	0.00925	0.01309	0.01118	0.10038	0.01901	0.24448	0.01954	0.13591	0.09755	0.00323	0.00621	0.00869	0.00399	0.00618
3	0.60854	0.01383	0.01042	0.00909	0.01255	0.13661	0.00732	0.11004	0.01253	0.02431	0.00855	0.00970	0.00661	0.00542	0.00395	0.00166	0.00543	0.00334	0.00360	0.00650
4	0.00805	0.00537	0.00604	0.00604	0.00604	0.00537	0.00336	0.00805	0.00805	0.01074	0.01745	0.03624	0.02013	0.80536	0.02819	0.00537	0.00537	0.00805	0.00336	0.00336
5	0.01631	0.01149	0.01866	0.16465	0.42109	0.01157	0.01417	0.01934	0.01326	0.23410	0.01359	0.01537	0.00993	0.00559	0.00552	0.00170	0.00619	0.00511	0.00387	0.00848
6	0.00686	0.00490	0.00652	0.00764	0.00806	0.00457	0.00515	0.00799	0.01111	0.01494	0.10416	0.72581	0.03819	0.01675	0.00702	0.00220	0.00315	0.01517	0.00524	0.00457
7	0.01832	0.01494	0.15872	0.01233	0.01705	0.01217	0.03550	0.23156	0.09197	0.25849	0.01751	0.04370	0.01298	0.00724	0.00569	0.00179	0.00585	0.04028	0.00523	0.00869

[dist]
# distance from previous block
# <min> <max>
0	130

[block]
# block no. 8 follows, 43 sequences, length 52
# corresponding to MSA columns:
# 856-907
name=unknown_I
#
# <colnr> <probs for GDERKNQSTAVLIFYWHMCP>
#	G	D	E	R	K	N	Q	S	T	A	V	L	I	F	Y	W	H	M	C	P
0	0.02027	0.00937	0.01205	0.00962	0.01323	0.00874	0.00780	0.08790	0.06940	0.50292	0.17304	0.02307	0.02141	0.00779	0.00577	0.00173	0.00438	0.00647	0.00650	0.00852
1	0.01267	0.01117	0.01551	0.01303	0.01619	0.01201	0.15796	0.02310	0.45523	0.04046	0.02167	0.15971	0.01865	0.00869	0.00607	0.00194	0.00518	0.00800	0.00501	0.00776
2	0.01371	0.01316	0.02248	0.03399	0.77081	0.01316	0.01700	0.01700	0.01261	0.01809	0.01042	0.01371	0.00877	0.00493	0.00548	0.00164	0.00658	0.00493	0.00274	0.00877
3	0.00937	0.00722	0.01050	0.01336	0.14635	0.00718	0.00883	0.01136	0.01154	0.01540	0.02366	0.12995	0.02588	0.17325	0.01135	0.00292	0.00521	0.37700	0.00433	0.00534
4	0.01833	0.04964	0.22758	0.01196	0.01716	0.01214	0.01197	0.17353	0.06644	0.28991	0.01601	0.01549	0.01091	0.00630	0.00531	0.00168	0.00589	0.00495	0.04606	0.00872
5	0.00679	0.00562	0.00595	0.00587	0.00763	0.00478	0.00440	0.00842	0.01320	0.01633	0.19100	0.05104	0.63282	0.01351	0.00654	0.00185	0.00277	0.01137	0.00532	0.00478
6	0.00720	0.00564	0.00652	0.00630	0.00788	0.00495	0.00472	0.00922	0.01417	0.01864	0.41724	0.04725	0.40514	0.01265	0.00654	0.00181	0.00271	0.01084	0.00563	0.00495
7	0.00784	0.00566	0.00740	0.00697	0.00827	0.00523	0.00523	0.01045	0.01568	0.02221	0.76789	0.04137	0.05226	0.01132	0.00653	0.00174	0.00261	0.01002	0.00610	0.00523
8	0.11263	0.02123	0.39951	0.01553	0.02188	0.04350	0.16425	0.04597	0.01282	0.09510	0.01120	0.01274	0.00794	0.00536	0.00533	0.00175	0.00760	0.00462	0.00316	0.00788
